0 1554 1333 1619 2739 2721 2733 2235 2218
1 1555 1339 1618 2743 2725 2733 2236 2224
2 1552 1339 1615 2741 2723 2738 2241 2230
3 1561 1333 1620 2747 2725 2732 2236 2217
4 1559 1333 1614 2734 2717 2737 2235 2219
5 1558 1339 1617 2740 2729 2732 2236 2219
6 1548 1334 1616 2736 2720 2732 2240 2221
7 1558 1341 1615 2740 2728 2733 2238 2233
8 1552 1340 1615 2740 2720 2734 2236 2216
9 1554 1336 1618 2745 2718 2733 2236 2218
10 1554 1340 1615 2747 2716 2731 2236 2219
11 1555 1333 1607 2746 2721 2737 2241 2223
12 1553 1342 1613 2735 2723 2731 2236 2230
13 1554 1336 1615 2748 2715 2732 2237 2214
14 1557 1340 1616 2744 2719 2735 2238 2219
15 1556 1339 1619 2742 2726 2733 2234 2217
16 1550 1338 1618 2743 2724 2736 2243 2223
17 1553 1337 1612 2739 2727 2739 2232 2229
18 1553 1338 1616 2738 2719 2727 2237 2215
19 1556 1337 1609 2733 2727 2738 2236 2222
20 1553 1340 1619 2741 2729 2734 2235 2215
21 1556 1340 1617 2740 2718 2732 2237 2222
22 1559 1338 1619 2747 2727 2735 2236 2235
23 1548 1341 1611 2740 2726 2735 2235 2214
24 1557 1338 1616 2741 2722 2731 2236 2223
25 1555 1343 1610 2745 2716 2733 2236 2213
26 1556 1337 1615 2738 2721 2735 2237 2223
27 1560 1340 1621 2745 2719 2730 2231 2228
28 1562 1337 1613 2737 2725 2732 2236 2215
29 1551 1329 1616 2741 2720 2733 2237 2222
30 1556 1339 1615 2741 2721 2730 2241 2215
31 1558 1329 1612 2740 2721 2739 2235 2223
32 1555 1337 1617 2735 2716 2734 2233 2232
33 1557 1340 1620 2744 2726 2739 2236 2216
34 1564 1337 1619 2743 2723 2731 2239 2221
35 1561 1340 1618 2742 2719 2733 2238 2218
36 1549 1340 1617 2746 2720 2737 2235 2226
37 1559 1333 1611 2738 2724 2734 2235 2228
38 1554 1340 1614 2746 2729 2712 2212 2186
39 1558 1336 1614 2744 2727 2730 2234 2217
40 1556 1334 1616 2738 2720 2737 2234 2218
41 1547 1337 1612 2746 2727 2737 2235 2226
42 1555 1339 1617 2743 2721 2733 2232 2227
43 1556 1337 1613 2746 2724 2731 2236 2215
44 1556 1340 1619 2745 2720 2736 2241 2224
45 1555 1339 1610 2747 2723 2729 2231 2216
46 1547 1332 1617 2737 2721 2731 2239 2226
47 1563 1337 1615 2744 2722 2732 2231 2228
48 1562 1338 1621 2744 2727 2731 2240 2214
49 1559 1339 1613 2739 2720 2740 2235 2221
50 1554 1339 1614 2745 2720 2732 2233 2216
51 1552 1331 1614 2747 2722 2732 2237 2224
52 1548 1336 1618 2733 2719 2739 2233 2228
53 1558 1334 1618 2740 2729 2725 2241 2212
54 1554 1333 1617 2747 2728 2737 2234 2222
55 1552 1336 1613 2739 2722 2737 2233 2212
56 1544 1331 1617 2742 2726 2737 2237 2225
57 1557 1337 1618 2740 2727 2730 2237 2227
58 1557 1338 1618 2737 2725 2735 2239 2215
59 1557 1338 1613 2739 2722 2740 2235 2224
60 1559 1337 1615 2740 2726 2732 2235 2218
61 1556 1341 1612 2741 2723 2733 2237 2226
62 1553 1333 1619 2743 2721 2737 2238 2226
63 1553 1341 1614 2738 2720 2734 2235 2213
64 1562 1336 1613 2739 2723 2731 2239 2223
65 1560 1337 1614 2747 2725 2731 2234 2215
66 1556 1335 1619 2745 2721 2736 2238 2227
67 1554 1340 1608 2738 2722 2739 2237 2227
68 1551 1338 1618 2745 2726 2742 2236 2218
69 1556 1338 1617 2738 2724 2734 2236 2222
70 1551 1342 1618 2718 2701 2709 2203 2190
71 1553 1341 1621 2743 2717 2733 2241 2226
72 1549 1337 1615 2745 2717 2699 2233 2229
73 1554 1342 1617 2747 2727 2729 2237 2217
74 1560 1340 1616 2742 2724 2736 2235 2221
75 1553 1334 1611 2742 2722 2731 2235 2216
76 1557 1337 1616 2739 2719 2737 2244 2227
77 1559 1339 1609 2748 2727 2733 2233 2227
78 1553 1341 1617 2746 2723 2734 2237 2216
79 1559 1336 1615 2737 2722 2737 2233 2223
80 1561 1337 1618 2749 2727 2741 2242 2219
81 1557 1337 1614 2740 2720 2735 2240 2228
82 1558 1339 1611 2740 2721 2732 2235 2229
83 1558 1337 1616 2745 2718 2733 2240 2215
84 1560 1339 1615 2740 2722 2724 2234 2222
85 1558 1336 1613 2747 2715 2733 2243 2217
86 1556 1339 1620 2739 2721 2737 2234 2227
87 1553 1340 1614 2743 2724 2736 2236 2229
88 1561 1338 1615 2741 2723 2732 2236 2216
89 1561 1341 1618 2738 2723 2738 2236 2210
90 1561 1339 1613 2741 2720 2738 2239 2216
91 1551 1339 1610 2746 2725 2728 2230 2223
92 1555 1341 1614 2743 2720 2729 2236 2227
93 1560 1337 1614 2744 2721 2732 2236 2214
94 1552 1341 1607 2744 2722 2726 2241 2221
95 1559 1336 1615 2737 2723 2736 2239 2218
96 1557 1340 1618 2738 2720 2730 2232 2225
97 1556 1332 1612 2748 2717 2734 2237 2230
98 1551 1342 1609 2740 2727 2729 2233 2211
99 1561 1340 1613 2746 2722 2733 2241 2223
100 1551 1335 1616 2739 2719 2736 2237 2219
101 1557 1333 1613 2743 2719 2741 2236 2228
102 1558 1335 1613 2739 2721 2732 2234 2228
103 1554 1341 1613 2744 2715 2732 2237 2214
104 1558 1339 1611 2740 2718 2731 2239 2223
105 1560 1338 1617 2742 2724 2735 2230 2214
106 1562 1341 1618 2740 2720 2737 2237 2228
107 1550 1341 1616 2734 2716 2737 2234 2229
108 1554 1341 1613 2734 2719 2733 2238 2212
109 1553 1337 1617 2741 2720 2733 2234 2225
110 1557 1340 1619 2744 2724 2734 2232 2214
111 1554 1332 1608 2741 2721 2732 2235 2229
112 1556 1335 1617 2748 2719 2736 2239 2228
113 1558 1330 1617 2737 2725 2731 2241 2215
114 1558 1338 1614 2743 2718 2731 2233 2219
115 1567 1337 1605 2747 2716 2735 2237 2218
116 1557 1339 1615 2737 2722 2735 2237 2230
117 1556 1338 1615 2740 2728 2730 2236 2221
118 1556 1336 1611 2747 2719 2731 2236 2215
119 1552 1336 1615 2740 2721 2730 2236 2226
120 1556 1340 1621 2741 2720 2733 2235 2218
121 1556 1334 1618 2742 2729 2739 2239 2228
122 1551 1339 1617 2742 2718 2728 2238 2222
123 1558 1340 1618 2738 2727 2731 2234 2216
124 1550 1339 1606 2746 2725 2726 2238 2226
125 1554 1336 1614 2742 2724 2732 2233 2214
126 1547 1337 1613 2737 2719 2736 2237 2230
127 1561 1333 1616 2745 2721 2738 2239 2226
128 1555 1338 1617 2745 2721 2735 2232 2214
129 1549 1341 1619 2737 2717 2731 2237 2224
130 1556 1342 1614 2741 2725 2737 2234 2213
131 1554 1340 1614 2745 2722 2737 2241 2232
132 1555 1335 1613 2746 2725 2741 2235 2226
133 1556 1341 1617 2739 2723 2740 2234 2216
134 1557 1338 1619 2742 2722 2734 2237 2225
135 1564 1338 1607 2743 2717 2736 2234 2215
136 1552 1341 1610 2743 2718 2734 2241 2231
137 1552 1339 1615 2744 2721 2729 2229 2221
138 1553 1340 1609 2744 2722 2737 2237 2215
139 1557 1338 1604 2746 2725 2730 2237 2224
140 1558 1336 1614 2745 2725 2735 2235 2214
141 1552 1338 1608 2742 2725 2730 2236 2230
142 1553 1338 1610 2741 2721 2732 2236 2225
143 1556 1334 1609 2743 2731 2728 2236 2214
144 1557 1334 1610 2735 2712 2729 2235 2221
145 1559 1339 1619 2744 2724 2734 2241 2213
146 1564 1337 1618 2741 2724 2732 2235 2230
147 1557 1336 1616 2741 2723 2727 2232 2222
148 1550 1332 1614 2746 2719 2734 2234 2216
149 1552 1339 1618 2743 2725 2735 2240 2225
150 1563 1339 1608 2747 2717 2731 2239 2214
151 1559 1331 1616 2742 2724 2734 2235 2229
152 1557 1335 1616 2743 2714 2738 2239 2225
153 1556 1335 1611 2739 2720 2727 2233 2212
154 1553 1336 1614 2738 2725 2729 2242 2224
155 1557 1339 1615 2743 2718 2732 2233 2214
156 1552 1337 1615 2740 2720 2727 2234 2228
157 1553 1341 1616 2746 2730 2731 2238 2222
158 1553 1340 1611 2736 2724 2737 2235 2212
159 1553 1341 1616 2739 2720 2737 2242 2223
160 1558 1337 1619 2745 2715 2731 2235 2217
161 1563 1340 1617 2737 2721 2739 2236 2229
162 1557 1335 1616 2747 2721 2733 2234 2221
163 1559 1339 1610 2742 2723 2737 2241 2215
164 1560 1338 1605 2740 2718 2735 2236 2222
165 1558 1332 1618 2740 2720 2736 2236 2217
166 1555 1340 1616 2736 2721 2735 2239 2230
167 1555 1339 1616 2732 2720 2734 2236 2221
168 1559 1338 1616 2732 2723 2734 2243 2218
169 1557 1338 1612 2740 2723 2736 2234 2222
170 1560 1338 1620 2738 2722 2736 2237 2218
171 1557 1339 1618 2740 2720 2740 2233 2230
172 1559 1340 1612 2744 2724 2736 2236 2221
173 1554 1338 1612 2745 2724 2733 2239 2216
174 1557 1336 1617 2743 2721 2727 2234 2224
175 1549 1338 1615 2737 2722 2731 2237 2219
176 1560 1341 1619 2742 2725 2736 2236 2231
177 1559 1341 1617 2744 2727 2737 2238 2222
178 1556 1337 1608 2739 2718 2733 2237 2217
179 1559 1336 1614 2741 2720 2735 2232 2223
180 1557 1342 1616 2748 2728 2738 2234 2218
181 1554 1339 1612 2748 2715 2736 2234 2228
182 1550 1336 1615 2737 2725 2738 2241 2221
183 1557 1338 1614 2735 2719 2732 2234 2217
184 1555 1340 1618 2739 2724 2732 2234 2222
185 1554 1337 1611 2742 2721 2735 2235 2219
186 1557 1332 1616 2745 2722 2732 2240 2234
187 1559 1339 1609 2737 2718 2729 2236 2220
188 1555 1341 1618 2738 2726 2734 2237 2218
189 1561 1334 1611 2739 2723 2737 2235 2222
190 1558 1331 1613 2738 2720 2730 2236 2219
191 1555 1338 1610 2745 2731 2731 2242 2231
192 1560 1341 1613 2745 2722 2738 2233 2221
193 1553 1337 1613 2744 2721 2734 2235 2217
194 1559 1328 1615 2737 2721 2735 2236 2221
195 1556 1341 1618 2740 2727 2732 2236 2216
196 1555 1338 1607 2740 2721 2737 2239 2232
197 1554 1337 1618 2738 2723 2730 2236 2218
198 1558 1338 1618 2742 2725 2736 2237 2216
199 1551 1339 1613 2744 2721 2733 2234 2223
200 1563 1340 1611 2743 2727 2740 2240 2213
201 1556 1336 1613 2743 2723 2736 2235 2231
202 1553 1340 1619 2742 2722 2737 2235 2220
203 1557 1333 1617 2741 2718 2732 2231 2213
204 1556 1335 1619 2739 2723 2733 2237 2223
205 1556 1339 1612 2743 2727 2732 2243 2217
206 1553 1336 1614 2743 2723 2733 2232 2231
207 1555 1333 1618 2737 2721 2731 2238 2218
208 1551 1333 1617 2739 2721 2728 2236 2218
209 1553 1341 1609 2738 2732 2736 2236 2220
210 1551 1341 1616 2737 2717 2734 2238 2220
211 1554 1338 1617 2739 2724 2729 2234 2233
212 1559 1338 1619 2741 2729 2737 2238 2220
213 1558 1341 1611 2740 2722 2734 2237 2216
214 1556 1343 1612 2749 2722 2733 2238 2220
215 1550 1342 1615 2741 2717 2737 2235 2219
216 1555 1339 1612 2747 2720 2737 2237 2234
217 1552 1332 1613 2745 2719 2728 2235 2216
218 1547 1338 1613 2746 2719 2735 2240 2218
219 1558 1339 1611 2741 2724 2733 2240 2219
220 1549 1338 1613 2743 2730 2727 2236 2220
221 1558 1336 1613 2736 2721 2738 2235 2231
222 1556 1340 1615 2746 2717 2731 2236 2218
223 1561 1338 1615 2743 2719 2734 2240 2217
224 1549 1329 1614 2740 2724 2728 2237 2223
225 1552 1339 1613 2739 2725 2732 2236 2220
226 1555 1339 1617 2740 2721 2736 2235 2233
227 1551 1339 1614 2745 2721 2729 2236 2218
228 1547 1336 1617 2739 2730 2737 2239 2218
229 1556 1333 1615 2742 2726 2732 2233 2223
230 1553 1343 1619 2746 2727 2734 2238 2222
231 1550 1339 1608 2744 2722 2729 2232 2232
232 1556 1335 1614 2745 2727 2736 2239 2218
233 1553 1338 1612 2747 2720 2729 2235 2215
234 1552 1340 1616 2739 2719 2729 2233 2222
235 1558 1338 1616 2742 2722 2729 2237 2219
236 1555 1338 1616 2746 2726 2740 2236 2235
237 1560 1337 1619 2738 2728 2729 2243 2220
238 1558 1339 1615 2745 2718 2734 2234 2218
239 1561 1335 1612 2739 2728 2732 2237 2222
240 1555 1339 1616 2731 2721 2729 2238 2221
241 1551 1337 1611 2738 2723 2736 2236 2235
242 1553 1339 1610 2748 2725 2733 2241 2218
243 1557 1336 1615 2737 2724 2734 2232 2217
244 1552 1337 1608 2737 2727 2737 2236 2221
245 1557 1333 1617 2739 2720 2736 2235 2221
246 1549 1341 1617 2740 2727 2734 2241 2233
247 1560 1338 1615 2747 2722 2731 2238 2219
248 1556 1336 1617 2746 2726 2740 2234 2218
249 1558 1338 1620 2736 2726 2733 2239 2224
250 1557 1339 1617 2746 2727 2736 2237 2219
251 1554 1338 1617 2744 2715 2730 2238 2231
252 1556 1339 1620 2734 2723 2735 2235 2217
253 1555 1340 1616 2738 2723 2741 2238 2220
254 1551 1340 1613 2744 2726 2741 2235 2220
255 1549 1338 1613 2741 2722 2736 2241 2221
256 1559 1337 1620 2749 2722 2737 2242 2232
257 1553 1337 1615 2740 2727 2731 2232 2214
258 1553 1339 1614 2737 2724 2738 2236 2220
259 1557 1337 1613 2741 2723 2747 2235 2220
260 1558 1341 1611 2737 2719 2737 2241 2220
261 1552 1335 1614 2740 2727 2743 2235 2234
262 1555 1338 1615 2745 2723 2741 2236 2216
263 1552 1342 1614 2744 2722 2744 2236 2217
264 1556 1343 1616 2735 2728 2743 2237 2223
265 1556 1338 1612 2738 2723 2752 2238 2219
266 1557 1343 1614 2741 2719 2743 2235 2233
267 1557 1335 1610 2746 2729 2748 2234 2212
268 1559 1331 1614 2742 2726 2753 2235 2218
269 1556 1343 1614 2738 2731 2752 2241 2219
270 1560 1341 1618 2739 2722 2755 2234 2217
271 1555 1338 1613 2741 2727 2750 2235 2233
272 1555 1336 1614 2736 2732 2757 2235 2213
273 1554 1338 1611 2741 2727 2760 2237 2220
274 1557 1340 1613 2737 2722 2761 2241 2221
275 1552 1341 1614 2744 2723 2762 2233 2219
276 1558 1339 1620 2744 2730 2764 2237 2235
277 1551 1339 1614 2746 2726 2765 2236 2218
278 1558 1339 1617 2738 2724 2768 2239 2221
279 1559 1338 1619 2740 2727 2764 2238 2222
280 1560 1339 1614 2737 2720 2776 2229 2217
281 1557 1335 1618 2741 2719 2773 2236 2234
282 1552 1335 1615 2737 2723 2777 2234 2215
283 1560 1339 1608 2733 2724 2780 2239 2220
284 1558 1341 1611 2733 2727 2778 2235 2223
285 1558 1340 1605 2737 2723 2785 2232 2220
286 1557 1337 1616 2733 2724 2795 2235 2236
287 1559 1332 1619 2738 2721 2796 2234 2211
288 1558 1337 1617 2736 2715 2801 2237 2219
289 1558 1337 1616 2740 2725 2797 2233 2221
290 1560 1339 1614 2737 2724 2804 2235 2221
291 1561 1341 1618 2738 2718 2808 2233 2233
292 1560 1342 1620 2737 2725 2817 2238 2216
293 1553 1341 1611 2737 2739 2826 2234 2220
294 1552 1337 1618 2755 2738 2835 2237 2223
295 1551 1337 1612 2748 2725 2847 2235 2226
296 1547 1338 1615 2755 2728 2840 2231 2233
297 1554 1339 1608 2744 2737 2845 2236 2222
298 1555 1330 1614 2741 2728 2846 2228 2221
299 1552 1336 1616 2746 2739 2850 2226 2212
300 1543 1338 1618 2745 2750 2850 2232 2218
301 1552 1339 1611 2748 2740 2858 2244 2241
302 1553 1332 1608 2754 2743 2845 2240 2221
303 1553 1335 1611 2740 2751 2854 2221 2212
304 1549 1338 1609 2726 2759 2858 2224 2221
305 1553 1333 1614 2740 2746 2872 2226 2234
306 1551 1336 1613 2763 2743 2853 2229 2247
307 1549 1329 1617 2758 2747 2863 2228 2223
308 1557 1339 1618 2742 2751 2878 2224 2224
309 1554 1335 1616 2746 2750 2879 2226 2226
310 1555 1338 1612 2753 2753 2894 2233 2232
311 1549 1338 1620 2732 2776 2920 2235 2240
312 1550 1338 1615 2739 2764 2954 2228 2234
313 1542 1328 1617 2763 2771 3005 2229 2247
314 1556 1334 1620 2762 2768 3043 2221 2238
315 1547 1333 1616 2742 2775 3053 2233 2240
316 1544 1326 1614 2757 2761 3029 2230 2267
317 1541 1327 1606 2743 2788 2996 2223 2261
318 1540 1329 1628 2740 2751 2990 2224 2235
319 1528 1326 1620 2748 2798 2956 2235 2255
320 1508 1332 1619 2772 2761 2977 2273 2341
321 1513 1329 1622 2741 2798 2965 2273 2356
322 1540 1341 1611 2742 2763 2941 2253 2241
323 1559 1341 1600 2778 2766 2920 2217 2209
324 1553 1329 1612 2743 2753 2921 2212 2244
325 1548 1304 1617 2758 2766 2914 2203 2259
326 1541 1294 1619 2718 2760 2934 2158 2286
327 1530 1290 1617 2736 2773 2910 2168 2299
328 1529 1297 1609 2730 2768 2893 2162 2327
329 1532 1298 1616 2728 2742 2892 2163 2320
330 1531 1301 1619 2736 2748 2879 2194 2351
331 1514 1298 1625 2768 2763 2881 2207 2398
332 1525 1304 1618 2740 2738 2858 2187 2372
333 1519 1315 1600 2756 2726 2837 2168 2390
334 1525 1317 1581 2736 2748 2862 2158 2402
335 1529 1313 1578 2743 2741 2827 2130 2337
336 1548 1325 1603 2741 2730 2811 2117 2271
337 1554 1332 1611 2759 2737 2811 2128 2266
338 1569 1341 1621 2736 2752 2824 2164 2280
339 1582 1332 1635 2736 2739 2811 2187 2207
340 1581 1325 1629 2742 2733 2804 2182 2161
341 1586 1330 1620 2740 2741 2808 2175 2185
342 1577 1325 1621 2741 2731 2796 2200 2201
343 1576 1334 1617 2751 2726 2785 2234 2220
344 1579 1341 1605 2734 2730 2791 2214 2242
345 1578 1330 1602 2742 2737 2791 2195 2198
346 1596 1325 1609 2738 2735 2785 2174 2144
347 1585 1330 1624 2740 2718 2789 2186 2156
348 1572 1341 1629 2745 2726 2795 2217 2234
349 1560 1342 1624 2737 2725 2779 2214 2283
350 1551 1341 1614 2734 2720 2783 2201 2297
351 1545 1345 1596 2742 2727 2782 2166 2292
352 1545 1347 1609 2742 2718 2783 2147 2277
353 1554 1352 1605 2736 2718 2786 2152 2285
354 1553 1349 1606 2730 2725 2784 2171 2283
355 1567 1351 1621 2750 2717 2785 2187 2300
356 1569 1344 1624 2741 2713 2786 2197 2320
357 1569 1345 1626 2737 2737 2788 2197 2310
358 1571 1337 1628 2735 2721 2786 2177 2335
359 1581 1333 1617 2740 2720 2783 2189 2275
360 1583 1357 1622 2751 2726 2789 2223 2286
361 1581 1352 1626 2738 2714 2789 2203 2323
362 1584 1353 1619 2737 2715 2776 2183 2239
363 1590 1375 1626 2741 2714 2789 2205 2218
364 1587 1392 1640 2732 2713 2791 2264 2222
365 1595 1397 1645 2747 2713 2789 2264 2244
366 1587 1367 1632 2738 2721 2796 2205 2192
367 1578 1352 1621 2755 2719 2782 2185 2123
368 1573 1358 1623 2747 2714 2782 2240 2200
369 1557 1352 1621 2747 2724 2797 2264 2273
370 1562 1345 1619 2744 2712 2789 2243 2232
371 1559 1332 1613 2744 2727 2790 2201 2190
372 1557 1328 1612 2738 2741 2803 2175 2212
373 1542 1322 1619 2735 2720 2795 2181 2262
374 1542 1311 1626 2744 2728 2788 2203 2252
375 1534 1311 1626 2750 2731 2790 2227 2257
376 1529 1306 1635 2730 2729 2808 2240 2277
377 1542 1315 1631 2749 2725 2807 2231 2264
378 1547 1311 1624 2755 2722 2798 2200 2246
379 1549 1315 1615 2745 2730 2801 2197 2224
380 1539 1312 1616 2741 2726 2810 2206 2254
381 1540 1313 1613 2742 2745 2811 2197 2276
382 1541 1308 1612 2746 2738 2801 2201 2264
383 1539 1310 1620 2747 2728 2801 2197 2270
384 1545 1311 1627 2740 2740 2819 2206 2263
385 1542 1312 1626 2739 2741 2815 2216 2270
386 1549 1318 1628 2748 2732 2807 2218 2261
387 1551 1318 1622 2754 2735 2808 2217 2236
388 1557 1320 1623 2741 2738 2820 2208 2241
389 1555 1316 1620 2742 2746 2820 2203 2226
390 1556 1319 1618 2749 2729 2815 2197 2246
391 1549 1323 1626 2735 2735 2816 2212 2265
392 1554 1330 1627 2746 2747 2823 2218 2256
393 1556 1339 1624 2738 2737 2818 2216 2257
394 1555 1343 1624 2734 2735 2808 2197 2243
395 1552 1344 1617 2740 2730 2806 2173 2255
396 1557 1343 1620 2739 2728 2813 2176 2257
397 1559 1343 1618 2747 2731 2816 2176 2258
398 1560 1340 1619 2748 2730 2829 2189 2288
399 1559 1341 1610 2752 2725 2803 2187 2289
400 1562 1344 1625 2737 2740 2828 2209 2303
401 1578 1355 1630 2752 2746 2814 2245 2297
402 1585 1370 1637 2735 2739 2804 2284 2263
403 1594 1374 1636 2738 2728 2808 2239 2256
404 1598 1354 1625 2751 2740 2817 2139 2215
405 1584 1321 1604 2738 2735 2814 2102 2224
406 1579 1331 1619 2735 2742 2818 2175 2229
407 1578 1347 1607 2748 2736 2817 2237 2294
408 1581 1342 1611 2746 2742 2804 2222 2303
409 1594 1335 1611 2747 2731 2812 2136 2233
410 1591 1317 1616 2743 2740 2825 2101 2169
411 1575 1310 1622 2751 2744 2818 2144 2197
412 1569 1322 1632 2740 2743 2823 2245 2262
413 1559 1303 1633 2744 2735 2815 2270 2262
414 1558 1299 1636 2746 2738 2822 2224 2186
415 1559 1317 1624 2744 2734 2810 2195 2178
416 1538 1314 1615 2746 2717 2816 2190 2221
417 1535 1298 1613 2743 2736 2829 2179 2233
418 1534 1286 1607 2751 2724 2815 2159 2229
419 1529 1283 1602 2743 2744 2834 2169 2247
420 1534 1278 1615 2746 2735 2831 2167 2323
421 1536 1277 1616 2744 2708 2819 2162 2338
422 1541 1275 1622 2740 2729 2838 2138 2299
423 1552 1283 1622 2754 2735 2817 2146 2291
424 1546 1290 1615 2735 2741 2829 2167 2297
425 1546 1305 1629 2735 2731 2836 2182 2320
426 1553 1319 1627 2743 2738 2828 2192 2284
427 1569 1332 1631 2741 2738 2835 2186 2245
428 1575 1342 1631 2738 2732 2835 2192 2232
429 1579 1356 1637 2738 2749 2832 2190 2226
430 1583 1353 1639 2733 2735 2844 2184 2218
431 1586 1343 1627 2749 2736 2841 2159 2184
432 1575 1343 1615 2736 2743 2836 2141 2180
433 1587 1340 1621 2742 2744 2844 2151 2213
434 1583 1337 1622 2739 2729 2843 2162 2239
435 1594 1336 1630 2738 2740 2829 2179 2259
436 1591 1335 1627 2735 2758 2857 2170 2233
437 1598 1336 1631 2752 2741 2852 2173 2207
438 1588 1344 1630 2751 2739 2829 2169 2213
439 1582 1350 1636 2737 2745 2849 2189 2214
440 1585 1349 1633 2736 2751 2857 2211 2229
441 1577 1351 1637 2759 2734 2843 2191 2222
442 1562 1343 1633 2754 2747 2861 2197 2210
443 1557 1346 1625 2738 2734 2865 2177 2228
444 1561 1338 1633 2751 2742 2867 2170 2227
445 1552 1339 1630 2744 2752 2863 2176 2242
446 1557 1335 1630 2741 2743 2867 2174 2237
447 1550 1330 1628 2731 2744 2872 2181 2224
448 1545 1327 1632 2761 2749 2865 2164 2241
449 1545 1324 1623 2765 2733 2855 2155 2255
450 1548 1313 1618 2754 2736 2861 2142 2292
451 1548 1306 1622 2751 2753 2862 2139 2285
452 1548 1305 1640 2740 2742 2876 2171 2236
453 1550 1313 1637 2750 2756 2886 2202 2218
454 1534 1316 1633 2743 2763 2876 2180 2227
455 1535 1315 1633 2754 2751 2885 2154 2289
456 1526 1298 1623 2753 2741 2877 2137 2320
457 1529 1294 1641 2747 2741 2887 2161 2313
458 1526 1289 1641 2741 2753 2887 2195 2308
459 1535 1288 1630 2749 2728 2873 2173 2301
460 1528 1297 1617 2757 2742 2894 2142 2303
461 1532 1303 1610 2749 2763 2896 2114 2281
462 1528 1318 1612 2757 2732 2846 2115 2280
463 1526 1335 1626 2747 2714 2868 2158 2264
464 1532 1343 1629 2745 2760 2869 2175 2265
465 1530 1347 1637 2746 2725 2856 2150 2297
466 1553 1336 1636 2742 2750 2882 2109 2293
467 1574 1306 1634 2759 2749 2869 2099 2258
468 1589 1290 1641 2737 2750 2874 2127 2224
469 1584 1297 1639 2753 2743 2867 2170 2236
470 1587 1310 1643 2763 2721 2826 2196 2305
471 1581 1317 1626 2754 2755 2861 2176 2357
472 1579 1332 1638 2740 2745 2881 2149 2353
473 1578 1328 1625 2743 2745 2839 2122 2352
474 1588 1339 1620 2724 2774 2876 2131 2339
475 1591 1341 1617 2728 2750 2879 2133 2342
476 1595 1343 1624 2727 2752 2845 2137 2320
477 1599 1352 1627 2749 2737 2835 2129 2310
478 1601 1363 1637 2740 2757 2844 2157 2316
479 1611 1376 1647 2731 2735 2824 2188 2304
480 1620 1376 1645 2741 2705 2817 2192 2299
481 1628 1401 1655 2755 2736 2836 2202 2270
482 1621 1402 1665 2728 2727 2827 2204 2214
483 1648 1409 1618 2752 2731 2811 2138 2221
484 1651 1416 1615 2751 2730 2810 2122 2135
485 1665 1420 1678 2749 2722 2812 2266 2071
486 1643 1408 1724 2744 2734 2803 2376 2182
487 1620 1412 1694 2739 2729 2803 2368 2270
488 1628 1416 1649 2734 2739 2812 2241 2268
489 1612 1395 1609 2734 2728 2797 2127 2113
490 1604 1399 1605 2740 2736 2779 2072 2063
491 1580 1415 1615 2734 2729 2777 2125 2132
492 1561 1419 1633 2740 2728 2765 2209 2229
493 1558 1416 1652 2752 2717 2761 2273 2211
494 1567 1392 1649 2739 2728 2771 2217 2186
495 1571 1369 1650 2746 2724 2773 2189 2192
496 1582 1350 1657 2740 2726 2759 2204 2210
497 1595 1336 1658 2737 2728 2766 2254 2210
498 1620 1324 1652 2732 2729 2768 2290 2166
499 1618 1322 1650 2744 2723 2761 2277 2133
500 1614 1332 1645 2740 2720 2755 2253 2164
501 1603 1340 1645 2742 2729 2760 2247 2172
502 1597 1339 1645 2740 2726 2757 2262 2188
503 1582 1346 1643 2742 2719 2762 2254 2191
504 1588 1345 1637 2744 2725 2760 2252 2187
505 1581 1339 1628 2736 2725 2758 2241 2183
506 1585 1335 1636 2738 2724 2765 2236 2143
507 1580 1332 1640 2736 2720 2762 2222 2132
508 1569 1330 1645 2736 2726 2755 2219 2146
509 1557 1331 1654 2740 2721 2753 2239 2165
510 1552 1328 1658 2739 2725 2762 2254 2182
511 1553 1325 1643 2741 2724 2763 2266 2141
512 1542 1322 1636 2743 2726 2758 2251 2135
513 1543 1325 1633 2740 2721 2760 2251 2143
514 1543 1321 1643 2743 2724 2760 2244 2144
515 1547 1314 1637 2743 2724 2756 2243 2167
516 1542 1307 1637 2743 2725 2757 2251 2164
517 1542 1310 1646 2746 2726 2762 2258 2195
518 1544 1304 1650 2736 2725 2755 2270 2223
519 1543 1316 1654 2744 2721 2754 2275 2213
520 1548 1321 1652 2743 2721 2754 2280 2238
521 1551 1335 1643 2736 2716 2761 2272 2227
522 1561 1342 1645 2742 2718 2755 2262 2221
523 1563 1349 1648 2734 2719 2753 2267 2211
524 1566 1349 1639 2742 2716 2754 2264 2208
525 1569 1358 1648 2741 2726 2753 2272 2232
526 1577 1368 1649 2736 2717 2752 2269 2214
527 1576 1362 1645 2743 2724 2749 2278 2214
528 1584 1369 1651 2744 2718 2750 2274 2210
529 1582 1366 1637 2737 2720 2760 2266 2204
530 1585 1366 1650 2735 2723 2753 2265 2216
531 1576 1362 1648 2734 2722 2752 2274 2197
532 1583 1364 1642 2742 2719 2750 2284 2203
533 1580 1359 1642 2738 2721 2751 2278 2212
534 1578 1353 1639 2740 2723 2759 2266 2211
535 1573 1343 1632 2739 2717 2748 2257 2230
536 1573 1334 1641 2737 2722 2758 2264 2223
537 1561 1325 1644 2743 2725 2752 2263 2229
538 1568 1324 1639 2734 2720 2757 2269 2235
539 1566 1319 1644 2744 2721 2762 2267 2241
540 1565 1314 1645 2734 2727 2764 2280 2240
541 1568 1323 1640 2739 2726 2750 2294 2210
542 1556 1323 1643 2744 2730 2754 2274 2219
543 1558 1327 1639 2743 2719 2759 2277 2225
544 1555 1317 1634 2740 2730 2762 2270 2211
545 1564 1319 1637 2730 2721 2753 2265 2221
546 1553 1317 1637 2740 2729 2754 2274 2211
547 1563 1317 1641 2742 2728 2750 2276 2220
548 1569 1315 1641 2746 2721 2762 2298 2213
549 1566 1317 1641 2739 2721 2756 2287 2213
550 1562 1320 1636 2744 2718 2751 2272 2239
551 1565 1319 1633 2733 2726 2753 2271 2227
552 1567 1331 1638 2742 2717 2746 2282 2230
553 1569 1333 1642 2743 2723 2757 2302 2237
554 1573 1335 1635 2744 2723 2758 2294 2240
555 1575 1341 1637 2735 2721 2750 2288 2249
556 1570 1343 1632 2743 2719 2755 2269 2222
557 1566 1348 1637 2743 2722 2749 2270 2224
558 1568 1350 1638 2745 2721 2754 2276 2238
559 1576 1352 1645 2739 2717 2757 2287 2239
560 1582 1352 1650 2742 2723 2753 2289 2248
561 1579 1349 1639 2732 2721 2757 2278 2225
562 1582 1354 1638 2742 2714 2748 2271 2223
563 1571 1351 1640 2740 2720 2750 2278 2241
564 1579 1349 1634 2734 2717 2749 2296 2223
565 1582 1344 1643 2743 2722 2754 2281 2238
566 1570 1354 1643 2742 2722 2752 2249 2311
567 1569 1347 1633 2740 2721 2747 2220 2293
568 1597 1344 1627 2744 2721 2752 2230 2111
569 1598 1336 1626 2738 2730 2748 2267 2037
570 1582 1341 1626 2747 2727 2747 2272 2153
571 1573 1333 1649 2736 2719 2750 2280 2214
572 1570 1325 1655 2738 2724 2750 2274 2170
573 1572 1318 1648 2738 2723 2754 2285 2119
574 1574 1318 1646 2742 2718 2750 2286 2138
575 1567 1317 1642 2746 2725 2749 2284 2181
576 1571 1318 1638 2744 2719 2752 2288 2158
577 1574 1313 1633 2735 2722 2750 2280 2149
578 1565 1322 1634 2743 2721 2747 2270 2165
579 1565 1322 1629 2739 2726 2744 2263 2200
580 1569 1331 1635 2734 2723 2745 2263 2227
581 1576 1340 1635 2740 2727 2737 2268 2199
582 1573 1346 1633 2745 2723 2753 2274 2183
583 1578 1345 1643 2733 2726 2739 2273 2170
584 1579 1351 1636 2738 2722 2746 2269 2171
585 1577 1353 1642 2748 2720 2743 2272 2187
586 1579 1351 1647 2740 2721 2743 2277 2171
587 1586 1354 1644 2739 2724 2748 2286 2174
588 1588 1354 1642 2746 2718 2739 2276 2174
589 1585 1355 1635 2740 2716 2745 2277 2173
590 1589 1354 1635 2744 2727 2740 2266 2182
591 1585 1347 1637 2734 2723 2736 2262 2176
592 1594 1341 1632 2738 2725 2743 2256 2182
593 1592 1338 1630 2744 2720 2742 2262 2168
594 1594 1347 1642 2741 2716 2732 2283 2167
595 1587 1350 1634 2738 2722 2736 2295 2176
596 1581 1355 1639 2736 2716 2715 2311 2141
597 1584 1370 1641 2738 2713 2736 2330 2117
598 1591 1376 1644 2734 2715 2730 2355 2122
599 1596 1378 1652 2732 2719 2719 2350 2144
600 1594 1371 1637 2736 2716 2729 2315 2165
601 1600 1370 1635 2739 2718 2726 2274 2121
602 1607 1368 1627 2734 2711 2727 2250 2089
603 1606 1365 1624 2741 2716 2717 2276 2072
604 1609 1372 1630 2737 2707 2722 2306 2079
605 1603 1372 1638 2739 2705 2719 2323 2096
606 1602 1381 1649 2737 2714 2707 2333 2076
607 1585 1370 1653 2737 2696 2718 2330 2080
608 1590 1372 1656 2734 2701 2700 2345 2077
609 1588 1357 1647 2732 2703 2710 2337 2086
610 1579 1346 1641 2726 2698 2714 2331 2098
611 1571 1341 1638 2740 2699 2696 2317 2090
612 1555 1343 1635 2724 2693 2699 2309 2130
613 1546 1330 1631 2726 2685 2700 2309 2168
614 1540 1332 1634 2731 2682 2686 2302 2197
615 1535 1325 1623 2739 2682 2689 2299 2212
616 1525 1319 1630 2734 2674 2675 2307 2212
617 1530 1315 1635 2728 2664 2685 2321 2238
618 1528 1310 1638 2737 2672 2679 2325 2244
619 1536 1306 1650 2729 2660 2673 2332 2172
620 1541 1304 1664 2725 2653 2671 2334 2258
621 1523 1324 1675 2725 2649 2672 2346 2470
622 1524 1309 1632 2722 2660 2674 2303 2388
623 1569 1315 1588 2725 2645 2651 2264 2124
624 1581 1320 1576 2721 2641 2647 2268 2028
625 1570 1337 1599 2713 2669 2648 2270 2193
626 1560 1340 1621 2705 2643 2622 2287 2233
627 1569 1337 1639 2719 2624 2638 2305 2125
628 1563 1335 1646 2713 2624 2646 2336 2091
629 1547 1337 1660 2715 2622 2616 2349 2147
630 1549 1338 1656 2728 2624 2637 2338 2168
631 1549 1323 1643 2721 2639 2636 2300 2102
632 1541 1312 1626 2698 2618 2623 2258 2096
633 1537 1316 1598 2729 2641 2627 2267 2155
634 1543 1304 1605 2713 2653 2608 2305 2195
635 1549 1304 1629 2706 2618 2628 2339 2228
636 1539 1290 1635 2716 2623 2623 2299 2264
637 1544 1288 1638 2720 2627 2633 2267 2250
638 1552 1300 1633 2720 2621 2634 2279 2220
639 1556 1308 1633 2717 2628 2624 2291 2232
640 1553 1320 1634 2729 2613 2613 2307 2258
641 1557 1325 1627 2714 2611 2625 2293 2230
642 1565 1341 1628 2711 2619 2608 2276 2221
643 1566 1348 1626 2720 2606 2594 2263 2213
644 1570 1343 1621 2719 2607 2608 2264 2192
645 1569 1336 1625 2709 2603 2587 2278 2193
646 1564 1332 1625 2709 2598 2595 2266 2195
647 1559 1324 1628 2703 2595 2595 2261 2198
648 1555 1315 1622 2722 2580 2597 2260 2186
649 1550 1317 1631 2718 2588 2583 2262 2209
650 1537 1314 1618 2709 2562 2575 2267 2209
651 1539 1311 1625 2722 2579 2566 2260 2184
652 1542 1306 1624 2701 2591 2578 2247 2220
653 1542 1303 1628 2709 2577 2548 2248 2209
654 1555 1305 1634 2710 2565 2559 2275 2185
655 1559 1305 1636 2709 2580 2558 2294 2199
656 1551 1314 1647 2708 2567 2560 2300 2223
657 1558 1322 1634 2698 2560 2546 2286 2241
658 1557 1323 1623 2708 2570 2563 2265 2211
659 1555 1335 1614 2698 2572 2548 2253 2209
660 1555 1333 1608 2704 2574 2556 2244 2209
661 1555 1339 1611 2723 2576 2549 2245 2203
662 1556 1343 1620 2721 2575 2541 2243 2213
663 1554 1343 1619 2718 2565 2574 2254 2211
664 1557 1339 1637 2719 2572 2566 2261 2226
665 1557 1340 1636 2711 2592 2545 2267 2221
666 1562 1339 1626 2702 2586 2557 2272 2208
667 1561 1338 1624 2694 2561 2561 2271 2227
668 1570 1330 1623 2705 2571 2580 2258 2224
669 1574 1331 1626 2711 2583 2565 2244 2232
670 1577 1321 1623 2719 2580 2568 2242 2233
671 1574 1334 1619 2713 2584 2573 2242 2212
672 1564 1339 1629 2715 2575 2576 2252 2228
673 1565 1342 1618 2710 2610 2578 2256 2221
674 1568 1342 1628 2697 2598 2596 2254 2224
675 1565 1348 1623 2722 2578 2571 2265 2219
676 1573 1347 1629 2718 2588 2590 2262 2203
677 1573 1343 1629 2715 2586 2589 2261 2216
678 1569 1335 1623 2713 2597 2569 2252 2205
679 1573 1328 1624 2697 2610 2597 2242 2212
680 1565 1323 1625 2710 2589 2576 2236 2222
681 1565 1323 1629 2703 2586 2576 2240 2208
682 1553 1331 1623 2708 2579 2589 2246 2213
683 1560 1335 1627 2717 2583 2564 2256 2206
684 1544 1327 1632 2716 2590 2571 2260 2213
685 1550 1326 1628 2709 2581 2569 2257 2212
686 1555 1329 1633 2715 2593 2591 2261 2203
687 1547 1324 1627 2713 2582 2584 2258 2215
688 1551 1321 1637 2710 2578 2569 2263 2216
689 1546 1317 1630 2712 2592 2581 2260 2226
690 1547 1315 1623 2722 2579 2564 2254 2223
691 1551 1328 1629 2711 2580 2553 2253 2216
692 1543 1324 1623 2715 2560 2572 2243 2233
693 1546 1329 1620 2708 2583 2580 2253 2225
694 1549 1324 1622 2716 2573 2572 2246 2245
695 1540 1326 1617 2716 2578 2574 2242 2255
696 1567 1324 1617 2712 2594 2573 2243 2244
697 1569 1325 1617 2704 2587 2571 2235 2249
698 1565 1322 1615 2721 2597 2581 2236 2233
699 1571 1325 1622 2718 2587 2596 2227 2234
700 1577 1335 1613 2721 2596 2592 2238 2229
701 1575 1338 1628 2718 2588 2588 2235 2209
702 1577 1346 1631 2714 2603 2592 2251 2213
703 1576 1339 1630 2719 2594 2582 2253 2186
704 1579 1348 1636 2712 2594 2610 2254 2186
705 1583 1347 1634 2712 2609 2600 2255 2176
706 1571 1342 1627 2714 2593 2587 2248 2162
707 1556 1342 1627 2707 2600 2589 2252 2179
708 1567 1332 1618 2707 2611 2601 2239 2180
709 1565 1333 1620 2714 2611 2597 2244 2208
710 1556 1330 1620 2716 2593 2574 2241 2215
711 1551 1328 1620 2719 2589 2573 2249 2211
712 1552 1335 1626 2706 2583 2592 2250 2224
713 1552 1334 1628 2707 2570 2573 2242 2209
714 1549 1337 1629 2704 2600 2573 2244 2228
715 1549 1336 1632 2715 2586 2558 2237 2232
716 1560 1330 1630 2705 2590 2569 2250 2232
717 1563 1329 1627 2710 2579 2564 2240 2244
718 1553 1325 1629 2711 2572 2590 2228 2232
719 1562 1323 1622 2716 2584 2596 2215 2236
720 1553 1332 1613 2719 2597 2610 2220 2223
721 1556 1339 1619 2718 2616 2590 2242 2215
722 1564 1343 1621 2713 2628 2620 2246 2215
723 1570 1340 1625 2723 2626 2621 2251 2188
724 1571 1339 1620 2726 2634 2636 2247 2184
725 1565 1326 1622 2711 2642 2641 2256 2187
726 1567 1328 1624 2726 2627 2632 2258 2193
727 1562 1320 1625 2719 2639 2634 2253 2209
728 1562 1322 1627 2722 2640 2645 2250 2210
729 1564 1324 1620 2732 2643 2652 2239 2224
730 1561 1327 1623 2721 2647 2645 2242 2225
731 1554 1330 1618 2721 2651 2659 2237 2224
732 1554 1335 1621 2726 2646 2651 2235 2230
733 1555 1339 1617 2731 2653 2654 2234 2219
734 1552 1339 1622 2722 2656 2644 2244 2233
735 1560 1342 1621 2728 2648 2650 2246 2227
736 1558 1340 1625 2732 2652 2660 2245 2213
737 1565 1343 1619 2728 2654 2663 2248 2209
738 1563 1344 1624 2732 2652 2668 2244 2200
739 1563 1338 1626 2732 2663 2665 2252 2215
740 1570 1341 1626 2721 2663 2661 2251 2201
741 1569 1345 1622 2727 2657 2657 2251 2187
742 1570 1342 1616 2726 2659 2672 2252 2197
743 1569 1341 1623 2729 2647 2640 2227 2161
744 1569 1336 1617 2729 2650 2667 2252 2199
745 1567 1339 1617 2727 2659 2657 2243 2193
746 1559 1344 1621 2725 2659 2648 2246 2187
747 1560 1338 1623 2733 2656 2655 2249 2201
748 1559 1335 1631 2731 2644 2671 2254 2195
749 1563 1338 1635 2733 2658 2657 2249 2231
750 1554 1339 1625 2729 2650 2656 2246 2214
751 1556 1341 1624 2727 2659 2653 2247 2200
752 1553 1343 1622 2720 2648 2655 2251 2205
753 1550 1345 1616 2724 2660 2658 2250 2204
754 1559 1340 1628 2734 2662 2661 2243 2225
755 1561 1332 1629 2727 2658 2660 2242 2206
756 1560 1334 1624 2730 2656 2662 2250 2216
757 1557 1333 1622 2724 2664 2665 2253 2242
758 1562 1323 1619 2729 2651 2666 2229 2240
759 1566 1318 1620 2726 2657 2664 2246 2214
760 1571 1327 1628 2725 2649 2657 2280 2231
761 1554 1331 1627 2722 2649 2659 2272 2285
762 1559 1341 1614 2726 2648 2655 2265 2235
763 1557 1348 1619 2729 2648 2652 2236 2186
764 1546 1346 1626 2718 2642 2666 2242 2221
765 1555 1349 1630 2717 2654 2652 2270 2225
766 1560 1345 1632 2728 2641 2646 2273 2201
767 1567 1338 1629 2726 2656 2643 2256 2190
768 1561 1340 1622 2731 2643 2649 2230 2181
769 1561 1336 1621 2730 2650 2648 2237 2193
770 1555 1335 1620 2721 2659 2645 2246 2189
771 1553 1326 1613 2723 2643 2641 2254 2190
772 1550 1332 1617 2732 2647 2643 2258 2207
773 1553 1333 1622 2721 2638 2639 2254 2202
774 1551 1332 1622 2715 2633 2631 2254 2220
775 1553 1329 1618 2719 2636 2611 2231 2177
776 1546 1335 1623 2702 2618 2617 2259 2191
777 1557 1336 1621 2725 2631 2628 2243 2203
778 1556 1337 1619 2723 2609 2607 2245 2205
779 1556 1337 1625 2725 2609 2605 2244 2217
780 1556 1338 1620 2716 2611 2587 2251 2212
781 1555 1340 1619 2699 2582 2584 2255 2209
782 1557 1341 1614 2714 2580 2576 2249 2207
783 1559 1342 1627 2711 2591 2616 2259 2195
784 1549 1350 1631 2722 2654 2666 2257 2195
785 1556 1353 1629 2726 2676 2678 2262 2183
786 1552 1351 1621 2728 2668 2681 2243 2182
787 1541 1342 1621 2729 2677 2690 2223 2197
788 1533 1324 1624 2744 2696 2711 2226 2206
789 1526 1317 1619 2742 2706 2718 2236 2267
790 1521 1315 1623 2744 2704 2722 2239 2302
791 1523 1313 1600 2741 2718 2722 2217 2292
792 1526 1311 1607 2743 2720 2727 2211 2281
793 1543 1301 1616 2745 2715 2730 2221 2297
794 1554 1295 1620 2747 2722 2725 2232 2318
795 1558 1298 1622 2745 2717 2723 2222 2284
796 1559 1306 1621 2744 2722 2730 2228 2249
797 1573 1313 1618 2738 2718 2724 2234 2236
798 1586 1321 1623 2746 2720 2727 2237 2215
799 1581 1321 1622 2747 2717 2730 2245 2224
800 1579 1338 1625 2740 2721 2735 2239 2200
801 1579 1339 1619 2741 2724 2726 2235 2182
802 1574 1341 1624 2741 2729 2736 2239 2193
803 1562 1342 1620 2739 2721 2733 2248 2208
804 1560 1344 1625 2734 2721 2730 2249 2232
805 1552 1346 1613 2745 2727 2734 2239 2218
806 1555 1351 1622 2746 2726 2730 2232 2215
807 1553 1349 1619 2745 2719 2733 2227 2227
808 1556 1348 1621 2750 2724 2732 2232 2230
809 1553 1347 1614 2749 2729 2739 2225 2252
810 1557 1345 1618 2742 2723 2734 2226 2239
811 1557 1347 1620 2743 2726 2732 2227 2235
812 1562 1350 1616 2741 2725 2734 2225 2241
813 1562 1351 1626 2748 2723 2734 2232 2235
814 1561 1351 1620 2739 2718 2726 2225 2242
815 1567 1348 1625 2733 2722 2733 2233 2222
816 1573 1346 1627 2739 2728 2733 2231 2211
817 1565 1347 1624 2745 2723 2735 2240 2217
818 1570 1338 1629 2740 2724 2733 2243 2213
819 1563 1335 1627 2745 2717 2733 2238 2226
820 1571 1333 1628 2742 2727 2737 2243 2210
821 1566 1331 1617 2736 2723 2732 2237 2210
822 1561 1333 1618 2744 2722 2733 2243 2215
823 1560 1330 1621 2739 2722 2734 2236 2215
824 1557 1325 1618 2743 2718 2731 2234 2231
825 1555 1325 1624 2747 2721 2732 2235 2222
826 1555 1331 1610 2745 2725 2732 2235 2221
827 1560 1321 1620 2739 2723 2732 2239 2228
828 1561 1328 1623 2743 2724 2727 2228 2223
829 1555 1329 1620 2743 2725 2728 2236 2241
830 1552 1325 1620 2737 2719 2742 2232 2227
831 1558 1332 1621 2736 2723 2738 2236 2224
832 1550 1332 1620 2743 2717 2734 2235 2230
833 1564 1332 1617 2742 2723 2737 2231 2223
834 1561 1333 1622 2743 2726 2736 2236 2237
835 1560 1335 1626 2739 2725 2732 2235 2219
836 1559 1338 1619 2741 2720 2739 2242 2221
837 1561 1337 1615 2737 2730 2730 2230 2219
838 1564 1340 1622 2742 2724 2735 2235 2219
839 1557 1341 1621 2751 2719 2737 2235 2235
840 1567 1342 1616 2743 2721 2737 2237 2214
841 1565 1337 1625 2749 2724 2735 2239 2218
842 1565 1341 1619 2741 2728 2737 2235 2217
843 1561 1343 1614 2746 2725 2741 2235 2219
844 1561 1341 1627 2746 2723 2733 2236 2232
845 1564 1337 1621 2746 2729 2739 2240 2215
846 1563 1339 1625 2743 2719 2736 2235 2220
847 1557 1337 1621 2746 2724 2732 2240 2223
848 1556 1341 1620 2739 2718 2741 2236 2221
849 1561 1342 1627 2741 2718 2737 2240 2235
850 1561 1341 1618 2743 2724 2737 2241 2219
851 1559 1341 1611 2737 2724 2734 2237 2222
852 1557 1334 1625 2744 2730 2731 2234 2220
853 1561 1341 1621 2745 2719 2739 2237 2223
854 1561 1336 1620 2749 2722 2740 2241 2236
855 1563 1337 1626 2737 2726 2741 2240 2219
856 1561 1338 1623 2743 2723 2735 2237 2223
857 1560 1336 1621 2746 2727 2734 2236 2219
858 1558 1339 1624 2739 2727 2740 2238 2223
859 1557 1331 1619 2737 2729 2744 2240 2233
860 1559 1333 1620 2749 2719 2734 2237 2217
861 1564 1339 1628 2737 2724 2731 2238 2216
862 1560 1337 1623 2747 2723 2737 2238 2222
863 1553 1332 1618 2741 2716 2740 2243 2221
864 1561 1339 1616 2746 2724 2737 2237 2229
865 1555 1340 1625 2740 2722 2735 2236 2216
866 1558 1337 1622 2739 2726 2738 2239 2217
867 1558 1333 1625 2746 2730 2742 2235 2219
868 1562 1334 1621 2743 2719 2731 2242 2221
869 1555 1335 1626 2744 2726 2737 2235 2230
870 1556 1332 1621 2736 2726 2736 2237 2216
871 1557 1335 1625 2745 2717 2738 2240 2220
872 1557 1336 1620 2737 2718 2733 2238 2218
873 1557 1337 1620 2736 2728 2731 2242 2223
874 1562 1340 1624 2742 2723 2737 2235 2231
875 1558 1331 1619 2741 2728 2732 2238 2216
876 1557 1336 1622 2743 2724 2739 2238 2220
877 1561 1328 1615 2746 2726 2741 2240 2219
878 1557 1337 1619 2744 2719 2735 2239 2224
879 1555 1338 1622 2742 2729 2736 2234 2231
880 1549 1334 1618 2739 2726 2737 2239 2217
881 1563 1333 1626 2737 2722 2737 2237 2216
882 1558 1337 1613 2748 2719 2735 2243 2218
883 1561 1338 1620 2733 2719 2735 2235 2224
884 1565 1336 1617 2748 2721 2733 2236 2230
885 1557 1336 1622 2739 2727 2738 2239 2214
886 1565 1339 1616 2748 2719 2741 2239 2216
887 1559 1336 1623 2740 2721 2741 2241 2218
888 1556 1337 1621 2739 2723 2730 2236 2222
889 1561 1332 1621 2741 2727 2740 2236 2229
890 1555 1340 1623 2739 2728 2732 2236 2214
891 1561 1333 1621 2742 2729 2736 2241 2214
892 1562 1337 1615 2744 2725 2735 2237 2217
893 1558 1339 1623 2744 2719 2740 2237 2218
894 1565 1337 1622 2745 2718 2746 2237 2231
895 1566 1332 1614 2748 2727 2738 2241 2215
896 1559 1335 1619 2739 2721 2738 2243 2218
897 1558 1339 1623 2742 2720 2740 2237 2218
898 1569 1333 1614 2738 2722 2735 2235 2217
899 1560 1335 1619 2741 2723 2734 2235 2231
900 1562 1336 1617 2745 2718 2735 2243 2214
901 1563 1335 1620 2738 2722 2738 2239 2221
902 1562 1339 1620 2740 2725 2735 2239 2218
903 1561 1338 1615 2743 2723 2740 2235 2218
904 1561 1339 1615 2744 2729 2736 2237 2232
905 1557 1336 1618 2743 2728 2737 2245 2215
906 1560 1340 1617 2741 2721 2736 2235 2219
907 1561 1331 1619 2736 2722 2737 2238 2219
908 1563 1333 1620 2743 2727 2736 2235 2222
909 1557 1339 1617 2748 2717 2732 2241 2232
910 1559 1339 1621 2742 2720 2738 2239 2213
911 1563 1339 1617 2736 2728 2740 2236 2221
912 1557 1337 1619 2745 2724 2738 2241 2220
913 1557 1337 1620 2743 2724 2737 2236 2219
914 1556 1338 1623 2737 2722 2736 2245 2231
915 1561 1341 1611 2744 2722 2733 2237 2211
916 1558 1339 1622 2740 2719 2737 2238 2221
917 1558 1333 1619 2745 2720 2735 2240 2218
918 1557 1340 1618 2742 2723 2734 2237 2221
919 1550 1336 1621 2743 2726 2740 2245 2232
920 1553 1342 1620 2747 2725 2738 2237 2214
921 1556 1336 1619 2742 2722 2734 2239 2223
922 1560 1338 1624 2747 2728 2738 2237 2219
923 1561 1336 1617 2739 2724 2732 2241 2222
924 1552 1338 1621 2746 2727 2731 2243 2232
925 1560 1337 1616 2738 2720 2738 2237 2212
926 1557 1332 1619 2738 2721 2733 2239 2222
927 1560 1340 1620 2743 2729 2734 2241 2219
928 1558 1335 1619 2739 2721 2730 2242 2223
929 1562 1341 1614 2746 2726 2737 2238 2233
930 1556 1338 1610 2741 2726 2735 2240 2216
931 1556 1336 1615 2742 2728 2740 2238 2221
932 1563 1336 1624 2744 2717 2734 2242 2218
933 1559 1335 1618 2739 2720 2742 2239 2223
934 1555 1341 1613 2744 2730 2741 2238 2232
935 1561 1337 1621 2735 2723 2737 2240 2212
936 1560 1339 1617 2740 2710 2736 2235 2221
937 1558 1334 1612 2747 2724 2744 2245 2219
938 1554 1340 1623 2745 2725 2731 2237 2223
939 1552 1336 1620 2744 2717 2735 2240 2230
940 1564 1338 1619 2744 2727 2734 2240 2214
941 1564 1341 1618 2746 2720 2733 2239 2222
942 1564 1328 1615 2739 2723 2739 2244 2219
943 1563 1339 1619 2737 2726 2737 2235 2223
944 1559 1341 1624 2743 2716 2738 2241 2230
945 1561 1335 1619 2741 2723 2736 2236 2210
946 1550 1338 1625 2746 2728 2739 2243 2222
947 1562 1336 1615 2743 2726 2734 2240 2213
948 1561 1339 1622 2743 2720 2735 2237 2224
949 1558 1336 1618 2736 2728 2740 2240 2230
950 1563 1340 1621 2737 2721 2739 2237 2211
951 1559 1337 1620 2744 2717 2735 2245 2221
952 1560 1337 1620 2744 2725 2734 2235 2211
953 1553 1334 1617 2735 2723 2732 2238 2223
954 1555 1337 1619 2746 2723 2738 2239 2229
955 1549 1338 1620 2741 2720 2738 2236 2209
956 1554 1333 1619 2740 2723 2738 2244 2222
957 1562 1337 1620 2736 2723 2745 2238 2216
958 1557 1339 1619 2745 2724 2739 2239 2224
959 1557 1339 1612 2742 2725 2730 2240 2230
960 1561 1337 1620 2747 2720 2745 2239 2212
961 1562 1338 1619 2741 2729 2729 2240 2221
962 1560 1331 1619 2735 2723 2737 2237 2216
963 1561 1333 1622 2740 2722 2730 2240 2224
964 1558 1338 1620 2740 2725 2736 2233 2223
965 1559 1335 1625 2734 2717 2739 2244 2212
966 1558 1332 1609 2745 2724 2738 2236 2218
967 1560 1340 1623 2739 2724 2737 2239 2212
968 1563 1337 1618 2741 2721 2736 2240 2226
969 1559 1341 1618 2738 2724 2734 2239 2226
970 1560 1337 1619 2740 2727 2735 2241 2214
971 1560 1336 1620 2739 2719 2740 2235 2218
972 1550 1337 1619 2746 2716 2740 2241 2214
973 1557 1340 1616 2747 2723 2738 2240 2225
974 1556 1336 1622 2736 2728 2739 2242 2225
975 1559 1337 1609 2746 2725 2739 2236 2213
976 1554 1334 1617 2743 2727 2735 2235 2221
977 1558 1338 1623 2746 2725 2736 2237 2215
978 1558 1340 1618 2742 2724 2734 2240 2225
979 1547 1336 1622 2738 2729 2740 2240 2225
980 1560 1340 1619 2741 2720 2737 2238 2214
981 1554 1340 1622 2733 2726 2738 2242 2222
982 1556 1341 1619 2746 2722 2734 2237 2214
983 1555 1341 1622 2741 2723 2735 2245 2226
984 1559 1338 1625 2737 2719 2742 2241 2227
985 1564 1339 1621 2737 2715 2734 2237 2210
986 1563 1334 1618 2742 2727 2730 2239 2222
987 1557 1334 1620 2747 2721 2738 2241 2216
988 1550 1340 1625 2742 2722 2733 2245 2225
989 1559 1337 1623 2741 2723 2739 2239 2226
990 1563 1338 1614 2746 2718 2739 2237 2210
991 1561 1338 1619 2741 2722 2732 2238 2223
992 1565 1337 1623 2740 2718 2738 2239 2211
993 1552 1335 1623 2745 2724 2740 2241 2229
994 1559 1340 1622 2740 2717 2738 2238 2223
995 1556 1336 1620 2737 2721 2738 2239 2213
996 1559 1339 1615 2737 2727 2731 2238 2223
997 1554 1334 1618 2738 2724 2739 2242 2210
998 1561 1336 1621 2744 2714 2737 2238 2226
999 1563 1332 1614 2739 2724 2743 2237 2222
1000 1564 1338 1622 2748 2719 2736 2239 2212
1001 1563 1338 1617 2743 2721 2742 2242 2221
1002 1560 1338 1619 2747 2718 2739 2244 2213
1003 1553 1334 1619 2736 2724 2737 2238 2227
1004 1558 1338 1613 2742 2729 2733 2241 2225
1005 1549 1340 1620 2738 2726 2742 2237 2212
1006 1560 1338 1620 2743 2722 2738 2244 2221
1007 1561 1334 1616 2739 2724 2735 2237 2210
1008 1555 1339 1623 2740 2719 2731 2235 2224
1009 1558 1336 1620 2744 2724 2732 2239 2226
1010 1555 1338 1622 2739 2727 2731 2236 2209
1011 1556 1337 1613 2739 2720 2724 2243 2220
1012 1555 1344 1615 2744 2727 2740 2237 2215
1013 1553 1339 1622 2742 2725 2739 2239 2224
1014 1560 1334 1621 2742 2729 2739 2236 2223
1015 1555 1337 1619 2740 2722 2738 2244 2213
1016 1558 1339 1617 2749 2724 2735 2241 2220
1017 1558 1342 1623 2733 2724 2741 2237 2216
1018 1562 1338 1620 2735 2721 2739 2235 2224
1019 1553 1336 1617 2737 2718 2734 2214 2194
1020 1553 1332 1621 2715 2704 2711 2224 2187
1021 1556 1338 1624 2736 2714 2717 2208 2189
1022 1558 1332 1615 2729 2728 2723 2214 2194
1023 1558 1339 1620 2735 2724 2720 2201 2204
