0 1558 1337 1614 2735 2720 2739 2231 2223
1 1554 1338 1619 2745 2726 2733 2237 2227
2 1554 1338 1619 2743 2717 2737 2237 2213
3 1549 1338 1615 2742 2725 2734 2232 2219
4 1550 1339 1617 2744 2725 2734 2238 2214
5 1554 1336 1617 2737 2717 2734 2239 2224
6 1560 1340 1617 2743 2724 2730 2245 2224
7 1553 1333 1615 2741 2725 2733 2235 2217
8 1551 1335 1611 2744 2723 2731 2239 2232
9 1551 1336 1606 2737 2726 2733 2230 2223
10 1558 1334 1612 2743 2725 2739 2237 2234
11 1556 1337 1616 2744 2714 2735 2235 2225
12 1560 1343 1617 2733 2725 2731 2231 2206
13 1562 1345 1611 2742 2724 2734 2231 2221
14 1561 1343 1620 2740 2727 2733 2236 2212
15 1554 1341 1619 2744 2718 2730 2242 2225
16 1566 1339 1613 2745 2719 2733 2236 2217
17 1556 1336 1617 2744 2723 2731 2233 2214
18 1560 1339 1615 2741 2720 2736 2230 2221
19 1555 1337 1615 2740 2724 2733 2233 2210
20 1561 1337 1616 2747 2718 2732 2231 2221
21 1567 1336 1617 2738 2720 2736 2233 2220
22 1565 1337 1620 2740 2723 2733 2234 2211
23 1567 1335 1617 2745 2716 2732 2233 2219
24 1566 1340 1622 2738 2719 2735 2238 2213
25 1549 1339 1610 2738 2723 2741 2235 2231
26 1555 1340 1613 2744 2723 2732 2230 2215
27 1557 1339 1616 2738 2719 2729 2234 2214
28 1554 1332 1611 2734 2726 2731 2229 2217
29 1557 1336 1610 2742 2725 2733 2239 2214
30 1556 1337 1616 2741 2727 2741 2235 2229
31 1557 1337 1621 2742 2719 2729 2228 2214
32 1550 1340 1620 2744 2723 2728 2235 2214
33 1556 1342 1618 2733 2724 2732 2237 2217
34 1558 1335 1620 2742 2723 2732 2236 2218
35 1563 1340 1615 2736 2722 2733 2231 2230
36 1561 1337 1616 2746 2718 2730 2236 2217
37 1564 1337 1616 2734 2723 2733 2236 2217
38 1558 1336 1610 2746 2723 2732 2241 2220
39 1555 1338 1615 2741 2720 2733 2231 2217
40 1565 1331 1620 2745 2724 2732 2237 2233
41 1557 1334 1607 2738 2726 2730 2232 2211
42 1551 1338 1615 2741 2721 2730 2240 2216
43 1560 1338 1619 2738 2720 2736 2235 2214
44 1566 1335 1620 2746 2717 2735 2232 2218
45 1549 1341 1616 2743 2726 2734 2234 2228
46 1550 1336 1613 2736 2722 2733 2234 2214
47 1558 1340 1609 2743 2724 2731 2236 2214
48 1560 1334 1614 2745 2724 2734 2231 2217
49 1559 1336 1615 2740 2719 2734 2232 2217
50 1560 1338 1611 2741 2729 2735 2235 2232
51 1556 1337 1609 2744 2726 2733 2233 2211
52 1559 1337 1610 2742 2728 2734 2235 2217
53 1561 1337 1620 2738 2723 2729 2233 2216
54 1558 1335 1615 2751 2724 2728 2234 2220
55 1559 1336 1617 2744 2726 2741 2235 2232
56 1547 1336 1612 2748 2720 2731 2239 2213
57 1558 1335 1620 2737 2719 2736 2235 2220
58 1562 1339 1620 2749 2727 2739 2231 2215
59 1561 1335 1615 2746 2722 2734 2234 2221
60 1559 1335 1609 2743 2719 2735 2232 2228
61 1551 1337 1617 2740 2719 2742 2238 2213
62 1549 1339 1613 2735 2721 2730 2228 2219
63 1567 1333 1617 2737 2720 2735 2233 2216
64 1555 1336 1615 2745 2721 2729 2230 2219
65 1560 1339 1617 2745 2721 2737 2238 2228
66 1558 1339 1615 2745 2719 2732 2236 2213
67 1552 1335 1617 2734 2717 2734 2232 2218
68 1554 1334 1612 2737 2725 2728 2235 2214
69 1554 1338 1609 2739 2718 2736 2231 2220
70 1558 1339 1621 2733 2718 2737 2239 2228
71 1552 1335 1621 2737 2727 2727 2231 2209
72 1557 1338 1616 2744 2722 2733 2235 2219
73 1553 1339 1616 2739 2719 2738 2233 2214
74 1552 1337 1614 2743 2717 2734 2235 2224
75 1551 1337 1616 2745 2717 2732 2236 2227
76 1555 1340 1619 2745 2724 2729 2229 2211
77 1565 1337 1617 2739 2718 2741 2235 2217
78 1555 1339 1608 2741 2723 2733 2235 2213
79 1561 1335 1616 2738 2719 2738 2236 2224
80 1568 1333 1619 2744 2724 2729 2233 2224
81 1563 1338 1616 2743 2727 2731 2234 2210
82 1557 1341 1614 2737 2719 2731 2233 2220
83 1551 1338 1615 2740 2719 2736 2239 2216
84 1565 1337 1617 2741 2725 2739 2237 2226
85 1557 1330 1622 2743 2719 2733 2235 2225
86 1557 1341 1616 2739 2721 2734 2233 2212
87 1561 1335 1613 2743 2727 2735 2234 2224
88 1555 1338 1614 2744 2727 2736 2236 2213
89 1560 1337 1608 2741 2724 2737 2233 2228
90 1558 1340 1615 2742 2729 2735 2231 2219
91 1560 1336 1617 2741 2718 2737 2235 2212
92 1561 1343 1620 2743 2719 2735 2233 2219
93 1557 1331 1615 2743 2721 2727 2238 2215
94 1557 1341 1616 2741 2717 2738 2229 2226
95 1557 1337 1607 2737 2721 2736 2236 2219
96 1553 1335 1618 2745 2724 2734 2230 2210
97 1562 1333 1618 2738 2720 2729 2240 2221
98 1555 1337 1616 2745 2722 2725 2233 2211
99 1558 1337 1615 2742 2721 2732 2233 2230
100 1561 1339 1621 2748 2725 2728 2231 2216
101 1561 1335 1616 2746 2727 2739 2235 2216
102 1556 1339 1614 2739 2721 2729 2239 2222
103 1554 1338 1618 2743 2722 2739 2232 2215
104 1555 1332 1618 2744 2721 2730 2237 2232
105 1557 1337 1615 2733 2717 2729 2231 2217
106 1565 1334 1615 2747 2720 2734 2240 2218
107 1557 1334 1616 2739 2725 2738 2235 2219
108 1557 1336 1617 2746 2725 2728 2235 2218
109 1553 1338 1617 2735 2722 2735 2231 2227
110 1560 1340 1618 2741 2723 2732 2235 2216
111 1570 1338 1613 2742 2717 2739 2234 2214
112 1564 1338 1619 2741 2720 2732 2234 2220
113 1559 1341 1613 2736 2722 2740 2235 2215
114 1562 1338 1614 2746 2727 2733 2234 2231
115 1558 1338 1615 2739 2723 2731 2239 2217
116 1554 1337 1619 2741 2717 2733 2236 2216
117 1553 1336 1612 2739 2731 2735 2233 2219
118 1556 1337 1614 2739 2717 2733 2233 2215
119 1554 1340 1618 2745 2729 2740 2234 2231
120 1552 1334 1618 2738 2724 2738 2239 2211
121 1565 1338 1617 2735 2720 2731 2231 2216
122 1562 1336 1615 2745 2725 2738 2231 2213
123 1560 1337 1613 2740 2721 2741 2233 2218
124 1555 1341 1616 2742 2725 2733 2238 2231
125 1555 1337 1618 2740 2723 2730 2236 2211
126 1563 1337 1621 2735 2727 2734 2233 2219
127 1556 1332 1615 2743 2720 2734 2234 2215
128 1561 1335 1617 2737 2722 2734 2234 2220
129 1561 1333 1615 2734 2717 2735 2234 2227
130 1555 1342 1617 2739 2721 2734 2234 2213
131 1555 1340 1614 2736 2724 2735 2231 2217
132 1563 1337 1614 2738 2727 2737 2233 2216
133 1562 1335 1615 2740 2716 2733 2237 2221
134 1561 1328 1608 2738 2717 2730 2238 2230
135 1550 1339 1611 2737 2724 2737 2232 2212
136 1560 1335 1616 2745 2725 2730 2235 2217
137 1560 1336 1608 2744 2720 2734 2234 2217
138 1553 1334 1608 2744 2725 2733 2238 2223
139 1553 1329 1618 2742 2719 2732 2235 2228
140 1557 1338 1618 2744 2718 2732 2232 2211
141 1548 1330 1617 2733 2718 2732 2234 2221
142 1558 1335 1608 2743 2721 2732 2231 2212
143 1559 1335 1618 2745 2727 2729 2239 2222
144 1558 1339 1615 2733 2723 2737 2230 2225
145 1557 1342 1614 2741 2724 2730 2234 2212
146 1563 1336 1616 2739 2722 2729 2231 2217
147 1563 1337 1610 2747 2726 2729 2237 2215
148 1560 1335 1608 2739 2719 2735 2235 2221
149 1566 1342 1615 2735 2721 2734 2233 2225
150 1553 1337 1616 2737 2715 2733 2235 2206
151 1562 1338 1617 2737 2727 2735 2235 2219
152 1556 1338 1615 2744 2725 2731 2239 2211
153 1560 1331 1609 2739 2720 2734 2231 2224
154 1559 1337 1619 2738 2720 2735 2235 2225
155 1552 1331 1610 2740 2715 2736 2232 2211
156 1565 1339 1617 2738 2723 2732 2238 2221
157 1561 1334 1614 2736 2724 2730 2234 2211
158 1557 1336 1607 2736 2721 2740 2232 2227
159 1558 1332 1611 2742 2726 2738 2232 2219
160 1549 1340 1609 2742 2726 2733 2234 2212
161 1558 1342 1621 2717 2709 2718 2207 2195
162 1557 1337 1617 2741 2716 2735 2233 2216
163 1557 1337 1607 2745 2722 2730 2233 2223
164 1560 1334 1620 2738 2722 2728 2234 2221
165 1557 1341 1614 2738 2718 2732 2234 2210
166 1553 1337 1615 2737 2722 2736 2238 2221
167 1560 1339 1618 2732 2717 2734 2234 2215
168 1558 1340 1617 2746 2720 2732 2235 2228
169 1554 1338 1613 2736 2721 2735 2235 2219
170 1554 1333 1616 2749 2724 2735 2234 2211
171 1552 1338 1616 2744 2720 2729 2235 2221
172 1555 1334 1616 2736 2720 2736 2231 2212
173 1549 1335 1613 2745 2723 2730 2233 2229
174 1560 1339 1616 2737 2724 2733 2231 2213
175 1562 1337 1615 2744 2725 2735 2239 2216
176 1557 1337 1617 2740 2734 2732 2234 2217
177 1562 1338 1613 2742 2725 2728 2236 2215
178 1563 1341 1610 2742 2718 2733 2232 2231
179 1558 1337 1615 2748 2727 2734 2236 2216
180 1557 1341 1615 2738 2722 2725 2225 2192
181 1554 1331 1618 2746 2724 2706 2227 2218
182 1551 1342 1615 2733 2724 2736 2235 2218
183 1556 1340 1609 2747 2721 2726 2232 2227
184 1554 1335 1616 2740 2718 2734 2235 2215
185 1554 1343 1621 2743 2730 2730 2233 2214
186 1555 1339 1615 2741 2719 2735 2235 2221
187 1560 1338 1613 2743 2720 2735 2235 2218
188 1560 1338 1618 2743 2722 2739 2238 2230
189 1561 1340 1614 2745 2722 2734 2238 2215
190 1561 1333 1618 2744 2720 2725 2231 2217
191 1554 1333 1607 2746 2719 2733 2237 2221
192 1555 1335 1618 2735 2722 2738 2232 2218
193 1558 1333 1617 2737 2725 2732 2241 2233
194 1557 1339 1621 2742 2724 2739 2230 2211
195 1555 1336 1616 2743 2719 2732 2233 2217
196 1557 1331 1616 2738 2719 2732 2235 2218
197 1556 1336 1615 2739 2728 2732 2234 2216
198 1559 1341 1619 2746 2717 2731 2239 2229
199 1563 1336 1618 2737 2719 2732 2232 2212
200 1546 1341 1617 2746 2719 2731 2236 2218
201 1559 1340 1616 2739 2724 2737 2233 2216
202 1559 1341 1619 2737 2731 2732 2243 2220
203 1556 1341 1620 2744 2714 2736 2232 2231
204 1558 1334 1616 2739 2717 2732 2234 2212
205 1555 1331 1613 2739 2723 2739 2233 2217
206 1560 1331 1610 2744 2724 2731 2237 2217
207 1557 1339 1614 2744 2723 2732 2237 2218
208 1556 1339 1618 2738 2722 2739 2230 2229
209 1554 1339 1616 2740 2728 2729 2233 2208
210 1560 1338 1618 2738 2721 2735 2233 2219
211 1564 1339 1612 2749 2726 2739 2240 2216
212 1560 1335 1619 2735 2715 2735 2232 2220
213 1557 1337 1613 2732 2720 2735 2234 2229
214 1557 1338 1616 2740 2721 2736 2233 2212
215 1564 1332 1617 2741 2721 2733 2234 2220
216 1562 1334 1618 2738 2721 2735 2236 2211
217 1561 1338 1616 2739 2721 2732 2233 2223
218 1560 1338 1618 2733 2721 2736 2237 2219
219 1558 1335 1615 2746 2723 2732 2235 2206
220 1558 1342 1609 2741 2722 2733 2240 2214
221 1560 1342 1613 2741 2722 2733 2237 2211
222 1555 1341 1610 2739 2717 2729 2235 2220
223 1553 1336 1608 2741 2722 2731 2234 2230
224 1554 1337 1616 2742 2729 2733 2235 2216
225 1558 1335 1610 2735 2717 2737 2238 2223
226 1558 1338 1615 2738 2723 2735 2226 2208
227 1560 1339 1611 2738 2722 2738 2235 2221
228 1568 1340 1617 2746 2725 2734 2233 2222
229 1570 1332 1618 2742 2725 2732 2240 2213
230 1562 1338 1614 2736 2728 2741 2237 2219
231 1554 1336 1618 2734 2719 2732 2231 2214
232 1563 1337 1617 2739 2725 2734 2236 2226
233 1561 1336 1611 2741 2726 2727 2232 2223
234 1559 1337 1604 2742 2717 2731 2241 2208
235 1562 1337 1617 2741 2723 2736 2234 2223
236 1556 1330 1606 2738 2721 2730 2235 2215
237 1550 1339 1613 2742 2720 2729 2233 2230
238 1553 1337 1610 2739 2722 2738 2233 2219
239 1562 1336 1619 2739 2718 2728 2237 2214
240 1562 1333 1610 2742 2727 2733 2234 2220
241 1563 1339 1614 2747 2724 2732 2236 2213
242 1564 1334 1615 2738 2721 2732 2229 2223
243 1565 1341 1616 2738 2718 2731 2239 2217
244 1566 1339 1617 2743 2724 2733 2233 2210
245 1563 1336 1608 2732 2721 2738 2233 2220
246 1559 1337 1612 2739 2723 2734 2232 2212
247 1550 1342 1619 2740 2726 2734 2236 2231
248 1554 1332 1614 2742 2724 2730 2236 2215
249 1556 1336 1606 2737 2720 2727 2230 2216
250 1553 1339 1619 2744 2718 2735 2231 2219
251 1561 1340 1611 2745 2722 2733 2232 2218
252 1555 1339 1618 2743 2726 2738 2240 2230
253 1559 1336 1617 2741 2725 2743 2236 2217
254 1550 1338 1614 2746 2721 2734 2231 2213
255 1559 1336 1617 2734 2717 2730 2236 2220
256 1564 1336 1616 2740 2722 2740 2237 2217
257 1551 1338 1614 2741 2726 2733 2238 2228
258 1563 1339 1620 2740 2727 2733 2231 2210
259 1559 1342 1624 2738 2725 2731 2235 2213
260 1561 1340 1616 2743 2717 2732 2229 2215
261 1564 1338 1609 2741 2726 2738 2237 2215
262 1559 1338 1610 2739 2722 2730 2239 2231
263 1554 1339 1616 2739 2725 2731 2232 2210
264 1556 1332 1610 2734 2724 2736 2236 2218
265 1548 1336 1606 2744 2717 2734 2230 2216
266 1557 1339 1618 2740 2721 2736 2238 2215
267 1547 1337 1616 2740 2718 2734 2234 2230
268 1555 1336 1618 2745 2719 2737 2232 2214
269 1553 1341 1617 2735 2727 2731 2233 2219
270 1553 1341 1618 2738 2721 2736 2234 2215
271 1557 1340 1611 2742 2729 2739 2238 2217
272 1558 1341 1617 2741 2727 2733 2231 2225
273 1562 1340 1620 2747 2726 2734 2237 2211
274 1558 1340 1613 2740 2721 2730 2232 2212
275 1557 1341 1617 2740 2729 2737 2237 2215
276 1557 1336 1616 2745 2722 2736 2235 2221
277 1552 1337 1616 2748 2723 2739 2233 2232
278 1553 1337 1616 2739 2714 2721 2233 2215
279 1554 1339 1613 2739 2719 2743 2232 2219
280 1552 1338 1616 2746 2717 2736 2239 2218
281 1557 1340 1612 2740 2721 2733 2231 2220
282 1561 1337 1615 2746 2724 2735 2240 2230
283 1560 1337 1619 2741 2715 2733 2231 2214
284 1558 1342 1620 2748 2725 2742 2240 2221
285 1549 1334 1615 2744 2727 2740 2231 2213
286 1557 1338 1613 2736 2727 2730 2231 2224
287 1553 1335 1616 2748 2722 2744 2229 2225
288 1559 1337 1608 2736 2726 2737 2233 2209
289 1558 1339 1620 2738 2721 2744 2239 2217
290 1558 1337 1607 2745 2719 2745 2230 2215
291 1557 1336 1620 2746 2728 2743 2234 2229
292 1557 1333 1618 2741 2726 2741 2231 2230
293 1553 1342 1615 2743 2727 2746 2237 2216
294 1549 1340 1611 2746 2726 2742 2232 2223
295 1557 1338 1617 2739 2726 2742 2227 2217
296 1561 1337 1619 2734 2725 2746 2228 2223
297 1557 1335 1613 2742 2727 2746 2230 2226
298 1556 1338 1618 2740 2730 2745 2235 2216
299 1561 1339 1621 2742 2719 2750 2230 2227
300 1556 1339 1615 2744 2725 2755 2230 2217
301 1557 1328 1612 2746 2734 2743 2227 2230
302 1558 1333 1619 2741 2729 2748 2229 2225
303 1559 1334 1616 2745 2729 2753 2228 2217
304 1559 1334 1613 2747 2732 2755 2220 2225
305 1564 1331 1608 2741 2725 2756 2223 2221
306 1553 1329 1610 2736 2723 2753 2217 2234
307 1559 1331 1614 2737 2728 2759 2226 2240
308 1555 1332 1616 2741 2725 2755 2217 2230
309 1561 1331 1617 2744 2724 2756 2222 2241
310 1545 1331 1619 2736 2727 2757 2212 2232
311 1560 1332 1618 2741 2730 2753 2216 2250
312 1558 1334 1616 2739 2720 2753 2215 2244
313 1553 1334 1614 2739 2723 2762 2213 2236
314 1563 1331 1615 2737 2726 2762 2209 2239
315 1560 1334 1614 2738 2730 2759 2208 2232
316 1563 1332 1610 2732 2727 2763 2213 2244
317 1559 1328 1612 2738 2724 2763 2206 2235
318 1552 1334 1606 2738 2725 2769 2206 2233
319 1565 1327 1614 2742 2717 2760 2202 2243
320 1562 1329 1616 2739 2726 2768 2198 2235
321 1555 1330 1614 2740 2725 2764 2192 2241
322 1556 1322 1616 2741 2727 2777 2193 2240
323 1556 1328 1617 2744 2717 2778 2202 2243
324 1555 1327 1621 2742 2721 2781 2197 2248
325 1548 1325 1621 2733 2722 2787 2205 2243
326 1549 1336 1616 2737 2729 2794 2200 2274
327 1546 1312 1618 2738 2741 2807 2172 2272
328 1545 1319 1613 2742 2737 2827 2153 2230
329 1539 1313 1608 2723 2723 2852 2149 2236
330 1531 1305 1625 2760 2742 2899 2166 2290
331 1510 1286 1627 2764 2752 2966 2132 2341
332 1500 1272 1619 2732 2753 2950 2099 2346
333 1465 1225 1599 2736 2730 2896 2025 2403
334 1453 1202 1593 2737 2773 2926 2018 2424
335 1434 1198 1617 2770 2775 2885 2130 2476
336 1418 1227 1629 2741 2754 2893 2235 2620
337 1425 1227 1601 2757 2751 2846 2217 2673
338 1478 1236 1590 2751 2777 2854 2129 2452
339 1539 1255 1573 2729 2719 2822 2073 2196
340 1571 1305 1577 2713 2758 2864 2087 2164
341 1589 1340 1596 2740 2747 2844 2155 2248
342 1593 1366 1618 2745 2739 2814 2204 2241
343 1628 1377 1632 2751 2745 2808 2193 2177
344 1645 1359 1629 2733 2747 2840 2118 2113
345 1643 1333 1622 2739 2747 2836 2053 2048
346 1639 1324 1633 2756 2762 2825 2084 1989
347 1627 1305 1632 2753 2748 2841 2152 1953
348 1602 1312 1641 2736 2717 2822 2212 2007
349 1573 1327 1652 2762 2741 2809 2226 2066
350 1564 1323 1639 2740 2727 2827 2211 2156
351 1560 1331 1624 2736 2744 2835 2182 2193
352 1554 1330 1602 2755 2737 2823 2150 2170
353 1544 1335 1588 2747 2730 2812 2132 2208
354 1529 1335 1581 2730 2753 2821 2105 2251
355 1527 1348 1584 2747 2728 2818 2080 2292
356 1534 1345 1582 2751 2741 2807 2040 2292
357 1531 1357 1611 2743 2752 2836 2091 2257
358 1538 1370 1645 2731 2759 2816 2112 2365
359 1551 1369 1657 2733 2720 2834 2134 2399
360 1567 1362 1637 2765 2721 2810 2130 2324
361 1595 1340 1644 2751 2747 2853 2127 2240
362 1603 1331 1644 2740 2762 2816 2165 2217
363 1610 1320 1648 2727 2751 2821 2197 2245
364 1590 1317 1642 2729 2750 2832 2205 2273
365 1577 1322 1631 2744 2736 2826 2190 2339
366 1558 1323 1602 2739 2748 2827 2147 2353
367 1549 1328 1587 2741 2746 2809 2112 2261
368 1561 1339 1594 2733 2752 2827 2128 2219
369 1554 1349 1605 2742 2762 2815 2164 2246
370 1542 1365 1624 2730 2721 2830 2180 2316
371 1552 1370 1628 2739 2729 2803 2183 2312
372 1557 1372 1645 2752 2747 2803 2187 2260
373 1565 1361 1647 2746 2711 2800 2185 2244
374 1578 1369 1638 2755 2727 2804 2168 2226
375 1583 1369 1629 2745 2747 2813 2155 2210
376 1588 1367 1623 2751 2731 2811 2150 2206
377 1573 1353 1624 2740 2733 2818 2128 2217
378 1567 1349 1623 2744 2753 2807 2132 2209
379 1568 1332 1612 2727 2709 2792 2114 2254
380 1566 1320 1614 2754 2719 2811 2134 2304
381 1556 1303 1619 2748 2730 2807 2159 2299
382 1552 1297 1620 2745 2733 2806 2185 2264
383 1559 1288 1633 2738 2758 2828 2166 2265
384 1550 1292 1631 2739 2743 2824 2141 2274
385 1556 1292 1630 2744 2733 2797 2130 2272
386 1554 1302 1637 2727 2743 2818 2152 2260
387 1554 1313 1633 2747 2716 2799 2180 2234
388 1549 1318 1628 2746 2736 2801 2160 2246
389 1551 1319 1620 2741 2717 2811 2146 2238
390 1548 1324 1615 2762 2728 2778 2152 2267
391 1536 1323 1623 2737 2725 2804 2179 2268
392 1545 1322 1624 2739 2754 2800 2177 2250
393 1527 1326 1627 2747 2744 2777 2162 2271
394 1540 1319 1627 2733 2726 2807 2152 2266
395 1551 1330 1636 2752 2743 2790 2157 2292
396 1542 1333 1641 2744 2720 2788 2162 2304
397 1549 1342 1637 2740 2731 2822 2160 2317
398 1568 1352 1632 2742 2727 2785 2169 2322
399 1572 1353 1638 2727 2721 2787 2177 2317
400 1579 1367 1636 2751 2731 2774 2179 2328
401 1583 1374 1633 2755 2745 2782 2181 2319
402 1576 1383 1635 2737 2731 2776 2185 2303
403 1591 1388 1641 2730 2741 2789 2184 2296
404 1595 1381 1644 2741 2727 2772 2172 2263
405 1596 1396 1646 2751 2713 2777 2177 2255
406 1604 1395 1643 2739 2735 2785 2174 2246
407 1600 1385 1643 2739 2720 2760 2179 2247
408 1604 1388 1641 2738 2731 2778 2178 2234
409 1598 1373 1638 2750 2725 2787 2173 2216
410 1597 1366 1626 2753 2727 2778 2177 2232
411 1589 1349 1633 2738 2731 2796 2163 2222
412 1591 1341 1633 2740 2724 2788 2161 2201
413 1583 1321 1631 2744 2719 2793 2153 2196
414 1568 1314 1625 2745 2742 2794 2158 2183
415 1561 1306 1636 2746 2711 2768 2161 2202
416 1562 1299 1635 2745 2736 2802 2174 2201
417 1558 1288 1635 2751 2730 2796 2175 2211
418 1551 1281 1625 2749 2720 2773 2173 2222
419 1547 1277 1626 2737 2733 2806 2192 2217
420 1546 1282 1626 2735 2732 2785 2192 2239
421 1547 1284 1627 2735 2731 2788 2194 2230
422 1554 1283 1616 2748 2713 2780 2170 2229
423 1541 1292 1623 2760 2745 2785 2151 2247
424 1538 1300 1622 2750 2722 2782 2150 2240
425 1548 1290 1633 2745 2734 2793 2149 2221
426 1543 1303 1635 2755 2740 2791 2157 2211
427 1542 1319 1645 2737 2741 2786 2155 2288
428 1532 1327 1643 2741 2722 2787 2168 2347
429 1545 1326 1638 2748 2722 2768 2161 2326
430 1555 1331 1623 2757 2721 2778 2164 2296
431 1554 1340 1634 2747 2729 2780 2154 2277
432 1552 1344 1636 2736 2740 2785 2165 2319
433 1559 1341 1630 2719 2721 2775 2133 2304
434 1568 1355 1635 2746 2714 2772 2152 2307
435 1576 1347 1641 2749 2730 2787 2141 2289
436 1584 1349 1638 2742 2724 2781 2137 2262
437 1579 1345 1642 2728 2718 2781 2152 2300
438 1577 1355 1637 2742 2736 2788 2157 2302
439 1594 1355 1649 2746 2730 2776 2173 2282
440 1599 1351 1642 2747 2735 2784 2172 2244
441 1605 1357 1634 2745 2745 2786 2171 2217
442 1595 1358 1644 2744 2723 2772 2177 2235
443 1599 1356 1643 2730 2729 2778 2182 2241
444 1591 1358 1639 2736 2734 2789 2189 2226
445 1602 1359 1644 2744 2721 2766 2179 2211
446 1597 1351 1646 2749 2726 2777 2181 2195
447 1593 1357 1634 2739 2724 2780 2181 2195
448 1590 1362 1643 2741 2731 2773 2201 2176
449 1588 1362 1672 2738 2729 2780 2244 2234
450 1570 1355 1672 2743 2718 2775 2235 2352
451 1569 1355 1657 2732 2716 2771 2207 2364
452 1582 1344 1636 2744 2717 2779 2190 2240
453 1605 1352 1632 2741 2720 2776 2193 2076
454 1593 1363 1633 2742 2729 2771 2169 2106
455 1579 1372 1647 2747 2718 2765 2182 2256
456 1561 1374 1653 2740 2715 2778 2201 2324
457 1575 1372 1660 2734 2733 2778 2221 2290
458 1583 1368 1652 2732 2732 2775 2219 2203
459 1584 1359 1653 2742 2714 2756 2220 2197
460 1580 1361 1659 2749 2722 2770 2217 2220
461 1574 1362 1652 2733 2724 2765 2226 2226
462 1578 1355 1651 2746 2716 2755 2237 2212
463 1575 1359 1643 2744 2727 2759 2232 2174
464 1590 1367 1645 2745 2721 2764 2239 2195
465 1585 1365 1647 2739 2722 2761 2243 2219
466 1583 1381 1649 2739 2716 2762 2257 2237
467 1584 1382 1657 2741 2721 2758 2264 2232
468 1592 1382 1657 2742 2715 2757 2258 2202
469 1597 1380 1657 2732 2719 2755 2252 2198
470 1598 1384 1661 2733 2719 2754 2250 2193
471 1601 1380 1656 2741 2719 2767 2259 2193
472 1600 1376 1654 2746 2725 2757 2261 2182
473 1605 1376 1650 2741 2721 2767 2268 2164
474 1605 1378 1656 2744 2725 2766 2267 2174
475 1607 1376 1650 2738 2722 2759 2269 2153
476 1603 1379 1651 2741 2726 2765 2278 2145
477 1598 1372 1651 2742 2729 2764 2276 2147
478 1594 1361 1648 2735 2720 2764 2279 2130
479 1584 1359 1652 2747 2722 2763 2283 2142
480 1588 1356 1651 2746 2720 2758 2288 2123
481 1582 1348 1651 2737 2721 2757 2287 2135
482 1574 1347 1650 2743 2721 2761 2284 2139
483 1572 1341 1651 2738 2728 2760 2283 2139
484 1571 1341 1641 2738 2722 2759 2291 2163
485 1574 1337 1647 2738 2717 2762 2293 2150
486 1561 1336 1644 2746 2724 2763 2285 2162
487 1568 1327 1650 2741 2725 2750 2285 2163
488 1557 1336 1644 2740 2719 2767 2283 2168
489 1563 1336 1649 2742 2725 2765 2291 2185
490 1558 1337 1645 2741 2716 2755 2292 2173
491 1562 1334 1644 2734 2721 2762 2290 2181
492 1564 1335 1648 2735 2723 2762 2293 2178
493 1566 1336 1647 2732 2719 2755 2293 2180
494 1564 1336 1648 2736 2721 2757 2296 2191
495 1568 1345 1643 2744 2722 2761 2295 2174
496 1566 1344 1648 2739 2726 2759 2298 2182
497 1568 1342 1641 2745 2722 2756 2302 2178
498 1576 1346 1651 2741 2721 2758 2303 2180
499 1575 1344 1649 2739 2725 2750 2308 2195
500 1569 1351 1639 2739 2721 2753 2298 2176
501 1573 1354 1647 2742 2717 2756 2305 2184
502 1581 1354 1641 2735 2716 2753 2304 2177
503 1585 1358 1649 2742 2715 2749 2313 2185
504 1577 1358 1639 2741 2723 2748 2312 2191
505 1574 1360 1648 2737 2725 2753 2316 2171
506 1591 1369 1645 2737 2711 2736 2329 2174
507 1591 1376 1633 2735 2724 2745 2346 2164
508 1586 1377 1641 2736 2725 2743 2354 2171
509 1604 1382 1645 2742 2715 2739 2338 2174
510 1610 1379 1653 2738 2720 2732 2328 2141
511 1612 1382 1663 2739 2708 2730 2328 2135
512 1616 1389 1667 2738 2722 2731 2347 2129
513 1614 1386 1662 2738 2718 2734 2351 2133
514 1608 1390 1651 2736 2715 2729 2349 2129
515 1605 1393 1644 2736 2716 2723 2345 2089
516 1605 1394 1644 2737 2711 2726 2333 2074
517 1602 1384 1639 2734 2708 2721 2332 2100
518 1589 1386 1650 2736 2715 2723 2313 2172
519 1580 1371 1642 2736 2712 2717 2308 2166
520 1589 1355 1627 2740 2717 2721 2310 2069
521 1585 1338 1618 2734 2712 2720 2308 2070
522 1579 1322 1622 2742 2706 2704 2282 2115
523 1559 1306 1631 2737 2690 2696 2286 2163
524 1558 1302 1633 2729 2688 2702 2315 2177
525 1559 1282 1639 2737 2673 2673 2302 2147
526 1555 1279 1645 2725 2670 2667 2313 2121
527 1549 1270 1633 2732 2664 2673 2286 2134
528 1540 1267 1634 2728 2643 2652 2313 2139
529 1540 1274 1625 2727 2653 2652 2327 2137
530 1537 1276 1630 2717 2633 2645 2314 2136
531 1534 1276 1615 2717 2617 2637 2300 2148
532 1536 1274 1630 2712 2641 2634 2291 2107
533 1544 1284 1639 2713 2604 2621 2313 2113
534 1544 1287 1642 2716 2600 2611 2329 2160
535 1535 1293 1643 2724 2626 2612 2328 2209
536 1535 1301 1632 2701 2584 2580 2300 2215
537 1526 1301 1631 2712 2588 2566 2266 2176
538 1533 1310 1625 2706 2600 2568 2252 2188
539 1541 1318 1625 2698 2577 2564 2248 2197
540 1539 1326 1637 2717 2577 2554 2261 2219
541 1543 1331 1638 2711 2575 2563 2270 2225
542 1548 1337 1641 2696 2550 2543 2287 2226
543 1559 1341 1647 2707 2544 2543 2287 2231
544 1565 1347 1644 2706 2546 2537 2289 2213
545 1570 1349 1639 2695 2541 2544 2276 2191
546 1576 1354 1633 2683 2563 2539 2272 2185
547 1574 1354 1638 2704 2530 2521 2270 2176
548 1573 1347 1635 2715 2527 2518 2260 2198
549 1572 1349 1635 2703 2545 2517 2268 2180
550 1569 1342 1641 2698 2537 2519 2261 2169
551 1567 1333 1631 2696 2539 2505 2273 2175
552 1558 1339 1641 2703 2538 2495 2268 2168
553 1549 1332 1629 2687 2519 2495 2271 2184
554 1559 1330 1636 2703 2517 2487 2266 2163
555 1556 1318 1639 2701 2514 2484 2267 2178
556 1554 1317 1638 2689 2529 2464 2271 2193
557 1554 1308 1641 2694 2512 2482 2266 2200
558 1552 1310 1636 2690 2503 2497 2269 2216
559 1542 1308 1638 2697 2501 2482 2255 2199
560 1539 1302 1630 2691 2526 2500 2256 2203
561 1547 1305 1621 2690 2497 2473 2252 2208
562 1545 1311 1630 2696 2487 2475 2266 2212
563 1555 1314 1635 2696 2493 2457 2269 2228
564 1553 1322 1634 2703 2493 2456 2269 2204
565 1553 1326 1629 2689 2506 2467 2263 2191
566 1558 1329 1638 2673 2490 2474 2266 2172
567 1562 1339 1635 2675 2462 2477 2275 2172
568 1552 1340 1642 2703 2474 2491 2275 2198
569 1558 1352 1637 2714 2474 2483 2281 2186
570 1561 1357 1641 2712 2485 2494 2278 2186
571 1571 1360 1644 2704 2523 2488 2281 2183
572 1565 1357 1641 2675 2530 2473 2275 2194
573 1562 1361 1648 2695 2510 2471 2264 2218
574 1557 1357 1646 2698 2513 2495 2269 2215
575 1554 1358 1633 2710 2534 2485 2272 2247
576 1555 1358 1631 2705 2522 2492 2273 2262
577 1550 1349 1630 2692 2534 2511 2270 2276
578 1555 1349 1623 2683 2572 2519 2267 2294
579 1547 1345 1634 2692 2528 2499 2263 2292
580 1555 1343 1626 2705 2507 2496 2259 2320
581 1560 1334 1627 2710 2548 2522 2250 2320
582 1562 1328 1619 2701 2523 2506 2235 2323
583 1565 1321 1629 2698 2495 2488 2236 2325
584 1562 1322 1630 2697 2513 2497 2230 2279
585 1577 1326 1624 2694 2531 2512 2235 2248
586 1583 1324 1633 2686 2516 2491 2243 2212
587 1582 1333 1633 2699 2517 2506 2260 2212
588 1586 1329 1630 2698 2494 2512 2263 2201
589 1584 1330 1636 2712 2535 2512 2250 2162
590 1583 1317 1638 2700 2542 2503 2244 2154
591 1581 1320 1632 2700 2536 2484 2239 2128
592 1575 1323 1624 2692 2521 2482 2262 2136
593 1568 1320 1632 2705 2536 2525 2272 2137
594 1561 1318 1630 2695 2545 2514 2284 2134
595 1554 1320 1631 2708 2536 2506 2280 2154
596 1551 1320 1630 2710 2572 2527 2271 2161
597 1547 1319 1633 2693 2554 2535 2269 2199
598 1541 1321 1637 2699 2556 2529 2266 2220
599 1531 1321 1632 2701 2551 2542 2259 2224
600 1533 1324 1637 2709 2561 2536 2242 2245
601 1541 1317 1633 2698 2554 2534 2234 2249
602 1540 1332 1632 2697 2552 2542 2240 2280
603 1534 1338 1634 2709 2583 2565 2247 2279
604 1541 1334 1625 2704 2585 2545 2252 2269
605 1546 1347 1633 2696 2567 2557 2246 2275
606 1548 1343 1639 2710 2562 2547 2251 2269
607 1554 1343 1641 2718 2578 2554 2261 2290
608 1554 1347 1636 2706 2577 2560 2269 2277
609 1559 1342 1634 2706 2554 2562 2263 2254
610 1561 1341 1639 2715 2575 2580 2255 2244
611 1568 1343 1635 2707 2583 2576 2252 2231
612 1571 1352 1635 2706 2591 2581 2250 2237
613 1564 1349 1635 2712 2584 2586 2260 2227
614 1575 1347 1632 2714 2598 2579 2254 2213
615 1576 1348 1635 2722 2586 2576 2263 2225
616 1575 1347 1634 2711 2597 2589 2257 2214
617 1572 1347 1633 2704 2593 2590 2257 2226
618 1569 1344 1631 2705 2606 2599 2247 2208
619 1576 1333 1631 2708 2603 2591 2235 2204
620 1567 1329 1635 2720 2605 2580 2235 2221
621 1567 1324 1632 2707 2601 2596 2230 2223
622 1555 1318 1628 2719 2607 2605 2249 2246
623 1569 1314 1628 2714 2612 2612 2247 2231
624 1568 1317 1629 2714 2612 2622 2258 2221
625 1570 1318 1631 2720 2619 2619 2262 2212
626 1571 1320 1633 2721 2609 2607 2270 2202
627 1570 1324 1638 2717 2631 2629 2263 2207
628 1564 1324 1639 2725 2632 2625 2263 2187
629 1552 1327 1636 2722 2637 2643 2263 2204
630 1553 1327 1630 2715 2637 2628 2262 2244
631 1560 1313 1633 2723 2653 2637 2252 2236
632 1564 1321 1636 2726 2637 2639 2239 2202
633 1554 1319 1625 2723 2636 2632 2218 2205
634 1547 1330 1628 2721 2642 2645 2225 2217
635 1544 1335 1628 2719 2641 2641 2243 2219
636 1541 1340 1627 2720 2634 2636 2247 2232
637 1543 1338 1632 2727 2640 2645 2254 2257
638 1554 1338 1634 2730 2640 2643 2254 2225
639 1562 1331 1634 2735 2645 2625 2257 2203
640 1554 1324 1636 2721 2642 2636 2255 2210
641 1558 1325 1629 2719 2641 2641 2246 2230
642 1557 1322 1639 2725 2637 2636 2246 2253
643 1560 1316 1633 2712 2638 2643 2240 2249
644 1554 1331 1627 2720 2646 2642 2246 2262
645 1563 1331 1621 2724 2631 2652 2244 2257
646 1562 1333 1629 2731 2640 2642 2228 2270
647 1569 1329 1631 2728 2631 2636 2229 2259
648 1573 1332 1634 2723 2644 2635 2235 2224
649 1579 1336 1629 2721 2643 2641 2249 2225
650 1581 1339 1625 2723 2637 2640 2247 2225
651 1570 1337 1624 2720 2644 2642 2238 2227
652 1580 1335 1634 2719 2656 2653 2238 2223
653 1575 1338 1624 2720 2639 2628 2238 2194
654 1582 1337 1630 2730 2638 2633 2249 2201
655 1579 1337 1630 2718 2632 2643 2240 2191
656 1567 1333 1624 2726 2631 2642 2240 2198
657 1579 1336 1625 2726 2639 2648 2251 2197
658 1572 1339 1631 2732 2647 2637 2262 2205
659 1571 1345 1627 2722 2641 2649 2266 2187
660 1569 1347 1636 2716 2647 2639 2241 2166
661 1569 1346 1626 2719 2640 2635 2231 2165
662 1569 1350 1635 2728 2643 2640 2239 2190
663 1555 1347 1629 2720 2626 2636 2246 2179
664 1558 1346 1635 2716 2636 2642 2241 2201
665 1552 1336 1626 2729 2625 2632 2238 2192
666 1557 1335 1634 2717 2629 2635 2238 2211
667 1553 1338 1630 2720 2632 2642 2244 2222
668 1543 1333 1625 2712 2645 2642 2244 2217
669 1549 1326 1635 2722 2634 2629 2240 2235
670 1545 1328 1627 2711 2625 2641 2243 2231
671 1540 1325 1633 2721 2635 2641 2244 2254
672 1550 1323 1620 2717 2618 2630 2249 2255
673 1552 1329 1630 2722 2627 2628 2242 2252
674 1551 1327 1633 2722 2629 2638 2243 2260
675 1548 1327 1626 2721 2632 2637 2242 2244
676 1562 1328 1625 2719 2628 2627 2246 2253
677 1561 1333 1630 2723 2628 2632 2249 2252
678 1564 1331 1626 2723 2618 2616 2244 2246
679 1565 1334 1632 2718 2615 2614 2241 2242
680 1567 1326 1633 2722 2632 2618 2244 2231
681 1571 1339 1631 2713 2620 2610 2246 2237
682 1577 1336 1626 2717 2629 2601 2243 2229
683 1583 1339 1629 2714 2605 2587 2238 2204
684 1581 1333 1623 2714 2582 2595 2238 2208
685 1575 1340 1629 2698 2584 2583 2241 2199
686 1568 1339 1628 2707 2576 2572 2248 2215
687 1577 1336 1626 2705 2559 2542 2241 2203
688 1573 1343 1625 2705 2577 2580 2252 2174
689 1580 1347 1642 2735 2632 2662 2271 2160
690 1556 1362 1639 2726 2661 2669 2278 2151
691 1558 1363 1641 2726 2662 2669 2246 2172
692 1542 1358 1621 2734 2665 2679 2203 2157
693 1536 1345 1626 2739 2675 2688 2198 2181
694 1525 1320 1627 2738 2701 2715 2219 2245
695 1518 1318 1628 2743 2708 2720 2237 2298
696 1522 1304 1625 2744 2706 2715 2224 2323
697 1525 1301 1623 2741 2712 2730 2208 2290
698 1532 1295 1619 2741 2723 2724 2202 2308
699 1547 1285 1618 2745 2721 2730 2205 2340
700 1553 1269 1617 2746 2717 2731 2204 2327
701 1571 1272 1619 2743 2715 2727 2204 2315
702 1576 1282 1630 2740 2723 2717 2228 2294
703 1570 1310 1640 2743 2718 2735 2253 2285
704 1581 1328 1638 2740 2715 2727 2263 2250
705 1594 1349 1639 2745 2719 2735 2250 2200
706 1597 1362 1643 2741 2714 2730 2246 2178
707 1606 1371 1639 2747 2721 2733 2249 2140
708 1603 1371 1630 2743 2729 2726 2263 2128
709 1602 1374 1632 2747 2719 2731 2262 2118
710 1601 1364 1628 2744 2726 2742 2241 2114
711 1581 1370 1626 2737 2719 2739 2232 2136
712 1582 1367 1625 2745 2717 2729 2224 2130
713 1567 1359 1627 2744 2723 2733 2228 2152
714 1559 1349 1625 2747 2722 2736 2229 2177
715 1553 1346 1636 2744 2719 2734 2233 2202
716 1549 1344 1632 2745 2724 2733 2233 2232
717 1550 1340 1631 2742 2728 2736 2236 2233
718 1551 1338 1632 2737 2718 2739 2237 2253
719 1543 1339 1624 2743 2720 2739 2227 2250
720 1559 1328 1624 2741 2727 2731 2223 2244
721 1555 1330 1630 2745 2728 2738 2220 2258
722 1562 1333 1631 2743 2723 2733 2232 2243
723 1556 1333 1632 2739 2719 2738 2233 2246
724 1562 1334 1626 2740 2726 2743 2238 2241
725 1560 1328 1633 2733 2726 2734 2240 2238
726 1562 1329 1637 2736 2723 2741 2243 2238
727 1561 1326 1632 2738 2727 2741 2245 2208
728 1562 1330 1629 2745 2723 2732 2238 2215
729 1571 1324 1626 2745 2725 2730 2234 2204
730 1567 1323 1627 2747 2718 2742 2235 2212
731 1562 1322 1625 2742 2721 2733 2241 2217
732 1559 1319 1628 2747 2720 2734 2237 2200
733 1548 1325 1622 2737 2728 2732 2239 2208
734 1556 1330 1628 2739 2728 2739 2237 2199
735 1563 1331 1627 2737 2723 2736 2240 2208
736 1558 1333 1622 2744 2722 2737 2245 2213
737 1557 1332 1623 2750 2721 2740 2236 2197
738 1563 1337 1625 2739 2723 2736 2240 2211
739 1569 1339 1619 2735 2730 2731 2235 2205
740 1558 1340 1624 2744 2727 2731 2241 2218
741 1565 1346 1621 2743 2730 2740 2237 2223
742 1567 1344 1632 2744 2725 2738 2233 2213
743 1561 1344 1620 2744 2724 2739 2233 2223
744 1554 1338 1631 2741 2718 2735 2234 2222
745 1566 1342 1626 2744 2719 2738 2237 2235
746 1562 1335 1624 2744 2720 2731 2234 2233
747 1562 1340 1626 2743 2722 2734 2231 2219
748 1556 1342 1629 2739 2723 2734 2237 2230
749 1557 1333 1631 2740 2718 2739 2240 2221
750 1567 1334 1628 2746 2718 2733 2240 2230
751 1563 1337 1633 2734 2721 2739 2237 2228
752 1562 1339 1623 2742 2720 2735 2239 2215
753 1569 1338 1622 2737 2721 2743 2239 2225
754 1564 1333 1628 2743 2727 2737 2239 2211
755 1563 1336 1626 2734 2722 2737 2239 2226
756 1562 1338 1630 2737 2722 2733 2238 2221
757 1565 1334 1617 2743 2720 2739 2238 2210
758 1572 1335 1631 2737 2725 2736 2238 2216
759 1566 1336 1628 2737 2732 2738 2239 2208
760 1561 1335 1631 2740 2723 2730 2236 2224
761 1561 1333 1629 2743 2727 2736 2239 2212
762 1560 1326 1624 2745 2728 2736 2238 2209
763 1560 1334 1628 2747 2724 2741 2239 2214
764 1556 1336 1632 2742 2725 2736 2239 2212
765 1552 1334 1629 2744 2726 2733 2237 2229
766 1559 1332 1630 2739 2723 2744 2237 2217
767 1561 1335 1629 2741 2723 2735 2241 2213
768 1563 1336 1627 2735 2724 2733 2240 2218
769 1555 1337 1629 2740 2728 2739 2236 2217
770 1563 1333 1631 2733 2724 2737 2239 2230
771 1564 1340 1624 2747 2715 2731 2236 2219
772 1558 1333 1628 2736 2724 2740 2238 2212
773 1563 1338 1629 2739 2724 2736 2240 2221
774 1559 1337 1628 2743 2720 2736 2238 2218
775 1563 1332 1628 2737 2723 2734 2238 2232
776 1565 1341 1626 2745 2718 2742 2237 2217
777 1568 1329 1632 2738 2723 2738 2242 2217
778 1567 1338 1624 2739 2724 2738 2235 2222
779 1566 1332 1623 2743 2721 2737 2236 2216
780 1561 1337 1631 2743 2725 2740 2238 2234
781 1562 1329 1630 2739 2728 2738 2240 2214
782 1569 1338 1632 2745 2729 2735 2242 2216
783 1568 1337 1623 2751 2720 2741 2236 2216
784 1563 1334 1619 2742 2722 2736 2239 2220
785 1563 1329 1632 2743 2718 2741 2236 2228
786 1570 1333 1623 2743 2714 2742 2243 2213
787 1568 1332 1631 2741 2716 2736 2235 2217
788 1569 1335 1629 2741 2725 2741 2238 2219
789 1569 1335 1628 2740 2719 2741 2233 2216
790 1558 1335 1628 2736 2727 2738 2239 2229
791 1558 1332 1628 2743 2718 2742 2237 2208
792 1569 1336 1630 2741 2725 2733 2234 2218
793 1561 1336 1631 2741 2721 2734 2240 2215
794 1564 1333 1635 2740 2729 2742 2236 2219
795 1560 1334 1631 2737 2722 2741 2244 2230
796 1561 1336 1628 2738 2724 2743 2236 2210
797 1555 1328 1630 2742 2725 2735 2238 2219
798 1565 1329 1626 2743 2717 2741 2237 2215
799 1568 1335 1634 2746 2721 2738 2241 2223
800 1550 1338 1626 2739 2728 2737 2238 2229
801 1560 1332 1624 2742 2726 2737 2236 2214
802 1559 1330 1629 2745 2725 2738 2236 2217
803 1563 1335 1628 2741 2720 2742 2236 2217
804 1565 1335 1628 2744 2724 2734 2239 2221
805 1566 1334 1629 2741 2724 2737 2241 2230
806 1561 1335 1629 2744 2721 2735 2232 2209
807 1553 1330 1628 2737 2723 2744 2237 2221
808 1561 1340 1627 2741 2725 2741 2238 2215
809 1558 1337 1624 2741 2723 2736 2242 2222
810 1553 1337 1628 2739 2719 2735 2237 2227
811 1557 1339 1631 2739 2719 2737 2239 2208
812 1565 1338 1630 2744 2728 2734 2237 2219
813 1562 1335 1619 2741 2724 2735 2239 2208
814 1563 1338 1627 2736 2718 2732 2240 2224
815 1566 1336 1628 2744 2724 2732 2237 2223
816 1564 1338 1630 2743 2725 2741 2240 2209
817 1565 1335 1627 2741 2723 2738 2239 2221
818 1565 1337 1627 2743 2724 2740 2240 2209
819 1560 1338 1626 2744 2723 2744 2237 2224
820 1556 1332 1624 2741 2722 2737 2240 2221
821 1561 1332 1632 2744 2725 2735 2238 2210
822 1555 1337 1629 2747 2728 2739 2243 2220
823 1552 1336 1624 2735 2718 2734 2243 2214
824 1553 1338 1625 2736 2722 2741 2237 2226
825 1563 1338 1628 2734 2725 2742 2237 2218
826 1557 1326 1626 2739 2722 2732 2237 2211
827 1552 1336 1628 2747 2723 2740 2243 2220
828 1558 1336 1626 2743 2720 2740 2238 2214
829 1564 1333 1630 2743 2726 2738 2236 2225
830 1565 1335 1633 2747 2721 2732 2239 2220
831 1556 1335 1629 2740 2724 2734 2241 2212
832 1574 1340 1629 2744 2724 2739 2239 2218
833 1574 1337 1625 2736 2723 2737 2236 2215
834 1562 1338 1629 2744 2727 2739 2240 2230
835 1563 1335 1629 2745 2720 2737 2236 2219
836 1568 1331 1632 2738 2724 2740 2242 2214
837 1564 1330 1619 2738 2725 2739 2236 2216
838 1566 1338 1630 2745 2725 2740 2239 2214
839 1562 1328 1626 2742 2724 2740 2240 2229
840 1561 1334 1628 2745 2719 2739 2238 2214
841 1552 1338 1617 2744 2723 2737 2243 2214
842 1563 1336 1626 2739 2724 2739 2238 2220
843 1567 1339 1629 2738 2722 2731 2239 2212
844 1569 1335 1627 2744 2724 2736 2237 2228
845 1568 1341 1630 2739 2728 2739 2243 2214
846 1566 1329 1630 2737 2722 2734 2239 2213
847 1570 1340 1631 2743 2723 2728 2239 2218
848 1574 1335 1626 2742 2719 2742 2237 2215
849 1570 1336 1631 2735 2722 2736 2237 2228
850 1567 1334 1629 2742 2723 2741 2241 2215
851 1561 1332 1629 2736 2718 2739 2238 2217
852 1566 1339 1631 2743 2721 2739 2238 2217
853 1565 1326 1631 2738 2718 2734 2237 2215
854 1566 1335 1631 2748 2725 2734 2238 2230
855 1561 1336 1630 2742 2721 2742 2242 2214
856 1565 1332 1617 2740 2727 2740 2239 2213
857 1565 1333 1628 2743 2726 2738 2241 2217
858 1558 1336 1618 2745 2719 2735 2239 2216
859 1560 1332 1627 2733 2725 2741 2242 2232
860 1567 1341 1634 2743 2722 2740 2262 2187
861 1566 1346 1627 2734 2727 2740 2257 2234
862 1563 1346 1628 2738 2724 2736 2260 2219
863 1568 1346 1627 2742 2723 2741 2234 2201
864 1565 1337 1617 2737 2726 2736 2227 2218
865 1570 1336 1621 2736 2716 2738 2223 2217
866 1565 1338 1614 2745 2719 2717 2209 2197
867 1570 1333 1626 2746 2724 2739 2235 2217
868 1567 1339 1632 2737 2726 2740 2245 2232
869 1558 1337 1631 2738 2724 2739 2236 2227
870 1563 1339 1627 2742 2728 2741 2238 2198
871 1555 1332 1628 2746 2715 2743 2236 2213
872 1555 1333 1628 2746 2721 2732 2240 2212
873 1558 1324 1626 2747 2721 2734 2247 2222
874 1558 1327 1625 2738 2724 2734 2238 2228
875 1556 1328 1621 2742 2728 2730 2241 2214
876 1560 1329 1627 2743 2718 2742 2237 2218
877 1551 1329 1626 2734 2725 2734 2243 2212
878 1562 1333 1630 2740 2718 2742 2239 2216
879 1561 1333 1632 2737 2729 2738 2237 2227
880 1564 1331 1627 2744 2728 2737 2241 2211
881 1566 1333 1631 2739 2732 2735 2239 2221
882 1562 1333 1619 2743 2725 2739 2247 2217
883 1571 1331 1627 2737 2718 2742 2237 2221
884 1560 1337 1624 2741 2718 2737 2237 2226
885 1566 1340 1627 2747 2706 2717 2204 2174
886 1574 1339 1627 2738 2718 2744 2219 2214
887 1565 1340 1629 2744 2716 2736 2241 2213
888 1563 1336 1629 2732 2719 2737 2236 2219
889 1560 1338 1619 2737 2728 2743 2239 2225
890 1565 1332 1627 2742 2729 2740 2238 2211
891 1563 1337 1627 2743 2730 2734 2243 2219
892 1563 1335 1627 2747 2727 2737 2238 2212
893 1563 1338 1627 2746 2728 2744 2239 2221
894 1559 1337 1620 2744 2719 2736 2239 2222
895 1566 1329 1627 2738 2726 2744 2241 2210
896 1558 1339 1625 2739 2727 2732 2241 2214
897 1562 1338 1626 2740 2726 2743 2238 2213
898 1562 1339 1621 2747 2726 2738 2238 2223
899 1559 1336 1631 2740 2720 2735 2237 2221
900 1569 1339 1629 2742 2721 2741 2243 2209
901 1553 1334 1628 2744 2721 2741 2240 2220
902 1563 1333 1625 2748 2720 2738 2235 2205
903 1556 1338 1630 2747 2725 2734 2236 2224
904 1560 1339 1626 2744 2721 2736 2236 2214
905 1559 1335 1630 2745 2729 2742 2241 2212
906 1559 1328 1622 2743 2717 2731 2239 2221
907 1560 1333 1627 2747 2720 2741 2236 2212
908 1555 1329 1624 2740 2716 2736 2237 2229
909 1562 1331 1626 2739 2728 2740 2240 2216
910 1561 1330 1621 2736 2719 2744 2240 2213
911 1561 1338 1628 2740 2722 2731 2241 2221
912 1558 1334 1621 2741 2723 2735 2238 2212
913 1561 1337 1629 2735 2725 2738 2241 2228
914 1564 1334 1625 2744 2725 2742 2241 2212
915 1565 1335 1623 2743 2723 2736 2236 2210
916 1561 1333 1622 2745 2723 2741 2240 2217
917 1561 1339 1626 2737 2734 2739 2239 2211
918 1569 1338 1630 2742 2723 2739 2243 2227
919 1566 1332 1627 2738 2721 2733 2242 2211
920 1561 1341 1630 2741 2727 2735 2241 2205
921 1570 1342 1639 2740 2721 2740 2253 2195
922 1568 1355 1635 2748 2723 2742 2263 2214
923 1560 1334 1623 2736 2720 2738 2242 2244
924 1559 1318 1604 2747 2723 2742 2228 2197
925 1561 1333 1621 2737 2716 2736 2232 2199
926 1565 1333 1626 2739 2719 2741 2246 2238
927 1562 1343 1632 2741 2729 2735 2251 2226
928 1573 1344 1619 2740 2722 2736 2235 2209
929 1567 1334 1632 2738 2724 2735 2221 2195
930 1565 1337 1632 2744 2727 2740 2236 2231
931 1560 1336 1621 2738 2727 2738 2244 2224
932 1566 1337 1625 2739 2724 2739 2248 2211
933 1554 1335 1630 2741 2725 2735 2229 2225
934 1558 1339 1632 2745 2724 2741 2236 2218
935 1555 1331 1630 2748 2718 2738 2241 2218
936 1564 1329 1622 2743 2724 2743 2245 2215
937 1563 1325 1623 2742 2725 2734 2247 2219
938 1558 1332 1628 2742 2727 2732 2235 2226
939 1551 1331 1629 2747 2718 2737 2238 2209
940 1557 1330 1620 2743 2725 2739 2237 2218
941 1562 1336 1624 2742 2725 2739 2244 2217
942 1560 1335 1623 2738 2725 2737 2243 2219
943 1561 1337 1624 2741 2724 2731 2242 2225
944 1559 1340 1625 2742 2722 2735 2237 2208
945 1556 1339 1627 2741 2726 2739 2237 2213
946 1552 1336 1623 2743 2728 2735 2240 2208
947 1559 1339 1627 2745 2728 2744 2237 2219
948 1564 1340 1627 2741 2731 2744 2239 2227
949 1561 1339 1625 2735 2726 2736 2238 2208
950 1552 1336 1623 2744 2726 2736 2238 2212
951 1566 1338 1626 2744 2723 2733 2240 2210
952 1556 1336 1629 2747 2722 2738 2233 2217
953 1561 1331 1627 2733 2720 2737 2240 2227
954 1560 1335 1630 2741 2722 2743 2233 2208
955 1572 1335 1629 2739 2721 2742 2244 2223
956 1562 1327 1624 2742 2730 2739 2237 2215
957 1563 1337 1630 2748 2728 2743 2242 2223
958 1558 1340 1628 2741 2725 2742 2235 2226
959 1560 1338 1620 2739 2721 2738 2242 2211
960 1561 1330 1625 2737 2720 2738 2238 2218
961 1559 1331 1628 2737 2730 2736 2235 2214
962 1559 1338 1626 2739 2726 2737 2240 2223
963 1557 1339 1620 2750 2724 2737 2236 2223
964 1561 1330 1624 2742 2723 2735 2246 2211
965 1561 1339 1625 2738 2729 2737 2236 2217
966 1563 1337 1631 2743 2722 2735 2237 2213
967 1562 1334 1624 2741 2730 2733 2233 2219
968 1562 1335 1625 2735 2714 2738 2242 2223
969 1562 1338 1621 2748 2717 2741 2240 2206
970 1564 1334 1625 2738 2721 2736 2236 2218
971 1561 1337 1626 2742 2724 2738 2241 2211
972 1561 1337 1625 2742 2722 2746 2235 2221
973 1554 1339 1631 2736 2729 2741 2244 2217
974 1556 1333 1626 2737 2719 2734 2234 2203
975 1565 1336 1624 2737 2723 2740 2235 2211
976 1563 1333 1623 2743 2728 2740 2238 2196
977 1557 1339 1623 2745 2720 2738 2233 2198
978 1559 1348 1630 2740 2724 2733 2236 2202
979 1556 1339 1625 2737 2727 2739 2231 2200
980 1564 1339 1628 2742 2726 2735 2245 2209
981 1553 1330 1620 2740 2729 2743 2240 2203
982 1557 1330 1625 2743 2721 2737 2242 2222
983 1554 1334 1622 2741 2720 2740 2233 2213
984 1560 1332 1624 2746 2723 2731 2231 2204
985 1557 1331 1628 2742 2724 2735 2235 2216
986 1560 1334 1625 2745 2726 2734 2238 2209
987 1559 1334 1632 2747 2729 2737 2244 2226
988 1552 1334 1627 2748 2727 2736 2239 2212
989 1550 1332 1627 2744 2723 2742 2235 2209
990 1555 1325 1626 2747 2722 2747 2238 2220
991 1560 1335 1626 2744 2722 2741 2244 2216
992 1557 1328 1621 2741 2720 2743 2243 2235
993 1563 1335 1619 2747 2726 2744 2234 2220
994 1560 1335 1626 2734 2715 2733 2236 2219
995 1558 1332 1626 2746 2725 2739 2234 2220
996 1560 1328 1626 2740 2723 2735 2244 2222
997 1564 1337 1629 2739 2724 2740 2234 2231
998 1559 1334 1628 2740 2718 2739 2239 2217
999 1562 1339 1627 2738 2725 2739 2239 2219
1000 1560 1335 1619 2731 2723 2747 2238 2216
1001 1556 1333 1622 2738 2721 2743 2240 2218
1002 1572 1332 1628 2748 2719 2741 2237 2229
1003 1566 1340 1629 2741 2730 2734 2240 2208
1004 1565 1336 1627 2744 2726 2741 2237 2214
1005 1567 1341 1622 2740 2727 2732 2242 2214
1006 1569 1337 1627 2744 2716 2736 2237 2215
1007 1556 1337 1624 2738 2727 2743 2239 2228
1008 1556 1342 1630 2744 2717 2739 2234 2207
1009 1562 1339 1626 2732 2726 2735 2240 2214
1010 1569 1334 1624 2741 2719 2740 2240 2213
1011 1560 1338 1625 2739 2728 2736 2235 2218
1012 1568 1336 1621 2743 2725 2743 2238 2226
1013 1563 1337 1622 2741 2727 2744 2238 2210
1014 1565 1337 1620 2747 2723 2742 2241 2215
1015 1561 1338 1626 2746 2731 2739 2238 2214
1016 1563 1333 1627 2733 2726 2734 2238 2219
1017 1563 1325 1626 2746 2725 2737 2239 2231
1018 1563 1334 1625 2744 2722 2739 2239 2211
1019 1566 1335 1624 2723 2705 2715 2210 2182
1020 1566 1337 1625 2721 2699 2722 2210 2190
1021 1553 1334 1626 2729 2718 2715 2221 2196
1022 1562 1337 1630 2735 2719 2731 2225 2218
1023 1558 1340 1629 2743 2729 2730 2242 2212
