0 1555 1338 1626 2742 2723 2731 2239 2230
1 1552 1339 1624 2739 2716 2731 2235 2213
2 1549 1328 1619 2745 2724 2737 2234 2214
3 1557 1336 1609 2739 2722 2736 2237 2221
4 1555 1342 1619 2746 2726 2740 2236 2215
5 1559 1330 1620 2741 2720 2735 2244 2231
6 1551 1339 1619 2736 2715 2731 2236 2217
7 1558 1341 1620 2737 2722 2732 2237 2215
8 1557 1340 1623 2733 2724 2730 2234 2221
9 1557 1339 1619 2747 2722 2739 2237 2218
10 1560 1340 1620 2742 2722 2728 2240 2232
11 1560 1338 1624 2731 2725 2735 2235 2217
12 1557 1340 1622 2743 2722 2734 2238 2216
13 1557 1332 1625 2735 2724 2735 2237 2222
14 1562 1338 1622 2741 2729 2731 2240 2218
15 1549 1337 1617 2740 2719 2734 2238 2232
16 1554 1332 1620 2737 2714 2729 2233 2216
17 1557 1340 1618 2738 2719 2734 2238 2217
18 1552 1344 1625 2747 2721 2727 2236 2219
19 1556 1337 1614 2744 2726 2730 2242 2220
20 1555 1334 1612 2742 2712 2738 2230 2229
21 1551 1339 1625 2743 2716 2728 2237 2218
22 1558 1334 1622 2739 2724 2737 2234 2214
23 1555 1337 1610 2742 2723 2737 2240 2219
24 1556 1341 1621 2744 2721 2729 2235 2216
25 1556 1333 1627 2745 2724 2739 2235 2232
26 1562 1330 1612 2743 2718 2735 2233 2213
27 1557 1333 1620 2746 2727 2731 2236 2214
28 1555 1335 1624 2737 2718 2735 2241 2220
29 1557 1334 1608 2739 2724 2735 2235 2217
30 1558 1338 1620 2737 2721 2735 2238 2232
31 1559 1341 1622 2733 2720 2736 2236 2214
32 1556 1339 1622 2741 2722 2734 2237 2215
33 1551 1336 1622 2736 2721 2733 2241 2220
34 1554 1338 1625 2742 2724 2736 2234 2217
35 1557 1340 1619 2742 2724 2734 2239 2233
36 1555 1334 1620 2738 2723 2734 2233 2215
37 1560 1336 1622 2745 2725 2737 2242 2218
38 1556 1339 1621 2750 2724 2731 2236 2217
39 1558 1340 1627 2744 2719 2740 2237 2220
40 1554 1344 1623 2747 2721 2734 2237 2231
41 1553 1338 1626 2738 2719 2734 2238 2216
42 1561 1338 1621 2742 2718 2732 2240 2217
43 1562 1338 1618 2741 2725 2735 2234 2219
44 1559 1334 1624 2737 2719 2736 2233 2215
45 1558 1339 1619 2742 2722 2736 2236 2232
46 1558 1340 1621 2743 2724 2736 2238 2209
47 1555 1334 1619 2745 2718 2735 2238 2216
48 1559 1339 1622 2744 2718 2741 2232 2212
49 1561 1337 1624 2739 2713 2735 2238 2217
50 1562 1341 1621 2743 2724 2733 2237 2228
51 1563 1340 1625 2746 2718 2736 2241 2214
52 1563 1335 1622 2736 2726 2736 2233 2215
53 1564 1337 1621 2742 2718 2732 2237 2219
54 1557 1340 1622 2738 2726 2732 2234 2216
55 1557 1338 1617 2743 2724 2731 2238 2229
56 1550 1336 1616 2737 2725 2732 2239 2217
57 1552 1336 1619 2741 2723 2735 2232 2219
58 1553 1334 1619 2745 2724 2731 2237 2218
59 1560 1337 1622 2750 2721 2735 2232 2217
60 1550 1339 1618 2740 2722 2740 2241 2233
61 1556 1337 1621 2738 2724 2736 2231 2212
62 1550 1339 1622 2737 2723 2739 2235 2220
63 1562 1336 1618 2743 2719 2733 2230 2215
64 1554 1332 1615 2743 2718 2729 2236 2217
65 1564 1336 1618 2736 2722 2741 2238 2231
66 1550 1342 1622 2742 2723 2735 2234 2214
67 1560 1342 1622 2740 2724 2734 2235 2218
68 1559 1340 1618 2745 2721 2737 2235 2221
69 1560 1336 1621 2738 2716 2725 2236 2223
70 1560 1336 1620 2742 2723 2735 2239 2237
71 1565 1338 1618 2738 2724 2733 2236 2215
72 1560 1339 1620 2745 2722 2731 2239 2223
73 1561 1342 1621 2746 2720 2736 2236 2220
74 1560 1344 1620 2749 2717 2733 2240 2220
75 1561 1334 1620 2743 2727 2735 2237 2229
76 1555 1339 1622 2735 2720 2735 2238 2212
77 1558 1339 1613 2739 2717 2730 2236 2215
78 1562 1337 1613 2738 2719 2733 2236 2208
79 1558 1334 1618 2743 2724 2734 2241 2217
80 1561 1342 1610 2746 2723 2735 2231 2225
81 1562 1337 1618 2744 2722 2735 2236 2213
82 1555 1338 1621 2745 2718 2732 2234 2219
83 1552 1335 1622 2742 2722 2731 2241 2217
84 1558 1337 1620 2745 2722 2734 2235 2225
85 1554 1337 1623 2734 2716 2736 2234 2231
86 1558 1337 1622 2737 2722 2734 2238 2216
87 1560 1338 1618 2744 2716 2727 2234 2218
88 1554 1338 1622 2746 2720 2738 2242 2218
89 1558 1339 1623 2739 2725 2726 2231 2218
90 1560 1330 1621 2735 2726 2724 2238 2228
91 1561 1341 1620 2736 2718 2728 2231 2207
92 1556 1341 1623 2742 2721 2734 2243 2217
93 1560 1335 1617 2740 2722 2736 2233 2212
94 1560 1335 1611 2742 2723 2732 2233 2220
95 1557 1336 1620 2733 2726 2730 2236 2227
96 1557 1335 1623 2734 2727 2731 2234 2212
97 1556 1335 1613 2743 2721 2735 2242 2219
98 1554 1341 1627 2736 2723 2733 2232 2220
99 1563 1334 1620 2746 2719 2734 2234 2222
100 1566 1336 1615 2732 2721 2731 2236 2231
101 1568 1334 1617 2733 2726 2737 2234 2210
102 1562 1337 1619 2743 2725 2735 2238 2219
103 1564 1340 1614 2744 2718 2735 2233 2211
104 1558 1338 1621 2739 2720 2730 2236 2220
105 1562 1335 1619 2743 2715 2735 2234 2224
106 1561 1336 1617 2738 2723 2729 2238 2210
107 1554 1336 1621 2738 2720 2738 2237 2217
108 1548 1339 1616 2741 2723 2738 2235 2217
109 1563 1336 1619 2741 2727 2735 2237 2223
110 1563 1337 1619 2744 2718 2735 2236 2227
111 1556 1338 1615 2741 2721 2733 2238 2212
112 1559 1337 1626 2747 2719 2733 2232 2220
113 1559 1336 1614 2736 2725 2730 2238 2217
114 1553 1338 1623 2736 2719 2727 2235 2224
115 1558 1339 1617 2737 2717 2735 2242 2228
116 1556 1340 1625 2745 2722 2736 2233 2215
117 1560 1340 1617 2742 2719 2726 2231 2226
118 1561 1341 1617 2740 2720 2731 2231 2213
119 1560 1337 1617 2735 2720 2730 2233 2225
120 1557 1337 1626 2739 2715 2731 2239 2227
121 1557 1338 1623 2737 2721 2729 2238 2213
122 1555 1336 1621 2746 2719 2729 2238 2215
123 1554 1339 1624 2736 2727 2732 2237 2213
124 1557 1339 1625 2737 2726 2731 2243 2222
125 1558 1341 1617 2743 2725 2728 2238 2225
126 1559 1339 1624 2735 2721 2735 2232 2207
127 1566 1333 1620 2736 2722 2731 2234 2219
128 1558 1339 1623 2743 2717 2723 2233 2214
129 1559 1339 1620 2740 2714 2730 2239 2221
130 1561 1335 1621 2734 2723 2728 2236 2228
131 1559 1334 1620 2737 2720 2725 2238 2211
132 1556 1340 1621 2740 2718 2738 2238 2221
133 1559 1332 1622 2747 2724 2732 2236 2213
134 1560 1341 1624 2737 2722 2738 2239 2226
135 1561 1338 1617 2747 2722 2738 2232 2227
136 1568 1339 1620 2746 2716 2730 2237 2216
137 1560 1333 1618 2738 2724 2733 2232 2220
138 1557 1336 1613 2742 2717 2732 2240 2218
139 1558 1337 1620 2745 2728 2739 2233 2225
140 1555 1337 1614 2739 2721 2734 2235 2228
141 1549 1336 1620 2736 2724 2732 2233 2205
142 1559 1328 1620 2744 2717 2740 2241 2222
143 1557 1337 1620 2736 2719 2737 2244 2217
144 1560 1334 1624 2740 2720 2729 2235 2236
145 1561 1335 1625 2745 2723 2735 2236 2234
146 1556 1338 1623 2739 2722 2726 2232 2218
147 1548 1333 1616 2745 2715 2728 2243 2233
148 1553 1337 1617 2742 2714 2731 2236 2217
149 1562 1339 1616 2743 2717 2737 2235 2225
150 1553 1341 1618 2736 2725 2728 2238 2225
151 1559 1335 1621 2743 2723 2736 2237 2209
152 1561 1338 1618 2743 2721 2734 2242 2219
153 1555 1340 1620 2740 2719 2734 2238 2213
154 1559 1334 1611 2739 2720 2729 2237 2224
155 1567 1337 1616 2743 2721 2733 2231 2219
156 1567 1333 1618 2737 2718 2728 2240 2209
157 1564 1341 1619 2740 2717 2731 2237 2219
158 1561 1337 1610 2734 2726 2731 2236 2215
159 1560 1334 1618 2737 2718 2731 2238 2226
160 1557 1340 1618 2733 2719 2733 2236 2225
161 1557 1339 1615 2747 2725 2730 2241 2213
162 1554 1340 1620 2743 2721 2732 2234 2223
163 1557 1337 1621 2745 2722 2728 2236 2216
164 1555 1335 1622 2745 2723 2737 2233 2225
165 1543 1335 1620 2744 2723 2732 2240 2227
166 1556 1341 1615 2739 2728 2735 2241 2212
167 1557 1337 1620 2740 2726 2735 2235 2225
168 1554 1338 1610 2745 2716 2732 2239 2219
169 1557 1335 1610 2745 2716 2736 2232 2230
170 1565 1338 1620 2744 2720 2728 2241 2226
171 1558 1339 1619 2740 2715 2732 2237 2214
172 1558 1340 1621 2742 2717 2731 2235 2222
173 1548 1339 1613 2748 2721 2729 2239 2213
174 1553 1343 1614 2742 2727 2737 2239 2229
175 1556 1342 1624 2738 2726 2730 2240 2221
176 1554 1340 1622 2738 2723 2734 2235 2215
177 1555 1336 1614 2747 2716 2734 2238 2218
178 1557 1335 1619 2737 2726 2739 2236 2213
179 1561 1341 1621 2741 2723 2732 2238 2226
180 1563 1337 1621 2739 2717 2742 2238 2223
181 1558 1339 1623 2741 2721 2731 2235 2215
182 1552 1339 1623 2738 2719 2728 2238 2223
183 1554 1330 1620 2743 2721 2732 2238 2217
184 1552 1340 1623 2739 2722 2736 2239 2228
185 1545 1339 1622 2739 2718 2740 2235 2223
186 1551 1334 1623 2742 2722 2734 2238 2215
187 1555 1342 1621 2745 2718 2726 2236 2220
188 1561 1339 1614 2746 2724 2737 2239 2217
189 1552 1338 1621 2738 2724 2733 2240 2226
190 1557 1337 1622 2743 2719 2729 2233 2224
191 1557 1338 1619 2740 2715 2732 2234 2211
192 1563 1331 1620 2738 2720 2733 2234 2222
193 1557 1338 1623 2741 2725 2730 2239 2214
194 1559 1334 1615 2741 2722 2732 2240 2229
195 1561 1338 1619 2741 2719 2735 2232 2218
196 1557 1341 1620 2735 2719 2735 2235 2213
197 1557 1340 1617 2742 2717 2734 2240 2221
198 1561 1335 1616 2740 2719 2732 2241 2214
199 1553 1339 1613 2743 2720 2735 2235 2231
200 1550 1337 1620 2741 2718 2737 2236 2215
201 1555 1335 1615 2742 2724 2729 2235 2215
202 1557 1340 1623 2739 2722 2735 2242 2221
203 1552 1337 1620 2744 2716 2739 2236 2215
204 1556 1343 1611 2740 2716 2738 2234 2228
205 1552 1333 1618 2745 2722 2731 2238 2220
206 1555 1333 1619 2742 2721 2741 2237 2216
207 1546 1338 1613 2739 2722 2734 2238 2220
208 1552 1339 1620 2737 2720 2728 2235 2217
209 1554 1340 1620 2742 2726 2726 2234 2230
210 1557 1341 1620 2745 2719 2737 2237 2219
211 1559 1339 1619 2745 2717 2737 2235 2210
212 1558 1341 1622 2737 2719 2734 2238 2222
213 1560 1337 1618 2743 2725 2732 2229 2214
214 1559 1337 1615 2744 2728 2736 2238 2232
215 1562 1333 1615 2740 2718 2737 2231 2218
216 1554 1335 1618 2738 2717 2729 2240 2215
217 1559 1338 1621 2743 2721 2728 2235 2220
218 1557 1339 1622 2739 2725 2737 2235 2217
219 1561 1334 1619 2736 2720 2736 2236 2232
220 1558 1338 1620 2745 2721 2738 2236 2217
221 1552 1343 1619 2739 2725 2737 2241 2216
222 1558 1331 1616 2733 2717 2736 2230 2219
223 1556 1339 1617 2742 2720 2733 2237 2215
224 1558 1336 1623 2745 2722 2733 2237 2230
225 1558 1340 1621 2748 2726 2733 2241 2218
226 1563 1331 1622 2736 2726 2731 2239 2215
227 1559 1332 1621 2745 2723 2736 2233 2219
228 1564 1337 1622 2734 2720 2731 2238 2216
229 1560 1338 1619 2748 2721 2734 2235 2229
230 1562 1340 1618 2747 2721 2733 2243 2216
231 1558 1337 1617 2741 2721 2737 2231 2213
232 1554 1330 1611 2745 2725 2735 2237 2221
233 1552 1339 1623 2744 2722 2736 2234 2213
234 1555 1341 1618 2746 2723 2731 2240 2232
235 1554 1331 1610 2740 2722 2730 2237 2215
236 1556 1340 1621 2742 2728 2733 2233 2215
237 1553 1337 1621 2742 2722 2735 2233 2215
238 1551 1338 1618 2736 2714 2732 2235 2216
239 1556 1340 1619 2745 2719 2732 2239 2230
240 1561 1338 1621 2744 2726 2729 2236 2219
241 1557 1341 1624 2745 2726 2728 2234 2212
242 1558 1329 1624 2741 2726 2732 2235 2220
243 1555 1344 1624 2745 2722 2738 2237 2212
244 1550 1341 1617 2736 2721 2730 2242 2230
245 1562 1341 1620 2741 2716 2733 2231 2214
246 1560 1340 1621 2738 2719 2735 2239 2217
247 1569 1337 1621 2741 2726 2737 2234 2218
248 1563 1341 1613 2745 2714 2730 2242 2216
249 1563 1340 1617 2734 2720 2727 2235 2229
250 1561 1339 1616 2739 2723 2737 2236 2216
251 1561 1337 1614 2747 2723 2741 2234 2214
252 1557 1342 1615 2742 2718 2734 2237 2221
253 1561 1338 1625 2742 2716 2730 2237 2218
254 1561 1334 1615 2739 2723 2738 2236 2232
255 1552 1337 1619 2741 2724 2732 2235 2215
256 1563 1340 1617 2740 2719 2739 2236 2218
257 1555 1336 1616 2744 2725 2733 2242 2220
258 1557 1338 1616 2735 2721 2738 2238 2220
259 1558 1339 1613 2735 2717 2732 2234 2234
260 1557 1334 1621 2742 2726 2732 2234 2214
261 1558 1338 1617 2740 2724 2739 2236 2218
262 1554 1336 1618 2748 2713 2731 2244 2221
263 1559 1336 1618 2738 2715 2733 2234 2219
264 1556 1341 1624 2746 2716 2739 2238 2236
265 1556 1334 1620 2735 2726 2728 2234 2217
266 1555 1338 1619 2742 2725 2728 2239 2222
267 1555 1336 1621 2749 2717 2740 2237 2221
268 1552 1341 1620 2741 2718 2731 2236 2224
269 1561 1337 1620 2739 2724 2731 2236 2234
270 1557 1341 1618 2744 2721 2737 2235 2220
271 1560 1337 1620 2738 2726 2733 2242 2223
272 1560 1338 1614 2741 2722 2730 2236 2223
273 1549 1336 1620 2741 2728 2733 2237 2224
274 1556 1340 1616 2740 2724 2735 2233 2235
275 1551 1343 1627 2740 2715 2729 2238 2219
276 1555 1336 1622 2743 2720 2732 2242 2221
277 1563 1339 1620 2735 2726 2743 2233 2224
278 1560 1341 1619 2740 2719 2738 2235 2218
279 1554 1340 1614 2742 2715 2738 2234 2233
280 1553 1338 1618 2737 2718 2729 2242 2217
281 1559 1340 1617 2741 2723 2729 2238 2219
282 1561 1338 1621 2741 2719 2733 2236 2219
283 1564 1343 1615 2740 2724 2731 2238 2217
284 1559 1342 1624 2745 2721 2732 2239 2233
285 1554 1332 1620 2734 2723 2739 2239 2209
286 1551 1334 1617 2748 2721 2740 2235 2216
287 1558 1334 1617 2736 2721 2733 2236 2216
288 1571 1339 1622 2747 2717 2738 2237 2220
289 1573 1337 1624 2738 2721 2735 2236 2228
290 1559 1338 1616 2735 2717 2731 2239 2213
291 1554 1339 1617 2743 2717 2740 2233 2216
292 1561 1334 1616 2738 2725 2734 2236 2216
293 1555 1340 1623 2738 2720 2733 2237 2219
294 1557 1341 1622 2744 2721 2733 2239 2228
295 1553 1335 1618 2744 2719 2730 2236 2215
296 1551 1329 1618 2738 2726 2738 2235 2217
297 1549 1332 1618 2742 2721 2732 2237 2217
298 1552 1337 1620 2743 2723 2739 2238 2219
299 1561 1339 1622 2739 2728 2735 2240 2230
300 1559 1340 1619 2747 2726 2733 2235 2215
301 1562 1339 1616 2742 2723 2734 2235 2218
302 1555 1341 1623 2741 2720 2733 2234 2218
303 1553 1340 1619 2747 2718 2735 2242 2221
304 1558 1340 1619 2743 2719 2733 2235 2231
305 1559 1333 1620 2739 2720 2732 2236 2214
306 1559 1340 1622 2740 2725 2735 2236 2217
307 1544 1337 1612 2739 2724 2737 2237 2218
308 1560 1339 1618 2737 2727 2735 2239 2220
309 1558 1331 1619 2741 2719 2729 2234 2232
310 1557 1338 1616 2735 2720 2736 2234 2210
311 1553 1335 1615 2745 2721 2735 2235 2220
312 1556 1339 1623 2745 2723 2737 2241 2218
313 1546 1337 1619 2735 2725 2731 2239 2220
314 1548 1338 1618 2741 2719 2730 2235 2232
315 1548 1337 1622 2744 2718 2739 2236 2212
316 1551 1339 1621 2747 2715 2732 2234 2220
317 1548 1328 1617 2742 2721 2737 2239 2214
318 1550 1331 1611 2745 2719 2733 2234 2223
319 1555 1337 1610 2741 2724 2728 2237 2229
320 1559 1339 1617 2746 2725 2733 2236 2212
321 1556 1340 1622 2743 2719 2727 2237 2221
322 1554 1342 1619 2744 2726 2733 2236 2217
323 1549 1331 1613 2738 2719 2730 2234 2223
324 1555 1342 1621 2738 2724 2737 2233 2230
325 1550 1337 1624 2734 2719 2728 2234 2214
326 1555 1337 1620 2745 2725 2741 2235 2216
327 1560 1334 1620 2740 2725 2731 2237 2217
328 1560 1338 1612 2734 2716 2729 2237 2224
329 1560 1341 1621 2740 2718 2736 2235 2229
330 1549 1343 1611 2742 2720 2732 2237 2212
331 1564 1335 1618 2743 2723 2737 2239 2221
332 1568 1339 1616 2746 2722 2728 2233 2213
333 1561 1335 1620 2742 2723 2733 2236 2223
334 1558 1342 1624 2743 2720 2730 2235 2229
335 1555 1337 1614 2743 2724 2735 2239 2211
336 1559 1337 1621 2737 2727 2726 2239 2222
337 1560 1339 1622 2742 2722 2738 2233 2215
338 1557 1338 1617 2746 2724 2734 2236 2225
339 1558 1338 1617 2742 2726 2731 2232 2229
340 1562 1339 1621 2742 2717 2731 2241 2215
341 1560 1337 1620 2739 2725 2736 2229 2219
342 1560 1337 1618 2745 2725 2736 2235 2216
343 1552 1337 1616 2740 2727 2741 2237 2226
344 1558 1337 1621 2742 2722 2735 2236 2228
345 1562 1339 1620 2742 2727 2730 2240 2212
346 1559 1341 1610 2749 2713 2733 2234 2220
347 1554 1337 1619 2742 2723 2739 2237 2215
348 1555 1339 1618 2741 2728 2730 2231 2220
349 1561 1334 1622 2741 2722 2739 2240 2229
350 1560 1330 1614 2735 2723 2743 2234 2209
351 1552 1340 1617 2744 2722 2734 2233 2222
352 1546 1337 1620 2734 2722 2740 2237 2216
353 1559 1337 1621 2742 2716 2740 2236 2224
354 1564 1337 1621 2745 2722 2731 2241 2225
355 1549 1340 1618 2744 2728 2736 2232 2215
356 1566 1338 1620 2740 2717 2741 2235 2223
357 1565 1338 1612 2741 2719 2741 2233 2218
358 1561 1339 1621 2739 2725 2737 2238 2226
359 1552 1336 1617 2736 2724 2734 2235 2230
360 1559 1337 1609 2743 2719 2738 2230 2213
361 1560 1336 1620 2742 2731 2739 2234 2224
362 1558 1340 1616 2751 2725 2736 2232 2219
363 1557 1335 1620 2737 2726 2736 2237 2229
364 1556 1336 1617 2735 2720 2742 2231 2229
365 1557 1338 1615 2737 2719 2740 2231 2217
366 1557 1336 1622 2749 2723 2741 2232 2224
367 1556 1336 1615 2742 2724 2747 2233 2219
368 1558 1338 1620 2744 2723 2741 2235 2231
369 1553 1339 1620 2741 2725 2743 2226 2231
370 1558 1333 1619 2747 2723 2745 2233 2220
371 1554 1336 1617 2749 2725 2748 2226 2225
372 1556 1335 1617 2744 2724 2753 2235 2220
373 1554 1336 1613 2734 2723 2745 2229 2229
374 1564 1337 1621 2745 2726 2747 2231 2233
375 1560 1337 1622 2742 2722 2744 2228 2218
376 1555 1337 1615 2740 2721 2750 2230 2229
377 1561 1337 1621 2745 2729 2753 2234 2220
378 1554 1337 1620 2743 2720 2754 2225 2230
379 1563 1335 1621 2737 2728 2752 2229 2235
380 1555 1333 1623 2744 2725 2754 2225 2220
381 1561 1332 1621 2744 2729 2757 2233 2231
382 1559 1335 1621 2746 2721 2761 2225 2220
383 1561 1334 1621 2743 2726 2759 2227 2233
384 1560 1338 1615 2738 2725 2756 2228 2227
385 1561 1334 1618 2743 2718 2761 2229 2221
386 1557 1331 1612 2747 2727 2769 2229 2227
387 1568 1339 1608 2736 2724 2766 2223 2225
388 1564 1337 1621 2736 2723 2774 2223 2237
389 1567 1335 1617 2734 2720 2777 2225 2234
390 1562 1326 1618 2739 2724 2784 2224 2219
391 1560 1332 1619 2736 2721 2777 2228 2232
392 1561 1333 1614 2736 2726 2791 2217 2220
393 1563 1332 1618 2739 2724 2793 2222 2233
394 1559 1325 1618 2731 2727 2806 2218 2225
395 1565 1337 1617 2730 2727 2811 2223 2212
396 1563 1340 1620 2732 2721 2834 2213 2222
397 1564 1334 1618 2740 2739 2844 2210 2215
398 1557 1325 1618 2730 2758 2875 2211 2229
399 1559 1328 1614 2727 2757 2903 2191 2202
400 1559 1327 1615 2737 2743 2917 2211 2219
401 1558 1320 1620 2757 2750 2960 2203 2233
402 1567 1324 1609 2755 2775 2981 2192 2222
403 1559 1321 1609 2753 2771 3003 2196 2240
404 1550 1320 1613 2737 2783 3029 2202 2237
405 1560 1322 1619 2751 2786 3052 2198 2231
406 1550 1316 1615 2762 2785 3061 2199 2248
407 1549 1324 1618 2727 2799 3097 2196 2241
408 1538 1324 1613 2752 2819 3127 2192 2260
409 1544 1325 1611 2760 2828 3140 2191 2253
410 1548 1328 1618 2763 2788 3124 2186 2249
411 1552 1321 1615 2760 2816 3158 2185 2252
412 1560 1319 1614 2744 2786 3188 2188 2246
413 1555 1326 1616 2751 2831 3191 2187 2258
414 1556 1327 1619 2729 2829 3220 2188 2251
415 1553 1327 1621 2747 2813 3226 2176 2229
416 1560 1328 1624 2743 2814 3221 2183 2239
417 1561 1329 1623 2772 2827 3259 2183 2232
418 1540 1324 1620 2769 2804 3260 2192 2255
419 1555 1322 1613 2783 2839 3262 2182 2237
420 1547 1330 1624 2724 2837 3272 2185 2227
421 1542 1317 1624 2741 2866 3309 2180 2238
422 1544 1322 1623 2745 2825 3292 2187 2236
423 1541 1317 1629 2738 2847 3322 2188 2244
424 1540 1321 1631 2755 2839 3373 2184 2242
425 1538 1316 1628 2772 2835 3368 2183 2234
426 1527 1315 1632 2749 2872 3393 2179 2241
427 1537 1310 1633 2758 2872 3419 2179 2230
428 1531 1320 1632 2740 2866 3510 2183 2249
429 1509 1322 1632 2723 2902 3575 2182 2242
430 1475 1319 1611 2743 2873 3552 2172 2254
431 1458 1306 1618 2779 2874 3515 2147 2290
432 1453 1298 1614 2730 2846 3472 2138 2324
433 1448 1274 1610 2748 2849 3409 2134 2364
434 1453 1271 1621 2773 2864 3408 2165 2378
435 1458 1269 1621 2772 2846 3361 2169 2399
436 1457 1266 1626 2755 2826 3340 2162 2443
437 1471 1270 1625 2759 2845 3291 2169 2435
438 1481 1266 1629 2747 2853 3288 2190 2436
439 1511 1264 1633 2747 2836 3238 2203 2400
440 1530 1277 1626 2782 2845 3201 2186 2370
441 1541 1276 1617 2760 2812 3212 2163 2384
442 1560 1292 1609 2745 2826 3188 2146 2429
443 1585 1295 1604 2733 2821 3161 2180 2423
444 1618 1310 1608 2739 2808 3159 2184 2295
445 1633 1306 1647 2758 2822 3175 2175 2196
446 1629 1353 1690 2750 2802 3131 2195 2263
447 1619 1363 1691 2754 2811 3127 2265 2447
448 1615 1370 1645 2755 2796 3105 2315 2540
449 1646 1366 1593 2728 2780 3088 2243 2407
450 1667 1390 1550 2732 2774 3080 2159 2268
451 1678 1414 1534 2728 2814 3100 2081 2281
452 1673 1444 1555 2737 2761 3065 2082 2350
453 1682 1456 1607 2744 2796 3096 2160 2257
454 1674 1462 1662 2746 2807 3071 2185 2126
455 1663 1443 1682 2735 2773 3067 2189 2151
456 1643 1442 1672 2769 2763 3025 2213 2259
457 1630 1438 1627 2759 2742 3056 2212 2277
458 1635 1431 1614 2757 2756 3023 2177 2189
459 1635 1418 1602 2732 2765 3023 2139 2070
460 1634 1397 1592 2741 2775 3034 2112 2058
461 1629 1389 1625 2729 2782 3034 2153 2076
462 1621 1376 1637 2739 2761 3022 2210 2100
463 1598 1352 1656 2735 2784 3041 2222 2124
464 1583 1337 1653 2761 2770 3019 2220 2115
465 1579 1320 1643 2764 2767 3017 2204 2119
466 1563 1314 1635 2739 2765 3009 2197 2130
467 1548 1302 1617 2735 2785 3039 2194 2133
468 1544 1282 1604 2734 2760 2996 2175 2133
469 1527 1273 1598 2724 2783 3014 2151 2137
470 1506 1265 1603 2737 2776 3009 2137 2224
471 1489 1252 1608 2758 2751 3025 2156 2307
472 1496 1258 1614 2751 2759 3026 2168 2316
473 1494 1254 1609 2760 2761 3009 2139 2285
474 1507 1257 1612 2747 2797 3016 2099 2225
475 1514 1272 1628 2741 2794 3026 2121 2200
476 1525 1270 1636 2766 2773 3005 2133 2203
477 1525 1270 1637 2762 2800 3023 2157 2175
478 1539 1282 1647 2738 2788 3033 2188 2218
479 1544 1271 1649 2731 2799 3013 2187 2192
480 1553 1275 1647 2730 2811 3010 2200 2166
481 1572 1293 1643 2729 2783 3010 2207 2202
482 1565 1304 1631 2748 2815 3008 2220 2209
483 1578 1316 1633 2748 2809 3025 2226 2230
484 1576 1323 1621 2743 2783 3008 2193 2227
485 1568 1339 1628 2757 2780 2986 2184 2262
486 1562 1352 1612 2761 2747 2973 2171 2304
487 1560 1361 1614 2739 2777 2998 2156 2297
488 1569 1372 1624 2757 2793 3010 2123 2272
489 1570 1381 1625 2753 2760 2994 2124 2272
490 1578 1385 1634 2744 2788 2995 2147 2313
491 1585 1382 1629 2738 2781 2990 2168 2330
492 1590 1383 1627 2728 2780 2972 2156 2285
493 1595 1377 1645 2718 2773 2974 2150 2268
494 1598 1382 1648 2741 2785 2980 2165 2255
495 1593 1381 1650 2736 2756 2975 2182 2271
496 1593 1377 1647 2746 2781 2995 2184 2260
497 1596 1364 1652 2759 2784 2983 2171 2210
498 1590 1360 1652 2746 2773 2997 2180 2196
499 1583 1361 1653 2745 2780 2993 2193 2199
500 1571 1348 1640 2741 2772 2981 2197 2234
501 1569 1347 1640 2731 2779 3002 2189 2230
502 1564 1342 1636 2741 2792 3022 2168 2212
503 1545 1331 1621 2765 2775 2973 2173 2231
504 1540 1336 1628 2765 2792 2998 2186 2253
505 1526 1333 1628 2753 2751 2993 2192 2317
506 1524 1311 1630 2739 2798 2992 2156 2293
507 1519 1310 1633 2765 2773 3000 2123 2256
508 1515 1293 1632 2747 2755 2984 2115 2303
509 1500 1290 1630 2764 2753 2958 2153 2355
510 1498 1280 1631 2751 2779 3020 2168 2413
511 1497 1266 1634 2740 2770 3020 2139 2419
512 1507 1252 1632 2761 2774 2992 2122 2413
513 1516 1238 1619 2731 2824 3042 2109 2418
514 1511 1234 1622 2729 2774 3013 2133 2422
515 1509 1237 1616 2771 2763 2998 2136 2447
516 1516 1255 1619 2739 2784 2999 2154 2443
517 1550 1263 1633 2740 2790 3025 2164 2411
518 1554 1266 1633 2737 2770 3001 2137 2368
519 1572 1281 1627 2735 2773 3014 2150 2336
520 1576 1302 1624 2757 2763 3008 2142 2318
521 1586 1318 1637 2757 2739 3024 2134 2281
522 1590 1331 1640 2750 2786 3005 2141 2268
523 1592 1337 1637 2745 2776 2997 2160 2272
524 1610 1343 1631 2737 2772 3012 2160 2225
525 1607 1347 1627 2736 2779 3015 2128 2181
526 1612 1347 1619 2739 2757 3005 2115 2155
527 1606 1351 1623 2741 2795 3022 2129 2071
528 1606 1359 1639 2768 2773 3003 2154 2132
529 1587 1351 1637 2749 2812 3008 2138 2232
530 1568 1353 1636 2725 2803 3022 2144 2343
531 1562 1367 1653 2729 2798 3006 2158 2310
532 1580 1367 1650 2740 2781 3037 2155 2245
533 1580 1362 1642 2747 2793 3004 2117 2229
534 1572 1366 1650 2743 2779 3001 2121 2291
535 1563 1366 1649 2750 2768 2992 2152 2380
536 1566 1357 1648 2742 2790 3007 2171 2356
537 1581 1364 1648 2744 2786 3014 2156 2316
538 1581 1355 1640 2726 2771 3041 2111 2296
539 1583 1350 1634 2744 2786 3010 2102 2291
540 1574 1353 1641 2743 2773 3025 2121 2364
541 1580 1344 1643 2763 2765 2991 2142 2369
542 1591 1351 1657 2729 2806 2997 2167 2322
543 1600 1349 1647 2742 2781 3019 2145 2286
544 1592 1343 1648 2741 2747 2979 2146 2255
545 1592 1341 1640 2750 2799 3002 2138 2268
546 1585 1346 1644 2739 2774 2995 2151 2257
547 1589 1342 1642 2747 2786 3013 2146 2252
548 1590 1338 1641 2730 2808 2992 2145 2256
549 1602 1325 1638 2737 2773 2986 2136 2251
550 1599 1319 1643 2743 2767 2988 2143 2239
551 1598 1322 1642 2763 2775 2988 2157 2227
552 1608 1316 1649 2754 2750 2984 2166 2200
553 1610 1326 1645 2757 2762 2970 2158 2202
554 1593 1329 1655 2763 2766 2952 2161 2205
555 1608 1328 1650 2756 2766 2972 2154 2208
556 1593 1324 1653 2757 2752 2932 2143 2157
557 1592 1327 1633 2735 2742 2912 2145 2157
558 1581 1332 1646 2729 2771 2931 2172 2183
559 1597 1339 1646 2743 2748 2906 2195 2190
560 1589 1349 1649 2732 2738 2884 2174 2205
561 1589 1346 1657 2755 2752 2888 2157 2179
562 1602 1352 1654 2755 2748 2870 2156 2166
563 1599 1359 1653 2736 2747 2868 2174 2176
564 1612 1358 1655 2741 2742 2868 2197 2157
565 1602 1373 1659 2740 2754 2865 2223 2182
566 1598 1379 1663 2750 2745 2859 2200 2193
567 1597 1386 1666 2742 2749 2855 2192 2213
568 1597 1385 1661 2739 2745 2838 2188 2218
569 1598 1389 1643 2750 2743 2840 2207 2207
570 1602 1395 1650 2740 2722 2804 2223 2197
571 1597 1399 1659 2743 2722 2810 2229 2177
572 1605 1407 1662 2748 2733 2792 2238 2176
573 1607 1413 1665 2743 2719 2776 2236 2199
574 1617 1415 1669 2742 2722 2780 2243 2199
575 1625 1420 1672 2742 2720 2771 2255 2200
576 1630 1421 1667 2744 2718 2764 2261 2154
577 1637 1420 1660 2743 2712 2762 2271 2133
578 1641 1416 1669 2733 2721 2763 2269 2122
579 1636 1423 1669 2737 2714 2760 2260 2105
580 1624 1417 1671 2742 2717 2768 2264 2113
581 1624 1420 1658 2737 2725 2768 2285 2099
582 1621 1411 1662 2732 2721 2761 2293 2117
583 1612 1403 1660 2737 2714 2771 2293 2125
584 1604 1393 1646 2737 2720 2769 2293 2111
585 1601 1381 1661 2732 2722 2773 2282 2110
586 1592 1367 1650 2735 2714 2766 2282 2117
587 1582 1349 1658 2730 2717 2766 2272 2126
588 1574 1345 1657 2741 2723 2766 2275 2129
589 1561 1330 1660 2738 2722 2774 2284 2130
590 1549 1318 1659 2742 2720 2774 2294 2173
591 1547 1315 1658 2742 2718 2771 2296 2196
592 1539 1306 1655 2730 2721 2778 2297 2212
593 1536 1304 1657 2737 2722 2770 2299 2211
594 1533 1296 1650 2731 2716 2767 2293 2199
595 1530 1292 1644 2744 2719 2768 2301 2215
596 1530 1297 1641 2731 2720 2768 2293 2225
597 1519 1306 1639 2732 2728 2779 2289 2235
598 1535 1305 1645 2734 2721 2774 2278 2180
599 1539 1305 1653 2734 2723 2779 2280 2144
600 1535 1300 1656 2743 2719 2766 2277 2186
601 1541 1300 1643 2745 2717 2773 2286 2228
602 1544 1297 1656 2746 2723 2770 2298 2233
603 1554 1305 1653 2746 2717 2768 2303 2192
604 1556 1309 1651 2739 2725 2766 2292 2157
605 1549 1314 1647 2743 2718 2773 2281 2195
606 1548 1321 1654 2748 2714 2770 2278 2218
607 1555 1329 1652 2743 2730 2767 2274 2234
608 1563 1329 1640 2728 2720 2765 2275 2217
609 1568 1330 1650 2737 2713 2768 2280 2211
610 1579 1334 1648 2735 2714 2761 2277 2239
611 1573 1346 1655 2736 2724 2766 2283 2230
612 1578 1356 1656 2737 2720 2750 2287 2234
613 1592 1354 1651 2734 2714 2766 2291 2236
614 1598 1354 1649 2738 2726 2763 2270 2208
615 1602 1365 1654 2731 2714 2751 2277 2209
616 1594 1360 1657 2716 2712 2757 2278 2205
617 1600 1361 1656 2739 2724 2759 2289 2209
618 1599 1373 1659 2733 2719 2760 2278 2187
619 1597 1363 1661 2737 2713 2753 2283 2176
620 1604 1367 1653 2739 2720 2749 2293 2184
621 1586 1360 1656 2740 2720 2756 2290 2169
622 1598 1351 1654 2734 2714 2760 2292 2179
623 1597 1355 1651 2733 2721 2757 2283 2167
624 1593 1346 1652 2736 2718 2751 2289 2165
625 1590 1345 1648 2737 2723 2755 2288 2171
626 1587 1345 1652 2737 2717 2754 2286 2166
627 1577 1336 1653 2743 2721 2757 2291 2181
628 1576 1338 1652 2739 2719 2750 2287 2186
629 1578 1333 1655 2742 2715 2742 2293 2178
630 1571 1334 1654 2737 2723 2750 2291 2186
631 1572 1333 1648 2735 2721 2751 2293 2175
632 1563 1333 1650 2738 2721 2752 2293 2190
633 1560 1336 1654 2744 2717 2746 2291 2191
634 1568 1334 1643 2737 2724 2746 2289 2195
635 1568 1337 1642 2740 2703 2746 2281 2210
636 1571 1340 1637 2740 2719 2740 2291 2182
637 1569 1338 1644 2736 2717 2737 2282 2141
638 1581 1339 1656 2736 2722 2732 2282 2097
639 1571 1337 1666 2739 2716 2734 2283 2107
640 1567 1345 1673 2736 2706 2727 2304 2178
641 1560 1348 1662 2734 2721 2728 2324 2206
642 1571 1349 1659 2733 2721 2724 2339 2199
643 1574 1350 1645 2730 2716 2718 2330 2142
644 1595 1353 1636 2734 2717 2714 2297 2135
645 1600 1356 1635 2733 2711 2724 2281 2167
646 1604 1361 1643 2733 2708 2715 2293 2158
647 1610 1357 1653 2730 2702 2710 2306 2139
648 1612 1360 1658 2732 2698 2707 2318 2128
649 1599 1361 1661 2728 2688 2698 2316 2153
650 1602 1370 1658 2734 2687 2682 2329 2193
651 1605 1368 1652 2735 2681 2691 2316 2167
652 1597 1368 1645 2720 2672 2665 2302 2139
653 1605 1361 1626 2731 2657 2655 2284 2103
654 1608 1363 1633 2721 2654 2660 2293 2106
655 1601 1364 1638 2719 2648 2643 2307 2134
656 1603 1361 1653 2727 2628 2643 2322 2138
657 1595 1355 1657 2733 2623 2651 2322 2143
658 1584 1349 1655 2718 2630 2630 2311 2134
659 1581 1344 1652 2730 2620 2608 2311 2133
660 1574 1333 1647 2721 2612 2622 2298 2130
661 1573 1338 1644 2706 2615 2614 2296 2112
662 1578 1329 1642 2734 2588 2598 2286 2115
663 1567 1329 1644 2714 2584 2573 2289 2106
664 1568 1325 1644 2715 2590 2581 2291 2115
665 1558 1315 1647 2699 2567 2564 2304 2149
666 1550 1314 1650 2713 2563 2563 2305 2143
667 1553 1309 1652 2727 2561 2560 2298 2162
668 1548 1297 1648 2698 2568 2555 2308 2165
669 1538 1303 1643 2712 2550 2553 2309 2172
670 1537 1298 1647 2712 2552 2556 2310 2190
671 1534 1297 1648 2688 2563 2557 2300 2196
672 1526 1299 1643 2694 2543 2547 2294 2246
673 1522 1300 1643 2708 2541 2549 2293 2252
674 1533 1297 1641 2711 2543 2539 2297 2264
675 1520 1296 1634 2699 2559 2500 2305 2286
676 1529 1297 1639 2701 2547 2507 2289 2280
677 1528 1306 1641 2705 2547 2520 2265 2274
678 1536 1300 1639 2693 2525 2524 2266 2249
679 1541 1311 1642 2689 2523 2497 2279 2250
680 1548 1305 1651 2706 2527 2494 2291 2262
681 1554 1321 1651 2685 2497 2486 2290 2235
682 1554 1321 1655 2709 2539 2509 2304 2242
683 1550 1326 1652 2689 2525 2521 2301 2227
684 1562 1326 1643 2700 2543 2513 2302 2225
685 1567 1328 1637 2713 2506 2480 2284 2212
686 1564 1330 1632 2699 2509 2489 2277 2203
687 1563 1339 1623 2690 2499 2492 2271 2206
688 1564 1343 1639 2696 2503 2494 2268 2178
689 1561 1337 1640 2718 2515 2500 2264 2169
690 1548 1343 1649 2706 2531 2476 2267 2191
691 1542 1341 1649 2695 2515 2484 2273 2208
692 1540 1330 1641 2681 2490 2470 2269 2232
693 1542 1325 1644 2707 2509 2476 2278 2224
694 1540 1312 1639 2709 2496 2465 2274 2241
695 1542 1305 1634 2691 2494 2488 2269 2268
696 1548 1306 1640 2697 2486 2471 2260 2268
697 1545 1308 1636 2692 2519 2506 2248 2304
698 1551 1307 1639 2686 2490 2487 2240 2319
699 1541 1307 1649 2695 2496 2450 2244 2328
700 1540 1312 1642 2683 2502 2476 2254 2341
701 1545 1325 1633 2686 2485 2474 2274 2346
702 1554 1333 1636 2714 2477 2471 2280 2344
703 1569 1341 1629 2709 2489 2451 2264 2309
704 1586 1336 1630 2689 2485 2450 2232 2273
705 1603 1333 1631 2706 2491 2458 2222 2236
706 1609 1331 1627 2701 2503 2490 2222 2195
707 1604 1336 1631 2692 2483 2469 2242 2188
708 1615 1334 1648 2690 2480 2481 2248 2169
709 1603 1326 1651 2703 2498 2489 2264 2191
710 1605 1333 1655 2708 2512 2451 2259 2170
711 1590 1330 1651 2704 2488 2482 2257 2135
712 1596 1331 1637 2692 2491 2481 2267 2145
713 1578 1333 1626 2686 2515 2490 2250 2152
714 1578 1329 1627 2688 2499 2481 2239 2159
715 1580 1322 1631 2704 2524 2488 2222 2133
716 1567 1324 1635 2698 2527 2486 2236 2137
717 1577 1328 1647 2687 2523 2487 2252 2185
718 1571 1331 1649 2715 2508 2495 2267 2188
719 1566 1328 1649 2688 2510 2500 2264 2186
720 1556 1340 1649 2694 2488 2506 2254 2188
721 1553 1342 1645 2697 2511 2495 2252 2187
722 1555 1347 1644 2699 2502 2486 2246 2218
723 1552 1344 1641 2703 2509 2517 2243 2207
724 1549 1351 1639 2697 2527 2508 2244 2210
725 1555 1346 1638 2703 2532 2480 2244 2223
726 1553 1341 1644 2689 2528 2495 2239 2226
727 1556 1347 1649 2699 2508 2512 2244 2244
728 1561 1342 1648 2682 2504 2494 2262 2238
729 1554 1344 1639 2707 2525 2501 2256 2253
730 1568 1343 1640 2711 2517 2509 2251 2252
731 1567 1344 1632 2682 2523 2500 2248 2233
732 1570 1343 1631 2687 2548 2490 2253 2240
733 1573 1344 1637 2704 2525 2524 2258 2248
734 1574 1340 1644 2716 2517 2509 2254 2250
735 1583 1342 1643 2694 2511 2484 2256 2223
736 1590 1340 1642 2683 2532 2521 2250 2205
737 1587 1343 1641 2691 2527 2491 2256 2231
738 1581 1343 1642 2708 2537 2497 2244 2215
739 1585 1341 1639 2698 2535 2505 2244 2199
740 1583 1323 1633 2721 2540 2533 2236 2179
741 1577 1325 1625 2701 2545 2551 2236 2192
742 1585 1323 1631 2706 2541 2528 2241 2219
743 1583 1316 1635 2685 2550 2528 2239 2192
744 1580 1313 1640 2709 2541 2553 2241 2172
745 1560 1321 1639 2709 2563 2559 2244 2196
746 1561 1329 1632 2705 2552 2529 2255 2224
747 1565 1322 1623 2717 2565 2547 2240 2144
748 1561 1328 1640 2718 2586 2542 2234 2083
749 1553 1325 1645 2704 2583 2558 2253 2176
750 1545 1325 1651 2707 2568 2542 2261 2258
751 1549 1327 1637 2701 2559 2538 2255 2209
752 1568 1321 1632 2706 2549 2540 2243 2126
753 1563 1326 1632 2712 2530 2533 2237 2118
754 1561 1332 1641 2712 2540 2526 2239 2182
755 1552 1333 1644 2705 2568 2542 2251 2165
756 1559 1329 1648 2704 2582 2580 2249 2158
757 1549 1329 1636 2710 2574 2585 2247 2225
758 1537 1323 1641 2718 2590 2586 2248 2250
759 1542 1319 1634 2712 2608 2604 2247 2271
760 1546 1311 1629 2713 2601 2608 2237 2292
761 1545 1318 1628 2719 2621 2616 2218 2315
762 1552 1318 1619 2714 2626 2619 2218 2305
763 1571 1331 1631 2716 2618 2628 2227 2240
764 1582 1340 1636 2720 2611 2612 2231 2234
765 1579 1345 1645 2718 2633 2625 2235 2237
766 1586 1349 1650 2715 2629 2621 2242 2208
767 1581 1358 1656 2725 2634 2626 2266 2179
768 1583 1360 1655 2716 2638 2636 2266 2147
769 1578 1360 1647 2721 2633 2638 2263 2161
770 1578 1355 1643 2721 2638 2636 2245 2154
771 1571 1350 1637 2718 2653 2643 2241 2159
772 1565 1340 1634 2718 2645 2638 2233 2186
773 1559 1334 1636 2714 2648 2651 2230 2199
774 1558 1327 1633 2716 2648 2654 2232 2227
775 1554 1323 1637 2719 2641 2645 2229 2234
776 1554 1318 1632 2724 2650 2658 2232 2251
777 1560 1323 1642 2726 2643 2650 2227 2268
778 1553 1319 1637 2722 2654 2648 2234 2255
779 1555 1329 1639 2707 2641 2642 2237 2258
780 1562 1327 1639 2723 2646 2664 2241 2243
781 1574 1326 1639 2723 2645 2662 2245 2239
782 1567 1331 1644 2714 2632 2648 2235 2232
783 1569 1335 1643 2737 2639 2643 2244 2207
784 1568 1331 1641 2723 2646 2661 2239 2208
785 1572 1330 1636 2732 2633 2654 2251 2200
786 1569 1336 1640 2724 2664 2661 2240 2196
787 1562 1337 1639 2719 2644 2656 2239 2204
788 1566 1335 1631 2724 2634 2660 2235 2184
789 1572 1340 1634 2727 2651 2651 2239 2197
790 1564 1326 1628 2722 2644 2649 2237 2191
791 1560 1336 1637 2721 2645 2658 2234 2205
792 1567 1332 1635 2721 2645 2653 2239 2217
793 1565 1333 1636 2720 2647 2652 2236 2204
794 1563 1335 1641 2722 2645 2643 2242 2216
795 1561 1332 1627 2725 2639 2654 2234 2209
796 1565 1338 1639 2727 2654 2656 2234 2216
797 1562 1331 1640 2724 2654 2660 2233 2219
798 1566 1339 1640 2720 2652 2647 2233 2203
799 1565 1339 1638 2710 2640 2643 2234 2205
800 1560 1339 1640 2721 2639 2648 2232 2202
801 1557 1335 1638 2731 2629 2648 2236 2203
802 1563 1335 1640 2729 2639 2642 2237 2216
803 1564 1337 1644 2724 2645 2639 2239 2200
804 1561 1335 1639 2726 2637 2645 2242 2212
805 1570 1332 1641 2724 2625 2637 2238 2203
806 1566 1333 1641 2719 2637 2644 2240 2210
807 1555 1331 1634 2721 2631 2638 2237 2224
808 1563 1334 1643 2712 2631 2641 2241 2208
809 1562 1334 1635 2725 2643 2636 2236 2215
810 1568 1324 1641 2709 2638 2625 2235 2209
811 1565 1335 1640 2721 2628 2629 2239 2224
812 1566 1332 1637 2717 2639 2632 2234 2224
813 1564 1334 1639 2718 2630 2637 2244 2208
814 1560 1332 1639 2714 2632 2639 2235 2213
815 1565 1337 1639 2721 2625 2616 2240 2216
816 1561 1335 1639 2718 2620 2615 2236 2220
817 1576 1334 1641 2712 2615 2619 2243 2216
818 1568 1335 1640 2723 2623 2626 2241 2200
819 1570 1340 1636 2712 2605 2609 2237 2210
820 1566 1338 1634 2712 2610 2595 2236 2203
821 1568 1340 1639 2720 2613 2598 2237 2215
822 1570 1339 1640 2713 2605 2588 2239 2212
823 1566 1340 1641 2703 2594 2581 2237 2196
824 1563 1340 1638 2716 2569 2570 2241 2205
825 1568 1338 1635 2703 2559 2562 2239 2205
826 1574 1338 1630 2690 2555 2542 2240 2206
827 1578 1339 1642 2719 2576 2587 2247 2205
828 1569 1345 1645 2727 2654 2661 2241 2173
829 1556 1351 1642 2725 2647 2654 2245 2168
830 1552 1350 1643 2726 2671 2669 2240 2169
831 1541 1348 1642 2726 2677 2671 2257 2225
832 1537 1333 1639 2730 2686 2692 2255 2261
833 1531 1325 1637 2730 2695 2712 2247 2261
834 1539 1317 1631 2736 2694 2713 2231 2292
835 1540 1315 1631 2733 2709 2718 2219 2284
836 1563 1311 1638 2739 2707 2725 2229 2279
837 1564 1307 1633 2740 2717 2724 2228 2284
838 1561 1319 1642 2746 2714 2729 2237 2292
839 1563 1326 1642 2743 2711 2724 2239 2299
840 1570 1328 1628 2741 2709 2717 2248 2261
841 1570 1338 1629 2741 2717 2728 2244 2284
842 1563 1341 1632 2742 2721 2733 2232 2285
843 1583 1339 1617 2741 2715 2727 2226 2210
844 1587 1345 1634 2742 2715 2731 2235 2174
845 1589 1332 1640 2742 2718 2728 2239 2178
846 1584 1338 1641 2738 2723 2733 2228 2220
847 1584 1338 1647 2740 2718 2732 2228 2191
848 1589 1339 1638 2739 2714 2736 2238 2156
849 1579 1337 1640 2744 2717 2737 2247 2175
850 1572 1340 1638 2741 2728 2729 2247 2187
851 1569 1343 1640 2742 2718 2729 2238 2192
852 1565 1341 1635 2735 2721 2734 2234 2179
853 1561 1338 1632 2741 2714 2729 2225 2177
854 1563 1337 1632 2732 2724 2731 2237 2212
855 1555 1334 1640 2742 2723 2728 2230 2215
856 1554 1338 1636 2741 2717 2733 2236 2234
857 1553 1334 1641 2733 2720 2729 2228 2235
858 1551 1333 1635 2735 2719 2734 2234 2238
859 1553 1334 1642 2742 2727 2737 2233 2249
860 1563 1336 1637 2742 2717 2737 2233 2246
861 1561 1337 1635 2745 2719 2733 2233 2251
862 1560 1336 1636 2735 2726 2731 2232 2247
863 1564 1340 1637 2732 2723 2734 2239 2232
864 1569 1338 1633 2741 2714 2729 2235 2238
865 1572 1336 1639 2744 2723 2734 2232 2223
866 1575 1339 1629 2735 2714 2731 2236 2235
867 1569 1339 1633 2738 2722 2734 2237 2226
868 1574 1338 1637 2743 2722 2730 2241 2209
869 1573 1338 1640 2736 2719 2731 2237 2214
870 1562 1335 1638 2741 2720 2737 2239 2205
871 1571 1337 1635 2744 2715 2734 2233 2213
872 1572 1335 1638 2744 2718 2735 2239 2209
873 1570 1334 1639 2737 2716 2729 2235 2199
874 1568 1337 1634 2736 2723 2729 2235 2208
875 1565 1326 1639 2740 2724 2734 2239 2201
876 1569 1334 1633 2742 2717 2732 2238 2220
877 1565 1332 1636 2744 2720 2739 2239 2210
878 1571 1333 1638 2744 2728 2734 2236 2210
879 1561 1332 1635 2735 2721 2730 2237 2223
880 1560 1337 1637 2734 2718 2730 2235 2218
881 1554 1333 1639 2739 2718 2734 2242 2234
882 1565 1332 1634 2745 2714 2727 2240 2231
883 1569 1337 1637 2745 2720 2733 2235 2229
884 1558 1334 1637 2737 2721 2732 2235 2237
885 1563 1337 1639 2738 2717 2732 2236 2231
886 1564 1335 1631 2748 2715 2730 2240 2241
887 1563 1338 1641 2738 2718 2738 2236 2236
888 1564 1336 1637 2738 2722 2737 2234 2224
889 1568 1340 1636 2740 2725 2731 2235 2232
890 1569 1342 1637 2742 2723 2730 2237 2220
891 1559 1336 1634 2737 2726 2733 2241 2233
892 1574 1340 1637 2739 2727 2733 2233 2218
893 1572 1336 1635 2740 2713 2733 2238 2217
894 1574 1337 1638 2740 2719 2736 2234 2218
895 1568 1342 1640 2734 2722 2729 2238 2211
896 1566 1337 1640 2740 2727 2734 2235 2223
897 1567 1338 1636 2742 2717 2737 2234 2217
898 1578 1335 1627 2739 2715 2734 2237 2203
899 1569 1336 1637 2740 2714 2736 2237 2214
900 1559 1332 1636 2733 2720 2738 2244 2209
901 1565 1330 1632 2740 2721 2731 2232 2224
902 1563 1328 1632 2743 2725 2728 2236 2215
903 1566 1329 1638 2743 2717 2727 2236 2209
904 1561 1336 1635 2741 2722 2733 2238 2216
905 1554 1333 1636 2742 2721 2733 2242 2216
906 1559 1329 1632 2740 2723 2737 2233 2227
907 1564 1337 1638 2737 2719 2728 2238 2219
908 1568 1337 1638 2744 2723 2734 2232 2212
909 1555 1333 1637 2741 2717 2735 2242 2224
910 1565 1330 1635 2734 2716 2736 2230 2214
911 1565 1336 1637 2736 2721 2733 2237 2233
912 1570 1334 1636 2735 2721 2734 2236 2218
913 1577 1338 1637 2742 2719 2733 2240 2216
914 1577 1339 1632 2734 2721 2736 2239 2220
915 1564 1338 1640 2744 2718 2730 2236 2218
916 1574 1331 1636 2735 2721 2733 2236 2229
917 1564 1329 1638 2736 2724 2730 2237 2217
918 1568 1333 1637 2740 2715 2734 2241 2212
919 1565 1333 1641 2738 2727 2731 2238 2219
920 1569 1338 1639 2745 2720 2730 2232 2212
921 1577 1329 1639 2741 2718 2731 2239 2230
922 1575 1335 1635 2741 2719 2736 2235 2212
923 1570 1336 1641 2745 2719 2738 2245 2213
924 1564 1335 1636 2737 2718 2735 2233 2214
925 1565 1333 1634 2739 2720 2731 2240 2213
926 1570 1333 1639 2742 2725 2735 2237 2229
927 1567 1336 1636 2743 2718 2733 2239 2213
928 1568 1337 1636 2742 2719 2733 2240 2215
929 1562 1336 1637 2737 2722 2729 2234 2218
930 1562 1330 1634 2744 2719 2736 2239 2214
931 1563 1336 1636 2739 2718 2734 2237 2232
932 1565 1333 1637 2748 2722 2740 2241 2216
933 1558 1339 1633 2744 2724 2734 2238 2217
934 1567 1331 1636 2733 2722 2734 2236 2220
935 1560 1336 1637 2741 2719 2733 2238 2218
936 1556 1331 1640 2739 2722 2732 2238 2230
937 1566 1334 1631 2745 2722 2734 2241 2216
938 1567 1336 1630 2739 2723 2731 2236 2214
939 1567 1337 1639 2744 2729 2734 2239 2219
940 1566 1336 1637 2736 2717 2728 2238 2218
941 1571 1338 1638 2734 2714 2738 2243 2231
942 1573 1335 1637 2740 2721 2734 2236 2215
943 1562 1339 1631 2742 2721 2739 2235 2215
944 1564 1331 1639 2743 2723 2734 2240 2219
945 1564 1334 1635 2740 2727 2738 2239 2213
946 1565 1331 1635 2739 2723 2739 2245 2232
947 1571 1338 1636 2737 2722 2738 2231 2211
948 1571 1332 1637 2743 2724 2734 2239 2216
949 1570 1339 1638 2740 2722 2732 2235 2215
950 1563 1340 1636 2734 2718 2731 2241 2217
951 1567 1335 1638 2749 2729 2733 2239 2229
952 1569 1337 1631 2748 2727 2735 2237 2216
953 1564 1337 1634 2742 2723 2729 2237 2212
954 1571 1334 1630 2739 2724 2734 2238 2221
955 1569 1336 1631 2734 2720 2737 2242 2213
956 1567 1330 1638 2739 2723 2729 2234 2230
957 1558 1333 1637 2742 2724 2736 2238 2213
958 1561 1339 1637 2737 2719 2734 2217 2190
959 1567 1338 1638 2724 2714 2727 2215 2189
960 1557 1342 1640 2731 2719 2714 2215 2184
961 1551 1343 1646 2724 2715 2737 2236 2233
962 1556 1338 1639 2746 2728 2739 2239 2211
963 1558 1338 1638 2740 2724 2736 2236 2217
964 1564 1336 1634 2742 2716 2731 2241 2217
965 1563 1334 1625 2744 2716 2738 2240 2219
966 1567 1331 1639 2740 2718 2737 2240 2231
967 1563 1336 1637 2743 2721 2733 2238 2214
968 1559 1329 1628 2747 2725 2738 2240 2217
969 1563 1339 1628 2737 2718 2736 2243 2217
970 1566 1330 1638 2739 2719 2736 2236 2214
971 1557 1339 1639 2741 2724 2735 2240 2230
972 1564 1341 1636 2746 2723 2731 2240 2213
973 1563 1337 1637 2744 2722 2729 2241 2217
974 1564 1331 1637 2741 2720 2731 2240 2217
975 1568 1340 1641 2744 2726 2736 2237 2218
976 1570 1334 1643 2739 2724 2739 2238 2228
977 1567 1336 1631 2742 2715 2736 2241 2213
978 1567 1338 1633 2737 2721 2735 2242 2215
979 1569 1336 1631 2735 2726 2734 2236 2217
980 1566 1334 1625 2723 2708 2713 2202 2195
981 1568 1338 1637 2737 2724 2740 2221 2224
982 1570 1328 1638 2737 2724 2739 2239 2214
983 1564 1339 1627 2739 2720 2732 2244 2219
984 1569 1333 1634 2742 2725 2729 2236 2217
985 1573 1336 1636 2744 2713 2728 2242 2220
986 1565 1336 1628 2735 2722 2738 2235 2229
987 1567 1335 1635 2742 2719 2733 2243 2214
988 1569 1337 1640 2744 2718 2737 2238 2217
989 1571 1337 1633 2742 2722 2734 2238 2216
990 1567 1335 1637 2742 2722 2732 2238 2217
991 1563 1334 1632 2746 2720 2738 2240 2231
992 1567 1335 1633 2738 2726 2737 2245 2214
993 1554 1336 1640 2737 2725 2733 2237 2217
994 1565 1335 1635 2745 2729 2735 2240 2217
995 1565 1335 1636 2737 2727 2733 2234 2218
996 1564 1337 1633 2740 2721 2732 2242 2232
997 1564 1335 1639 2740 2722 2739 2237 2212
998 1558 1338 1637 2740 2723 2735 2239 2220
999 1569 1337 1640 2737 2721 2736 2236 2214
1000 1568 1336 1638 2741 2723 2737 2240 2219
1001 1558 1338 1631 2744 2724 2733 2242 2228
1002 1564 1332 1641 2739 2726 2735 2235 2212
1003 1558 1335 1625 2744 2716 2734 2239 2216
1004 1561 1331 1630 2738 2726 2736 2236 2216
1005 1564 1333 1627 2738 2719 2738 2244 2216
1006 1567 1340 1637 2745 2719 2736 2241 2231
1007 1567 1335 1638 2737 2717 2736 2234 2212
1008 1569 1338 1635 2742 2718 2736 2239 2219
1009 1569 1336 1634 2740 2722 2733 2233 2214
1010 1576 1337 1637 2739 2726 2737 2243 2221
1011 1560 1339 1640 2741 2719 2738 2240 2231
1012 1560 1332 1634 2744 2717 2739 2238 2214
1013 1563 1340 1641 2739 2716 2738 2239 2221
1014 1559 1337 1641 2740 2724 2737 2241 2214
1015 1560 1339 1634 2744 2725 2737 2244 2222
1016 1561 1332 1630 2736 2722 2733 2234 2227
1017 1561 1335 1637 2745 2720 2732 2240 2213
1018 1564 1332 1635 2740 2720 2732 2237 2218
1019 1552 1339 1638 2743 2723 2729 2245 2198
1020 1555 1336 1636 2717 2696 2696 2208 2197
1021 1551 1341 1640 2734 2714 2735 2221 2198
1022 1552 1342 1633 2727 2719 2714 2219 2185
1023 1548 1337 1642 2734 2713 2727 2222 2190
