0 1542 1319 1623 2738 2697 2712 2242 2244
1 1539 1319 1622 2737 2702 2720 2232 2246
2 1543 1320 1621 2736 2704 2714 2230 2255
3 1548 1317 1616 2741 2709 2716 2219 2243
4 1548 1306 1613 2738 2712 2718 2222 2244
5 1556 1320 1613 2743 2710 2719 2227 2250
6 1556 1321 1612 2737 2714 2723 2230 2244
7 1554 1327 1622 2736 2706 2724 2233 2242
8 1555 1336 1622 2744 2714 2724 2242 2223
9 1550 1336 1622 2734 2721 2721 2244 2215
10 1556 1341 1618 2742 2720 2720 2236 2215
11 1556 1334 1624 2739 2720 2725 2238 2204
12 1554 1344 1625 2742 2721 2735 2237 2220
13 1554 1342 1624 2743 2719 2733 2246 2213
14 1552 1344 1621 2747 2725 2734 2237 2220
15 1555 1343 1616 2739 2717 2728 2231 2228
16 1550 1332 1621 2734 2723 2732 2232 2234
17 1551 1339 1621 2733 2721 2735 2228 2249
18 1553 1336 1622 2742 2724 2733 2236 2237
19 1551 1342 1621 2748 2722 2740 2227 2240
20 1548 1333 1618 2742 2724 2732 2223 2239
21 1560 1336 1619 2740 2719 2737 2226 2239
22 1558 1339 1621 2736 2727 2739 2232 2251
23 1561 1333 1622 2740 2717 2737 2229 2230
24 1554 1336 1618 2754 2732 2738 2227 2229
25 1558 1338 1619 2745 2726 2735 2229 2226
26 1553 1337 1622 2738 2719 2739 2224 2224
27 1554 1333 1614 2740 2731 2741 2233 2235
28 1554 1336 1624 2736 2729 2736 2224 2215
29 1552 1331 1618 2748 2729 2744 2228 2222
30 1555 1331 1622 2744 2721 2745 2229 2221
31 1553 1330 1621 2742 2721 2744 2225 2223
32 1552 1331 1619 2736 2724 2738 2235 2240
33 1554 1334 1614 2746 2720 2745 2223 2222
34 1552 1331 1620 2740 2730 2744 2230 2228
35 1555 1329 1620 2743 2723 2749 2226 2234
36 1556 1326 1619 2743 2733 2744 2230 2235
37 1554 1336 1622 2743 2730 2743 2229 2252
38 1548 1331 1620 2739 2727 2750 2221 2231
39 1559 1331 1625 2743 2722 2754 2225 2240
40 1552 1334 1620 2745 2730 2750 2224 2243
41 1558 1337 1615 2744 2723 2759 2225 2242
42 1554 1329 1621 2740 2724 2765 2220 2256
43 1554 1336 1625 2746 2724 2756 2222 2235
44 1555 1334 1619 2745 2726 2758 2222 2237
45 1556 1338 1621 2746 2726 2759 2225 2237
46 1555 1336 1614 2740 2727 2767 2222 2232
47 1557 1333 1615 2735 2724 2767 2217 2242
48 1557 1334 1622 2742 2729 2773 2223 2224
49 1554 1335 1619 2737 2723 2773 2216 2229
50 1560 1328 1623 2738 2729 2784 2227 2229
51 1554 1329 1621 2744 2720 2790 2215 2225
52 1557 1328 1623 2739 2724 2800 2215 2244
53 1549 1316 1610 2729 2728 2804 2217 2231
54 1552 1324 1622 2748 2725 2817 2209 2236
55 1549 1322 1614 2738 2731 2822 2209 2242
56 1552 1313 1617 2746 2728 2844 2196 2246
57 1544 1314 1620 2744 2735 2848 2201 2260
58 1552 1308 1621 2752 2739 2858 2194 2243
59 1541 1310 1622 2743 2751 2881 2204 2254
60 1548 1303 1610 2753 2749 2896 2204 2256
61 1551 1311 1625 2739 2740 2901 2200 2259
62 1555 1308 1620 2744 2764 2914 2202 2270
63 1558 1307 1614 2759 2769 2927 2201 2249
64 1550 1310 1618 2736 2749 2933 2202 2246
65 1541 1311 1621 2746 2775 2954 2203 2247
66 1545 1316 1613 2746 2750 2949 2202 2250
67 1544 1307 1618 2780 2746 2948 2195 2264
68 1547 1309 1618 2754 2788 2975 2200 2246
69 1546 1318 1617 2752 2760 2960 2203 2258
70 1543 1314 1616 2741 2784 2972 2192 2266
71 1542 1324 1614 2749 2762 2969 2203 2271
72 1545 1327 1621 2749 2768 2973 2199 2284
73 1541 1325 1607 2745 2789 2983 2200 2280
74 1552 1326 1614 2712 2808 2986 2189 2282
75 1553 1328 1600 2733 2769 2996 2170 2265
76 1550 1327 1609 2737 2787 2995 2171 2265
77 1560 1335 1613 2766 2765 2979 2175 2273
78 1558 1328 1622 2759 2774 2990 2174 2241
79 1557 1335 1623 2734 2778 2992 2167 2242
80 1560 1343 1628 2759 2748 2979 2180 2227
81 1565 1335 1627 2762 2774 2983 2191 2233
82 1563 1335 1626 2729 2792 2995 2199 2240
83 1557 1334 1622 2725 2793 3005 2188 2211
84 1558 1336 1623 2744 2786 3004 2177 2219
85 1557 1333 1617 2744 2782 3007 2170 2208
86 1558 1333 1619 2747 2776 3023 2173 2209
87 1558 1328 1613 2733 2771 3013 2172 2222
88 1547 1318 1623 2771 2789 3019 2154 2191
89 1545 1322 1620 2752 2791 3049 2162 2191
90 1551 1325 1623 2756 2820 3039 2173 2203
91 1539 1315 1624 2722 2819 3026 2182 2227
92 1554 1316 1626 2715 2790 3032 2178 2215
93 1550 1312 1625 2747 2796 3060 2173 2196
94 1543 1314 1627 2741 2805 3062 2196 2249
95 1549 1314 1632 2748 2785 3056 2205 2275
96 1545 1322 1622 2733 2791 3041 2200 2275
97 1546 1320 1623 2734 2776 3031 2176 2272
98 1549 1322 1624 2752 2752 3027 2165 2260
99 1538 1331 1623 2756 2797 3050 2160 2277
100 1550 1338 1627 2733 2812 3032 2176 2289
101 1548 1333 1618 2722 2799 3041 2187 2307
102 1553 1342 1629 2741 2767 2997 2179 2316
103 1553 1346 1633 2767 2786 3011 2179 2291
104 1566 1345 1629 2766 2772 2989 2163 2287
105 1562 1343 1622 2741 2779 2965 2176 2281
106 1560 1343 1636 2743 2776 2962 2181 2285
107 1558 1350 1635 2742 2760 2952 2190 2299
108 1568 1351 1634 2740 2768 2941 2201 2301
109 1569 1346 1627 2725 2757 2934 2182 2287
110 1564 1339 1629 2733 2767 2935 2175 2273
111 1565 1342 1625 2743 2753 2913 2161 2286
112 1558 1340 1628 2740 2738 2911 2173 2311
113 1563 1336 1626 2754 2773 2903 2179 2317
114 1567 1334 1629 2737 2744 2903 2194 2312
115 1568 1332 1631 2750 2753 2902 2191 2293
116 1574 1337 1629 2746 2752 2897 2181 2283
117 1577 1337 1635 2718 2755 2876 2180 2294
118 1575 1341 1628 2757 2739 2859 2175 2299
119 1579 1341 1624 2750 2734 2875 2181 2299
120 1573 1328 1616 2742 2745 2880 2175 2275
121 1582 1339 1621 2735 2746 2860 2185 2262
122 1580 1335 1617 2747 2761 2874 2185 2271
123 1573 1340 1624 2752 2751 2866 2189 2247
124 1579 1344 1630 2752 2754 2852 2186 2238
125 1576 1331 1629 2739 2739 2863 2171 2200
126 1582 1335 1638 2740 2739 2849 2188 2190
127 1579 1335 1630 2753 2733 2856 2201 2205
128 1575 1338 1649 2739 2751 2855 2232 2174
129 1581 1346 1642 2734 2737 2827 2224 2201
130 1578 1336 1628 2738 2740 2820 2215 2204
131 1584 1340 1635 2757 2740 2823 2215 2199
132 1585 1337 1622 2742 2753 2835 2211 2207
133 1577 1341 1616 2739 2739 2807 2210 2200
134 1570 1351 1623 2732 2733 2801 2207 2218
135 1572 1364 1629 2759 2726 2800 2211 2213
136 1568 1358 1633 2744 2720 2796 2204 2217
137 1566 1374 1638 2741 2732 2797 2216 2228
138 1570 1364 1633 2746 2721 2798 2216 2216
139 1574 1367 1639 2731 2720 2780 2219 2216
140 1574 1375 1633 2743 2724 2772 2228 2197
141 1574 1376 1639 2744 2718 2772 2232 2215
142 1584 1371 1640 2733 2711 2769 2247 2228
143 1586 1374 1636 2736 2725 2770 2238 2215
144 1585 1375 1634 2734 2716 2765 2242 2222
145 1589 1379 1635 2737 2728 2760 2243 2213
146 1587 1381 1629 2737 2734 2756 2245 2225
147 1588 1382 1635 2743 2729 2751 2251 2229
148 1582 1385 1638 2742 2717 2747 2246 2202
149 1580 1379 1639 2738 2713 2745 2256 2211
150 1585 1377 1632 2739 2724 2751 2256 2204
151 1587 1377 1633 2741 2722 2750 2262 2210
152 1589 1374 1637 2737 2720 2744 2267 2210
153 1593 1377 1632 2737 2718 2745 2265 2191
154 1585 1375 1638 2740 2718 2744 2271 2198
155 1593 1369 1629 2741 2712 2748 2273 2184
156 1587 1362 1632 2741 2721 2748 2274 2183
157 1581 1363 1638 2740 2718 2741 2271 2174
158 1593 1366 1639 2734 2719 2741 2276 2157
159 1592 1361 1637 2742 2722 2739 2276 2154
160 1590 1357 1638 2737 2710 2738 2284 2126
161 1594 1360 1634 2737 2717 2739 2278 2127
162 1578 1360 1639 2743 2721 2737 2276 2135
163 1578 1352 1638 2743 2722 2736 2288 2129
164 1573 1343 1636 2745 2720 2732 2284 2145
165 1561 1339 1625 2739 2715 2740 2293 2147
166 1555 1333 1633 2744 2727 2739 2288 2165
167 1546 1329 1630 2736 2719 2733 2293 2176
168 1543 1326 1634 2741 2724 2732 2294 2177
169 1549 1329 1635 2744 2716 2729 2284 2200
170 1544 1327 1631 2736 2718 2726 2282 2201
171 1546 1329 1634 2741 2718 2725 2269 2217
172 1550 1329 1624 2741 2724 2722 2281 2226
173 1550 1332 1635 2740 2714 2718 2285 2220
174 1556 1329 1628 2740 2721 2721 2290 2228
175 1560 1326 1633 2736 2709 2720 2289 2213
176 1563 1331 1635 2740 2718 2720 2289 2230
177 1562 1339 1634 2740 2707 2718 2292 2229
178 1565 1343 1631 2737 2705 2711 2288 2202
179 1558 1339 1630 2732 2702 2698 2291 2206
180 1568 1340 1632 2731 2701 2707 2281 2192
181 1573 1339 1623 2736 2697 2701 2284 2204
182 1571 1345 1637 2734 2688 2690 2285 2201
183 1572 1342 1634 2733 2690 2693 2285 2178
184 1569 1342 1621 2728 2690 2700 2287 2183
185 1566 1343 1633 2736 2677 2682 2284 2175
186 1568 1342 1635 2728 2674 2686 2289 2184
187 1572 1350 1636 2727 2676 2674 2294 2181
188 1568 1349 1630 2729 2667 2672 2298 2167
189 1556 1348 1623 2724 2665 2675 2286 2174
190 1569 1346 1630 2729 2659 2673 2283 2168
191 1567 1343 1633 2729 2666 2666 2285 2181
192 1567 1346 1632 2719 2653 2668 2282 2183
193 1558 1332 1630 2728 2655 2653 2290 2176
194 1559 1337 1627 2721 2670 2675 2281 2187
195 1557 1337 1629 2716 2659 2662 2285 2184
196 1564 1327 1624 2720 2634 2659 2285 2207
197 1555 1333 1620 2733 2651 2662 2285 2195
198 1555 1331 1621 2733 2659 2665 2282 2182
199 1550 1331 1625 2716 2645 2652 2281 2194
200 1558 1334 1630 2722 2655 2662 2282 2191
201 1558 1329 1623 2720 2643 2659 2280 2205
202 1556 1327 1630 2726 2657 2648 2282 2187
203 1556 1325 1624 2727 2649 2651 2279 2182
204 1558 1327 1625 2730 2649 2642 2282 2196
205 1554 1328 1625 2735 2654 2660 2277 2189
206 1550 1315 1616 2727 2656 2666 2280 2196
207 1556 1322 1629 2728 2660 2663 2278 2189
208 1559 1321 1624 2728 2655 2666 2274 2186
209 1554 1326 1633 2720 2649 2662 2280 2195
210 1558 1327 1625 2734 2664 2672 2277 2191
211 1558 1324 1620 2725 2661 2668 2282 2208
212 1549 1327 1629 2724 2655 2677 2274 2203
213 1557 1327 1629 2727 2650 2668 2270 2190
214 1558 1329 1621 2733 2659 2674 2270 2205
215 1556 1329 1618 2726 2649 2661 2270 2194
216 1551 1331 1624 2736 2659 2677 2272 2202
217 1556 1329 1628 2726 2672 2672 2258 2200
218 1554 1337 1624 2730 2653 2678 2253 2201
219 1555 1332 1618 2716 2661 2661 2262 2222
220 1558 1328 1623 2725 2664 2677 2278 2212
221 1561 1329 1625 2725 2674 2684 2263 2211
222 1555 1332 1627 2722 2662 2672 2257 2203
223 1555 1329 1623 2727 2669 2681 2261 2252
224 1553 1333 1616 2723 2663 2680 2264 2246
225 1570 1322 1603 2728 2673 2674 2252 2113
226 1557 1327 1623 2726 2670 2678 2241 2146
227 1541 1333 1644 2726 2675 2673 2267 2265
228 1539 1332 1647 2725 2670 2682 2279 2276
229 1543 1329 1634 2727 2670 2678 2275 2239
230 1541 1329 1630 2731 2679 2682 2273 2210
231 1557 1329 1632 2730 2674 2676 2260 2199
232 1565 1330 1626 2728 2672 2685 2255 2196
233 1555 1333 1630 2728 2671 2676 2259 2213
234 1557 1332 1624 2736 2680 2680 2267 2217
235 1565 1334 1622 2734 2670 2688 2261 2186
236 1573 1341 1617 2723 2678 2688 2264 2197
237 1569 1337 1604 2733 2672 2685 2255 2191
238 1569 1331 1611 2727 2673 2679 2248 2172
239 1569 1335 1610 2727 2675 2685 2244 2166
240 1567 1337 1623 2733 2678 2679 2241 2170
241 1556 1336 1633 2724 2677 2685 2257 2206
242 1562 1334 1634 2729 2670 2688 2259 2191
243 1551 1335 1632 2729 2672 2681 2266 2185
244 1556 1333 1625 2737 2672 2686 2249 2195
245 1554 1329 1624 2727 2678 2698 2246 2196
246 1549 1330 1619 2727 2678 2691 2244 2213
247 1550 1329 1622 2728 2676 2685 2246 2204
248 1549 1326 1616 2724 2669 2686 2255 2207
249 1542 1332 1627 2722 2669 2683 2253 2223
250 1555 1333 1628 2729 2671 2688 2252 2215
251 1555 1333 1631 2728 2672 2691 2249 2231
252 1556 1326 1627 2727 2679 2689 2250 2216
253 1554 1334 1628 2727 2676 2685 2250 2216
254 1555 1326 1626 2731 2678 2693 2250 2228
255 1559 1329 1626 2731 2674 2694 2251 2227
256 1558 1326 1629 2726 2685 2696 2253 2248
257 1557 1331 1626 2731 2683 2696 2258 2243
258 1564 1335 1620 2734 2677 2699 2248 2245
259 1559 1330 1620 2734 2685 2698 2249 2260
260 1561 1338 1624 2737 2680 2696 2241 2250
261 1552 1335 1615 2733 2687 2697 2239 2262
262 1561 1337 1621 2729 2691 2696 2238 2240
263 1562 1337 1624 2728 2694 2698 2230 2234
264 1565 1333 1619 2737 2692 2702 2239 2248
265 1561 1331 1626 2734 2698 2695 2235 2235
266 1566 1332 1626 2736 2696 2704 2243 2237
267 1562 1333 1626 2737 2699 2705 2243 2212
268 1557 1327 1625 2740 2700 2709 2246 2215
269 1564 1327 1619 2739 2697 2720 2244 2219
270 1558 1322 1623 2741 2701 2719 2232 2175
271 1565 1328 1634 2737 2704 2720 2239 2200
272 1558 1324 1635 2738 2715 2727 2255 2207
273 1552 1317 1628 2735 2714 2718 2265 2203
274 1553 1320 1619 2746 2719 2729 2251 2200
275 1550 1320 1613 2738 2717 2729 2233 2200
276 1549 1323 1606 2739 2718 2734 2223 2233
277 1553 1324 1614 2742 2719 2736 2222 2208
278 1554 1329 1617 2740 2724 2736 2237 2191
279 1552 1336 1627 2744 2721 2736 2245 2202
280 1550 1339 1625 2744 2718 2729 2251 2205
281 1550 1343 1629 2743 2722 2729 2249 2215
282 1547 1342 1632 2735 2728 2731 2230 2190
283 1545 1341 1629 2741 2716 2743 2216 2194
284 1549 1339 1627 2743 2723 2732 2224 2205
285 1545 1333 1621 2734 2723 2735 2234 2223
286 1540 1335 1621 2747 2725 2735 2228 2248
287 1544 1337 1624 2736 2727 2742 2225 2231
288 1544 1333 1619 2741 2718 2737 2224 2242
289 1549 1330 1627 2739 2727 2740 2228 2251
290 1543 1328 1625 2742 2732 2742 2223 2249
291 1549 1325 1625 2747 2727 2740 2220 2263
292 1552 1321 1623 2747 2729 2743 2214 2241
293 1554 1320 1627 2740 2727 2745 2221 2247
294 1555 1322 1621 2743 2731 2747 2228 2252
295 1556 1324 1624 2743 2734 2745 2228 2244
296 1562 1323 1621 2748 2719 2741 2229 2240
297 1557 1329 1621 2748 2729 2745 2225 2229
298 1560 1332 1624 2744 2722 2751 2234 2232
299 1558 1327 1626 2742 2729 2744 2230 2228
300 1560 1338 1628 2742 2722 2749 2224 2224
301 1562 1330 1619 2742 2728 2751 2224 2236
302 1558 1332 1623 2738 2731 2752 2226 2223
303 1558 1334 1621 2747 2731 2751 2233 2221
304 1552 1332 1626 2746 2731 2762 2220 2228
305 1565 1337 1629 2746 2721 2754 2221 2225
306 1560 1330 1627 2741 2725 2761 2218 2241
307 1556 1335 1625 2734 2725 2758 2220 2229
308 1558 1332 1626 2737 2727 2766 2220 2236
309 1553 1331 1623 2738 2724 2773 2217 2243
310 1554 1329 1627 2741 2727 2770 2215 2238
311 1553 1330 1627 2741 2716 2772 2215 2260
312 1553 1322 1620 2734 2709 2768 2190 2219
313 1549 1331 1627 2735 2725 2779 2217 2253
314 1548 1326 1624 2739 2724 2792 2215 2253
315 1543 1329 1625 2739 2725 2791 2211 2248
316 1555 1329 1619 2735 2726 2803 2209 2265
317 1550 1324 1614 2732 2727 2809 2207 2248
318 1556 1324 1619 2736 2721 2820 2197 2249
319 1555 1311 1624 2744 2723 2828 2195 2245
320 1549 1313 1620 2745 2743 2852 2193 2246
321 1546 1315 1618 2745 2732 2863 2200 2263
322 1545 1302 1623 2750 2737 2862 2199 2241
323 1548 1312 1627 2750 2738 2887 2198 2244
324 1550 1309 1618 2746 2740 2890 2200 2244
325 1540 1303 1622 2735 2759 2916 2200 2245
326 1545 1309 1618 2741 2746 2914 2206 2266
327 1540 1306 1624 2776 2757 2917 2193 2252
328 1546 1304 1625 2775 2744 2915 2197 2259
329 1544 1309 1627 2737 2751 2930 2193 2265
330 1541 1309 1624 2729 2743 2938 2199 2270
331 1547 1312 1624 2734 2772 2955 2201 2288
332 1540 1313 1620 2753 2761 2961 2184 2275
333 1544 1318 1618 2743 2776 2971 2187 2289
334 1551 1321 1617 2761 2780 2992 2179 2299
335 1541 1318 1610 2748 2787 2978 2181 2304
336 1557 1325 1619 2734 2787 3010 2172 2311
337 1549 1322 1609 2760 2775 3016 2164 2278
338 1558 1325 1620 2748 2799 3025 2151 2262
339 1565 1318 1621 2739 2779 3002 2120 2236
340 1559 1313 1624 2736 2789 3001 2155 2267
341 1564 1313 1626 2739 2754 3010 2166 2275
342 1562 1310 1625 2757 2778 3021 2171 2248
343 1555 1313 1624 2736 2751 3022 2159 2245
344 1558 1311 1627 2739 2801 3054 2166 2258
345 1556 1314 1620 2774 2813 3063 2165 2261
346 1552 1315 1621 2736 2808 3052 2156 2261
347 1559 1314 1623 2731 2783 3068 2157 2230
348 1560 1315 1617 2735 2761 3048 2154 2225
349 1557 1310 1620 2744 2813 3061 2152 2218
350 1559 1316 1624 2745 2775 3051 2147 2213
351 1560 1314 1629 2751 2799 3040 2156 2222
352 1547 1313 1624 2748 2788 3043 2164 2220
353 1555 1309 1629 2721 2778 3039 2177 2248
354 1557 1320 1632 2751 2755 3034 2199 2248
355 1551 1323 1641 2748 2775 3070 2190 2265
356 1546 1330 1629 2751 2774 3071 2181 2262
357 1552 1343 1632 2749 2776 3029 2184 2252
358 1549 1340 1621 2760 2778 3038 2167 2274
359 1550 1347 1630 2758 2769 3058 2171 2261
360 1554 1357 1628 2748 2763 3036 2166 2298
361 1560 1355 1629 2745 2758 3021 2149 2297
362 1555 1363 1631 2757 2791 3029 2152 2300
363 1558 1362 1622 2743 2802 3043 2145 2337
364 1563 1361 1635 2746 2790 3013 2154 2329
365 1566 1366 1634 2746 2785 3037 2165 2319
366 1571 1359 1636 2776 2769 3044 2150 2308
367 1580 1367 1639 2744 2784 3033 2164 2263
368 1582 1358 1636 2739 2784 3053 2174 2268
369 1583 1352 1633 2735 2785 3029 2168 2276
370 1576 1348 1641 2739 2800 3036 2168 2261
371 1587 1354 1634 2735 2772 3003 2174 2279
372 1580 1343 1637 2736 2775 3027 2175 2251
373 1579 1340 1639 2757 2805 3043 2179 2234
374 1577 1333 1635 2766 2800 3024 2187 2234
375 1568 1319 1628 2761 2767 2989 2170 2247
376 1577 1333 1632 2752 2784 2976 2182 2243
377 1566 1325 1620 2723 2782 3009 2158 2229
378 1570 1327 1630 2745 2745 2971 2162 2221
379 1568 1324 1634 2749 2749 2966 2184 2236
380 1563 1330 1637 2760 2761 2967 2194 2241
381 1567 1324 1643 2741 2756 2978 2209 2268
382 1554 1322 1639 2735 2760 2984 2188 2247
383 1569 1328 1640 2735 2775 2952 2190 2244
384 1566 1329 1629 2743 2789 2942 2183 2256
385 1563 1339 1632 2729 2760 2938 2191 2259
386 1557 1332 1626 2738 2752 2935 2185 2292
387 1561 1336 1626 2752 2771 2930 2169 2279
388 1558 1350 1632 2747 2763 2922 2195 2280
389 1569 1347 1626 2752 2753 2916 2188 2301
390 1571 1351 1637 2747 2743 2893 2209 2293
391 1577 1359 1638 2733 2753 2897 2201 2298
392 1579 1355 1634 2726 2745 2895 2172 2249
393 1584 1363 1648 2733 2743 2871 2199 2244
394 1577 1366 1641 2731 2746 2889 2204 2279
395 1579 1361 1640 2739 2757 2891 2207 2268
396 1585 1359 1647 2751 2740 2862 2209 2252
397 1594 1358 1648 2737 2747 2877 2224 2227
398 1577 1368 1646 2744 2724 2844 2233 2280
399 1586 1370 1639 2753 2736 2864 2228 2296
400 1586 1373 1634 2738 2751 2868 2219 2265
401 1587 1365 1637 2757 2725 2833 2203 2237
402 1591 1362 1638 2739 2753 2837 2210 2201
403 1583 1364 1636 2737 2745 2841 2211 2239
404 1583 1360 1637 2742 2740 2820 2223 2262
405 1579 1360 1637 2744 2749 2822 2231 2253
406 1582 1354 1641 2735 2731 2817 2228 2251
407 1584 1347 1639 2747 2728 2804 2227 2219
408 1575 1347 1643 2746 2747 2808 2225 2230
409 1580 1346 1641 2741 2723 2792 2233 2225
410 1582 1343 1630 2740 2727 2786 2233 2223
411 1581 1347 1637 2743 2714 2773 2241 2224
412 1579 1347 1640 2740 2720 2771 2255 2206
413 1580 1351 1640 2743 2716 2764 2261 2208
414 1581 1354 1642 2745 2724 2762 2253 2203
415 1578 1356 1639 2734 2717 2771 2242 2202
416 1582 1358 1644 2736 2718 2756 2250 2197
417 1588 1362 1642 2735 2715 2762 2261 2172
418 1591 1364 1639 2739 2721 2759 2271 2173
419 1585 1366 1645 2742 2721 2756 2268 2170
420 1580 1373 1643 2738 2720 2751 2273 2192
421 1584 1383 1644 2738 2725 2755 2277 2195
422 1592 1386 1632 2744 2719 2745 2291 2155
423 1590 1394 1642 2736 2723 2742 2294 2169
424 1595 1385 1637 2736 2727 2753 2276 2171
425 1597 1383 1641 2737 2723 2741 2267 2166
426 1601 1386 1640 2735 2712 2741 2248 2175
427 1597 1374 1639 2742 2715 2748 2256 2149
428 1600 1374 1638 2744 2720 2740 2267 2168
429 1599 1361 1636 2743 2723 2740 2280 2153
430 1600 1360 1637 2742 2727 2735 2276 2147
431 1593 1351 1639 2745 2719 2738 2275 2150
432 1583 1347 1640 2740 2723 2729 2285 2130
433 1575 1339 1642 2740 2719 2728 2284 2137
434 1570 1336 1641 2736 2720 2733 2293 2128
435 1569 1326 1646 2746 2717 2732 2295 2134
436 1563 1318 1642 2737 2726 2731 2289 2133
437 1561 1315 1635 2741 2716 2729 2289 2122
438 1560 1313 1639 2739 2721 2724 2285 2136
439 1557 1314 1630 2740 2710 2725 2290 2144
440 1558 1320 1638 2746 2718 2718 2294 2156
441 1552 1320 1638 2741 2712 2730 2297 2164
442 1551 1324 1636 2741 2706 2716 2294 2159
443 1551 1326 1636 2737 2714 2712 2291 2171
444 1557 1328 1631 2739 2706 2711 2292 2175
445 1556 1334 1639 2726 2697 2700 2290 2182
446 1556 1336 1633 2730 2693 2699 2294 2195
447 1562 1344 1635 2732 2686 2691 2287 2178
448 1562 1347 1638 2729 2680 2689 2294 2193
449 1573 1344 1640 2730 2683 2683 2293 2185
450 1575 1356 1644 2729 2678 2680 2302 2195
451 1577 1358 1645 2732 2660 2675 2303 2201
452 1577 1366 1640 2725 2654 2665 2304 2183
453 1581 1363 1641 2728 2657 2662 2303 2187
454 1583 1370 1638 2724 2657 2655 2298 2166
455 1583 1366 1640 2719 2652 2657 2301 2176
456 1584 1369 1639 2723 2637 2655 2297 2182
457 1573 1367 1637 2715 2639 2656 2296 2162
458 1577 1367 1638 2725 2649 2650 2297 2168
459 1579 1361 1632 2721 2642 2655 2303 2164
460 1579 1353 1638 2707 2641 2644 2299 2178
461 1581 1353 1638 2722 2643 2625 2296 2181
462 1580 1342 1637 2705 2638 2642 2294 2162
463 1576 1335 1637 2717 2644 2636 2296 2174
464 1578 1334 1636 2726 2629 2633 2300 2172
465 1570 1335 1629 2711 2633 2634 2292 2178
466 1560 1325 1626 2722 2625 2642 2293 2177
467 1571 1325 1621 2724 2633 2647 2279 2151
468 1559 1326 1633 2726 2627 2648 2290 2169
469 1558 1321 1630 2728 2643 2650 2288 2161
470 1552 1323 1639 2715 2639 2653 2285 2171
471 1553 1320 1632 2733 2630 2643 2287 2174
472 1547 1316 1632 2732 2640 2647 2282 2165
473 1550 1316 1623 2724 2643 2649 2290 2181
474 1547 1315 1627 2724 2654 2640 2284 2179
475 1548 1316 1632 2720 2659 2645 2281 2196
476 1545 1317 1622 2722 2644 2658 2282 2207
477 1550 1312 1633 2735 2654 2652 2277 2189
478 1553 1311 1632 2712 2655 2650 2272 2197
479 1559 1306 1631 2718 2649 2659 2272 2196
480 1555 1319 1631 2725 2652 2652 2278 2216
481 1549 1324 1621 2717 2658 2665 2278 2219
482 1550 1324 1630 2720 2648 2656 2280 2203
483 1557 1330 1627 2735 2663 2663 2275 2214
484 1555 1329 1625 2727 2661 2668 2280 2202
485 1555 1334 1630 2723 2661 2662 2283 2216
486 1551 1335 1621 2732 2661 2658 2286 2225
487 1553 1339 1625 2732 2655 2660 2280 2210
488 1549 1338 1629 2727 2657 2673 2270 2218
489 1556 1334 1629 2728 2656 2674 2271 2213
490 1564 1329 1632 2729 2656 2659 2266 2222
491 1570 1323 1636 2734 2662 2680 2270 2215
492 1561 1326 1629 2727 2664 2670 2261 2202
493 1572 1326 1628 2731 2670 2666 2249 2220
494 1567 1320 1616 2725 2667 2673 2250 2206
495 1566 1325 1625 2734 2677 2671 2247 2204
496 1572 1322 1626 2731 2667 2670 2255 2195
497 1569 1325 1628 2728 2677 2670 2246 2177
498 1563 1320 1629 2727 2665 2674 2247 2179
499 1567 1324 1635 2723 2678 2683 2246 2186
500 1562 1328 1615 2732 2669 2677 2256 2202
501 1572 1319 1624 2733 2677 2687 2267 2079
502 1568 1325 1634 2725 2667 2675 2253 2109
503 1539 1327 1635 2735 2669 2673 2253 2213
504 1547 1330 1629 2731 2671 2686 2261 2179
505 1553 1324 1638 2734 2679 2679 2262 2135
506 1553 1318 1637 2734 2676 2690 2265 2137
507 1550 1325 1636 2736 2670 2689 2265 2158
508 1546 1323 1637 2730 2676 2678 2282 2203
509 1546 1328 1629 2727 2674 2683 2283 2233
510 1540 1331 1629 2730 2671 2679 2268 2264
511 1538 1322 1616 2730 2673 2683 2248 2266
512 1540 1334 1614 2725 2675 2683 2239 2262
513 1539 1336 1618 2729 2674 2687 2228 2271
514 1540 1342 1625 2727 2677 2680 2234 2270
515 1551 1341 1631 2728 2677 2678 2236 2279
516 1561 1344 1636 2733 2679 2692 2240 2280
517 1561 1340 1630 2729 2675 2690 2246 2263
518 1561 1340 1635 2733 2675 2691 2249 2255
519 1573 1339 1634 2728 2682 2691 2257 2230
520 1575 1331 1633 2732 2681 2683 2254 2218
521 1577 1333 1643 2732 2674 2689 2262 2209
522 1575 1335 1644 2722 2682 2698 2264 2229
523 1571 1324 1639 2734 2676 2694 2277 2231
524 1574 1332 1617 2728 2686 2695 2274 2195
525 1566 1334 1622 2731 2686 2688 2255 2206
526 1562 1336 1613 2734 2683 2684 2244 2213
527 1564 1339 1614 2735 2683 2694 2232 2195
528 1557 1339 1624 2732 2685 2693 2247 2194
529 1555 1333 1624 2733 2691 2692 2248 2180
530 1562 1332 1627 2735 2683 2698 2250 2210
531 1566 1330 1632 2732 2692 2704 2253 2208
532 1555 1330 1624 2736 2695 2708 2248 2201
533 1554 1327 1624 2733 2697 2710 2253 2214
534 1553 1329 1622 2733 2694 2700 2244 2207
535 1554 1327 1623 2733 2694 2702 2240 2216
536 1558 1328 1623 2732 2690 2712 2241 2215
537 1547 1329 1624 2742 2693 2711 2243 2209
538 1551 1327 1629 2735 2699 2705 2243 2225
539 1548 1325 1622 2738 2697 2715 2241 2219
540 1553 1326 1633 2731 2704 2715 2242 2232
541 1555 1328 1632 2736 2705 2712 2242 2226
542 1555 1328 1629 2744 2706 2721 2245 2215
543 1553 1328 1625 2740 2707 2715 2243 2226
544 1553 1332 1629 2741 2708 2719 2244 2223
545 1558 1325 1628 2736 2708 2724 2240 2236
546 1554 1330 1629 2740 2713 2730 2242 2226
547 1552 1327 1630 2740 2718 2733 2239 2217
548 1554 1332 1629 2742 2726 2732 2236 2228
549 1552 1326 1631 2740 2719 2739 2236 2223
550 1553 1329 1627 2744 2720 2740 2230 2235
551 1553 1327 1631 2743 2728 2740 2238 2230
552 1552 1323 1627 2743 2725 2732 2233 2229
553 1552 1327 1633 2744 2720 2745 2227 2237
554 1549 1324 1629 2743 2727 2742 2226 2237
555 1552 1322 1626 2745 2725 2743 2221 2250
556 1550 1314 1624 2750 2735 2737 2226 2246
557 1551 1316 1630 2743 2727 2740 2216 2243
558 1545 1313 1625 2747 2734 2744 2220 2257
559 1548 1307 1631 2740 2728 2747 2219 2254
560 1540 1309 1626 2744 2726 2745 2222 2272
561 1548 1313 1633 2741 2729 2746 2224 2263
562 1535 1310 1629 2749 2731 2755 2217 2254
563 1542 1317 1636 2744 2735 2755 2220 2266
564 1548 1312 1629 2741 2727 2755 2221 2266
565 1546 1313 1630 2739 2729 2751 2225 2278
566 1552 1320 1634 2743 2726 2760 2217 2264
567 1550 1317 1622 2742 2722 2769 2213 2254
568 1555 1321 1627 2744 2726 2774 2212 2268
569 1549 1321 1627 2747 2725 2776 2208 2262
570 1552 1322 1620 2747 2727 2780 2207 2276
571 1546 1323 1631 2741 2731 2802 2198 2266
572 1550 1310 1630 2740 2725 2803 2198 2266
573 1546 1317 1631 2731 2732 2819 2189 2279
574 1540 1309 1627 2739 2718 2828 2195 2283
575 1539 1304 1619 2747 2729 2828 2183 2301
576 1538 1305 1620 2732 2735 2854 2181 2294
577 1531 1305 1623 2746 2739 2863 2184 2300
578 1528 1299 1625 2756 2725 2873 2182 2314
579 1523 1302 1625 2761 2756 2895 2189 2321
580 1528 1300 1622 2745 2760 2907 2184 2340
581 1531 1298 1624 2730 2755 2913 2181 2329
582 1532 1298 1623 2754 2762 2927 2172 2323
583 1528 1298 1619 2749 2753 2929 2164 2322
584 1536 1310 1616 2748 2771 2938 2165 2316
585 1538 1307 1612 2751 2760 2914 2163 2316
586 1563 1312 1611 2733 2758 2937 2156 2281
587 1561 1310 1618 2750 2762 2959 2144 2257
588 1564 1311 1621 2749 2764 2965 2147 2253
589 1557 1303 1627 2751 2766 2942 2157 2250
590 1569 1309 1631 2736 2787 2948 2166 2249
591 1568 1312 1632 2738 2769 2945 2171 2220
592 1568 1310 1625 2734 2773 2962 2156 2196
593 1582 1300 1623 2750 2754 2961 2151 2181
594 1569 1308 1638 2780 2766 2963 2162 2181
595 1559 1312 1637 2760 2770 2975 2177 2232
596 1557 1317 1637 2758 2755 2952 2182 2246
597 1563 1321 1636 2757 2745 2945 2175 2249
598 1554 1319 1633 2735 2770 2973 2161 2256
599 1557 1317 1615 2754 2772 2977 2141 2259
600 1555 1327 1618 2742 2802 2961 2128 2265
601 1560 1331 1614 2734 2760 2967 2121 2256
602 1565 1329 1621 2755 2791 2944 2123 2269
603 1556 1329 1624 2762 2767 2934 2134 2291
604 1560 1327 1629 2750 2759 2956 2141 2294
605 1558 1325 1643 2741 2760 2934 2153 2317
606 1559 1338 1648 2722 2782 2952 2182 2305
607 1560 1332 1646 2737 2761 2927 2180 2310
608 1558 1338 1640 2742 2770 2939 2162 2299
609 1569 1345 1640 2753 2742 2931 2157 2295
610 1568 1340 1630 2743 2772 2950 2135 2317
611 1568 1340 1631 2754 2770 2943 2147 2273
612 1569 1349 1637 2740 2776 2936 2158 2312
613 1561 1348 1641 2756 2741 2914 2170 2357
614 1567 1349 1645 2737 2766 2944 2169 2350
615 1570 1345 1632 2743 2774 2927 2152 2313
616 1568 1346 1640 2754 2741 2910 2159 2270
617 1577 1339 1635 2728 2754 2929 2157 2316
618 1574 1345 1637 2744 2798 2935 2174 2354
619 1575 1344 1634 2749 2762 2910 2166 2335
620 1570 1330 1620 2751 2748 2919 2146 2308
621 1569 1331 1628 2757 2746 2907 2144 2282
622 1568 1340 1634 2744 2752 2910 2159 2306
623 1577 1333 1641 2748 2749 2906 2166 2316
624 1578 1336 1634 2738 2774 2917 2163 2287
625 1579 1331 1638 2737 2756 2901 2163 2275
626 1580 1333 1637 2738 2769 2895 2155 2267
627 1583 1338 1642 2750 2763 2902 2179 2257
628 1585 1344 1634 2733 2747 2889 2188 2273
629 1585 1343 1632 2753 2729 2890 2207 2237
630 1594 1357 1642 2733 2752 2886 2209 2240
631 1593 1355 1637 2741 2768 2882 2183 2233
632 1596 1359 1641 2737 2741 2866 2180 2214
633 1587 1363 1634 2746 2741 2845 2176 2218
634 1597 1365 1643 2745 2751 2866 2192 2206
635 1589 1364 1639 2744 2735 2861 2185 2233
636 1593 1365 1649 2757 2747 2838 2194 2215
637 1588 1367 1645 2748 2728 2820 2196 2214
638 1592 1366 1640 2750 2732 2817 2212 2212
639 1593 1364 1644 2745 2731 2821 2224 2216
640 1589 1373 1645 2734 2738 2820 2220 2237
641 1587 1377 1648 2751 2725 2793 2222 2236
642 1580 1374 1644 2747 2737 2799 2208 2227
643 1590 1376 1649 2735 2737 2798 2217 2220
644 1587 1377 1649 2743 2715 2781 2219 2219
645 1587 1375 1640 2730 2713 2777 2224 2237
646 1591 1379 1647 2746 2718 2780 2234 2217
647 1589 1377 1649 2748 2726 2775 2237 2216
648 1597 1381 1649 2737 2727 2766 2253 2217
649 1599 1383 1649 2740 2726 2761 2250 2214
650 1594 1389 1649 2726 2727 2766 2263 2226
651 1597 1384 1647 2734 2730 2763 2266 2193
652 1599 1385 1647 2751 2718 2747 2270 2179
653 1602 1384 1647 2740 2725 2751 2271 2174
654 1610 1392 1641 2741 2725 2757 2274 2175
655 1602 1391 1648 2743 2718 2749 2283 2179
656 1611 1396 1646 2739 2723 2746 2284 2158
657 1616 1391 1647 2731 2720 2748 2281 2156
658 1615 1391 1643 2746 2726 2736 2278 2137
659 1625 1390 1650 2740 2723 2742 2282 2102
660 1617 1389 1650 2743 2723 2743 2296 2112
661 1603 1390 1652 2748 2718 2738 2313 2133
662 1596 1379 1651 2738 2717 2740 2326 2162
663 1599 1374 1641 2736 2720 2735 2319 2145
664 1602 1362 1651 2742 2717 2736 2301 2089
665 1595 1358 1643 2737 2715 2735 2285 2089
666 1590 1361 1644 2739 2721 2727 2293 2116
667 1583 1349 1636 2744 2716 2726 2288 2163
668 1576 1350 1637 2732 2720 2719 2293 2161
669 1585 1339 1638 2737 2708 2720 2288 2130
670 1587 1347 1640 2741 2708 2728 2285 2136
671 1585 1345 1639 2735 2716 2723 2296 2131
672 1588 1342 1640 2734 2708 2714 2297 2146
673 1586 1332 1643 2739 2706 2713 2309 2151
674 1580 1335 1636 2736 2710 2704 2313 2147
675 1584 1337 1639 2737 2704 2711 2319 2155
676 1582 1337 1636 2732 2692 2700 2314 2138
677 1575 1331 1636 2729 2687 2692 2306 2139
678 1583 1335 1632 2736 2677 2684 2302 2132
679 1581 1337 1632 2727 2676 2675 2304 2128
680 1571 1337 1634 2735 2669 2664 2307 2134
681 1576 1334 1635 2732 2665 2679 2299 2119
682 1561 1332 1637 2720 2655 2669 2295 2120
683 1552 1334 1631 2720 2652 2654 2282 2112
684 1547 1321 1635 2724 2644 2661 2291 2123
685 1551 1319 1634 2722 2637 2645 2297 2142
686 1543 1312 1638 2719 2636 2639 2297 2136
687 1547 1310 1633 2724 2631 2636 2299 2151
688 1544 1304 1637 2714 2612 2629 2300 2147
689 1537 1307 1630 2718 2603 2610 2305 2150
690 1539 1308 1638 2717 2615 2627 2293 2171
691 1540 1314 1639 2723 2601 2611 2290 2170
692 1532 1302 1630 2712 2593 2604 2291 2188
693 1541 1312 1637 2715 2602 2603 2291 2184
694 1551 1316 1635 2715 2604 2604 2298 2187
695 1552 1319 1635 2707 2610 2609 2289 2200
696 1549 1327 1638 2708 2585 2596 2295 2194
697 1550 1335 1639 2725 2583 2593 2286 2195
698 1563 1342 1637 2712 2614 2606 2298 2182
699 1561 1349 1642 2721 2596 2585 2307 2176
700 1564 1353 1643 2713 2598 2584 2309 2193
701 1561 1358 1646 2702 2614 2598 2306 2178
702 1569 1359 1635 2714 2602 2589 2294 2180
703 1570 1361 1650 2707 2595 2585 2295 2163
704 1570 1356 1644 2715 2596 2589 2288 2167
705 1563 1347 1639 2707 2598 2593 2299 2194
706 1558 1349 1636 2717 2599 2595 2300 2205
707 1549 1345 1624 2710 2603 2606 2299 2311
708 1539 1339 1596 2717 2616 2601 2283 2284
709 1561 1315 1583 2718 2614 2603 2231 2122
710 1564 1319 1606 2712 2603 2597 2212 2098
711 1531 1311 1645 2707 2600 2618 2225 2183
712 1525 1310 1668 2716 2615 2620 2268 2366
713 1526 1292 1676 2716 2603 2603 2290 2370
714 1548 1279 1643 2726 2607 2595 2297 2240
715 1565 1276 1632 2718 2626 2615 2291 2176
716 1570 1281 1626 2724 2598 2605 2286 2190
717 1570 1296 1619 2713 2611 2614 2277 2207
718 1568 1309 1625 2713 2626 2624 2270 2153
719 1569 1324 1635 2721 2610 2612 2280 2148
720 1559 1329 1631 2723 2627 2614 2284 2197
721 1551 1331 1628 2721 2605 2598 2292 2191
722 1555 1326 1629 2714 2602 2609 2270 2182
723 1560 1327 1625 2722 2613 2616 2257 2163
724 1558 1331 1628 2711 2604 2612 2257 2178
725 1558 1335 1632 2717 2619 2612 2263 2208
726 1560 1337 1635 2722 2619 2607 2271 2202
727 1561 1341 1638 2717 2621 2611 2262 2225
728 1569 1340 1638 2712 2598 2607 2261 2221
729 1563 1336 1638 2709 2612 2611 2263 2232
730 1564 1348 1641 2721 2599 2611 2266 2234
731 1558 1347 1646 2715 2609 2592 2263 2213
732 1571 1350 1652 2713 2606 2593 2265 2232
733 1576 1354 1647 2715 2600 2596 2271 2233
734 1569 1352 1638 2718 2623 2612 2277 2226
735 1584 1353 1649 2723 2633 2627 2269 2212
736 1570 1360 1640 2720 2637 2630 2255 2250
737 1561 1354 1633 2714 2625 2627 2261 2289
738 1566 1349 1625 2718 2657 2646 2252 2249
739 1574 1345 1611 2728 2650 2636 2245 2207
740 1574 1339 1612 2726 2647 2651 2246 2240
741 1559 1342 1610 2722 2663 2666 2244 2269
742 1566 1340 1618 2723 2656 2655 2253 2242
743 1562 1326 1625 2729 2662 2670 2251 2175
744 1560 1329 1626 2729 2658 2672 2257 2179
745 1551 1320 1642 2733 2656 2671 2260 2199
746 1546 1318 1636 2734 2674 2687 2257 2178
747 1546 1312 1640 2732 2675 2684 2271 2172
748 1535 1307 1640 2725 2665 2676 2273 2176
749 1535 1301 1637 2736 2684 2698 2280 2217
750 1540 1295 1639 2730 2680 2695 2262 2242
751 1534 1300 1633 2727 2683 2685 2246 2222
752 1545 1296 1632 2736 2678 2698 2240 2227
753 1544 1313 1630 2731 2675 2693 2249 2228
754 1548 1320 1626 2737 2686 2697 2256 2257
755 1545 1332 1627 2734 2686 2700 2248 2264
756 1550 1336 1638 2735 2681 2692 2255 2245
757 1548 1329 1642 2732 2690 2701 2262 2248
758 1562 1332 1637 2733 2695 2695 2278 2249
759 1559 1334 1635 2727 2689 2697 2261 2252
760 1566 1339 1631 2731 2695 2705 2245 2242
761 1574 1338 1627 2738 2692 2697 2231 2217
762 1578 1346 1627 2731 2691 2699 2227 2220
763 1578 1344 1621 2731 2693 2703 2241 2217
764 1579 1342 1630 2735 2691 2699 2241 2216
765 1586 1340 1635 2725 2690 2698 2249 2214
766 1577 1347 1630 2739 2698 2705 2248 2188
767 1587 1346 1638 2735 2695 2700 2255 2185
768 1584 1345 1628 2737 2696 2700 2254 2174
769 1574 1343 1639 2733 2695 2708 2248 2183
770 1575 1341 1635 2730 2696 2708 2249 2191
771 1570 1338 1632 2730 2701 2705 2241 2175
772 1563 1332 1626 2732 2696 2700 2248 2191
773 1563 1333 1619 2730 2694 2707 2239 2188
774 1557 1333 1628 2739 2702 2711 2240 2207
775 1555 1325 1623 2730 2695 2703 2239 2212
776 1561 1329 1630 2733 2696 2709 2242 2199
777 1558 1330 1624 2736 2699 2706 2246 2214
778 1557 1327 1631 2740 2690 2707 2242 2205
779 1555 1329 1629 2729 2697 2709 2249 2223
780 1554 1331 1634 2739 2699 2707 2242 2222
781 1554 1325 1632 2739 2694 2699 2248 2213
782 1557 1330 1630 2730 2700 2699 2246 2223
783 1550 1329 1629 2736 2696 2712 2244 2217
784 1558 1332 1634 2735 2698 2703 2245 2227
785 1559 1321 1628 2730 2692 2705 2241 2224
786 1559 1325 1629 2735 2691 2705 2249 2216
787 1562 1332 1629 2737 2694 2709 2247 2228
788 1556 1333 1627 2739 2700 2703 2245 2219
789 1564 1336 1630 2736 2691 2704 2245 2233
790 1562 1332 1622 2737 2696 2701 2243 2230
791 1564 1330 1627 2740 2687 2699 2243 2221
792 1566 1333 1631 2730 2697 2700 2241 2227
793 1570 1326 1634 2732 2695 2703 2242 2223
794 1572 1337 1625 2738 2688 2701 2241 2234
795 1564 1336 1625 2732 2693 2701 2246 2230
796 1568 1339 1623 2733 2690 2709 2242 2215
797 1569 1339 1631 2731 2687 2699 2240 2218
798 1572 1339 1628 2737 2693 2699 2240 2210
799 1565 1341 1631 2735 2691 2705 2245 2221
800 1568 1336 1630 2735 2684 2703 2243 2213
801 1566 1339 1631 2735 2690 2694 2239 2204
802 1564 1336 1629 2736 2691 2699 2241 2207
803 1565 1338 1622 2733 2695 2700 2240 2203
804 1564 1339 1633 2733 2691 2697 2247 2215
805 1564 1333 1628 2734 2693 2697 2235 2212
806 1561 1335 1628 2738 2684 2694 2241 2201
807 1559 1329 1630 2736 2686 2691 2237 2207
808 1559 1330 1635 2733 2683 2693 2241 2205
809 1558 1331 1632 2737 2692 2695 2245 2220
810 1556 1331 1629 2733 2680 2694 2238 2216
811 1551 1328 1629 2738 2687 2694 2241 2207
812 1559 1329 1629 2732 2686 2686 2236 2213
813 1556 1334 1632 2728 2689 2683 2244 2209
814 1560 1332 1632 2734 2683 2694 2239 2217
815 1552 1333 1629 2729 2677 2684 2237 2218
816 1561 1334 1633 2732 2678 2689 2242 2209
817 1559 1336 1634 2722 2682 2689 2242 2211
818 1561 1339 1634 2735 2669 2681 2244 2202
819 1561 1335 1629 2729 2667 2686 2241 2217
820 1562 1339 1631 2731 2677 2679 2248 2232
821 1559 1336 1629 2727 2667 2677 2245 2226
822 1560 1337 1630 2727 2675 2675 2242 2217
823 1562 1338 1630 2725 2663 2677 2242 2206
824 1558 1341 1628 2726 2660 2667 2239 2223
825 1560 1346 1621 2720 2655 2664 2249 2221
826 1563 1345 1631 2729 2656 2663 2251 2226
827 1568 1335 1631 2722 2661 2665 2253 2223
828 1567 1349 1632 2721 2645 2647 2245 2206
829 1567 1348 1633 2721 2634 2656 2251 2224
830 1568 1349 1630 2714 2623 2649 2249 2216
831 1562 1344 1626 2721 2628 2634 2254 2207
832 1573 1347 1630 2703 2632 2623 2253 2217
833 1566 1347 1623 2698 2618 2617 2243 2206
834 1559 1347 1629 2727 2634 2651 2250 2215
835 1569 1337 1628 2730 2681 2691 2244 2191
836 1561 1345 1632 2732 2680 2685 2253 2169
837 1547 1341 1636 2729 2671 2686 2250 2192
838 1541 1336 1633 2733 2690 2695 2249 2216
839 1538 1330 1626 2736 2694 2706 2252 2252
840 1530 1319 1631 2742 2705 2720 2236 2253
841 1537 1305 1615 2739 2709 2724 2230 2269
842 1534 1298 1617 2744 2709 2726 2218 2300
843 1536 1289 1618 2742 2712 2733 2216 2306
844 1545 1294 1621 2737 2718 2734 2212 2325
845 1544 1292 1625 2745 2720 2734 2223 2311
846 1564 1303 1624 2742 2717 2725 2228 2291
847 1567 1308 1630 2742 2716 2732 2232 2279
848 1569 1321 1636 2743 2714 2729 2241 2245
849 1579 1323 1635 2740 2718 2729 2243 2233
850 1590 1329 1637 2741 2718 2729 2256 2208
851 1592 1344 1629 2733 2724 2734 2249 2182
852 1586 1345 1627 2740 2724 2735 2243 2171
853 1598 1346 1624 2741 2720 2734 2241 2150
854 1597 1340 1625 2741 2718 2737 2238 2156
855 1590 1346 1626 2737 2719 2735 2241 2149
856 1579 1346 1626 2735 2720 2732 2233 2144
857 1571 1348 1627 2735 2720 2728 2240 2170
858 1562 1348 1629 2737 2719 2735 2242 2182
859 1553 1345 1624 2746 2717 2730 2246 2211
860 1551 1342 1632 2735 2722 2735 2239 2216
861 1554 1347 1632 2740 2718 2734 2231 2217
862 1552 1343 1626 2739 2719 2734 2231 2237
863 1551 1343 1629 2743 2721 2736 2229 2242
864 1550 1342 1624 2740 2720 2734 2233 2264
865 1556 1334 1624 2748 2721 2733 2227 2260
866 1558 1342 1623 2738 2722 2737 2227 2253
867 1559 1340 1624 2738 2722 2728 2231 2258
868 1550 1338 1634 2738 2724 2734 2238 2241
869 1565 1340 1631 2739 2719 2737 2239 2252
870 1566 1338 1632 2736 2722 2730 2238 2237
871 1567 1336 1631 2748 2715 2736 2237 2220
872 1565 1333 1630 2731 2720 2737 2238 2222
873 1565 1331 1630 2743 2719 2732 2245 2210
874 1566 1333 1624 2742 2722 2734 2237 2218
875 1565 1326 1629 2742 2719 2736 2240 2204
876 1565 1329 1631 2740 2719 2737 2238 2194
877 1564 1322 1620 2738 2724 2737 2240 2207
878 1555 1322 1627 2740 2722 2735 2244 2203
879 1557 1330 1632 2747 2727 2735 2235 2217
880 1559 1334 1631 2741 2719 2730 2240 2208
881 1551 1330 1626 2735 2725 2730 2240 2207
882 1554 1330 1631 2748 2725 2733 2243 2215
883 1557 1336 1632 2735 2723 2737 2239 2216
884 1562 1330 1625 2741 2718 2736 2236 2231
885 1553 1337 1629 2732 2726 2734 2238 2223
886 1561 1341 1627 2740 2718 2737 2235 2218
887 1565 1337 1629 2734 2723 2737 2242 2229
888 1564 1333 1629 2738 2723 2733 2237 2225
889 1565 1339 1633 2737 2722 2740 2236 2238
890 1562 1341 1629 2745 2727 2734 2236 2227
891 1560 1339 1629 2746 2724 2737 2238 2220
892 1566 1341 1631 2737 2722 2735 2238 2229
893 1563 1342 1624 2748 2723 2735 2237 2221
894 1559 1341 1625 2743 2721 2737 2237 2234
895 1565 1340 1623 2740 2728 2736 2238 2221
896 1567 1339 1632 2744 2717 2731 2245 2216
897 1565 1337 1631 2740 2724 2734 2239 2225
898 1566 1335 1628 2741 2722 2732 2237 2215
899 1564 1335 1634 2745 2730 2735 2239 2233
900 1571 1333 1626 2746 2721 2739 2239 2215
901 1567 1327 1627 2735 2720 2736 2243 2216
902 1563 1335 1629 2740 2722 2732 2238 2220
903 1563 1333 1628 2740 2718 2736 2240 2216
904 1561 1335 1629 2735 2725 2730 2237 2230
905 1565 1333 1629 2744 2721 2737 2241 2215
906 1559 1335 1627 2744 2729 2732 2239 2216
907 1556 1332 1619 2738 2729 2743 2240 2218
908 1559 1333 1629 2743 2717 2732 2239 2216
909 1561 1334 1628 2744 2723 2737 2240 2230
910 1560 1336 1633 2740 2724 2732 2243 2213
911 1564 1333 1630 2735 2724 2743 2236 2214
912 1559 1339 1631 2744 2725 2741 2241 2222
913 1556 1329 1624 2739 2726 2741 2236 2215
914 1563 1334 1629 2741 2718 2740 2243 2232
915 1562 1339 1630 2741 2724 2737 2239 2214
916 1564 1333 1628 2739 2723 2736 2236 2215
917 1566 1339 1635 2747 2721 2737 2239 2216
918 1564 1336 1630 2741 2723 2740 2238 2217
919 1558 1340 1629 2740 2721 2737 2245 2232
920 1556 1335 1632 2742 2719 2735 2236 2215
921 1560 1337 1630 2739 2718 2733 2241 2217
922 1564 1342 1632 2745 2725 2735 2237 2218
923 1564 1340 1628 2738 2720 2731 2242 2217
924 1556 1334 1632 2744 2724 2746 2241 2230
925 1563 1340 1633 2736 2722 2738 2238 2217
926 1567 1335 1623 2746 2727 2741 2236 2214
927 1559 1332 1633 2748 2723 2734 2239 2220
928 1563 1335 1629 2747 2718 2736 2243 2214
929 1564 1340 1623 2745 2724 2731 2238 2233
930 1564 1336 1621 2731 2718 2734 2238 2214
931 1563 1337 1629 2746 2723 2743 2240 2217
932 1563 1336 1632 2745 2721 2732 2242 2223
933 1559 1330 1630 2746 2718 2735 2242 2219
934 1564 1334 1625 2743 2727 2731 2238 2235
935 1555 1331 1623 2747 2720 2736 2240 2216
936 1560 1333 1626 2737 2723 2737 2238 2218
937 1560 1337 1627 2741 2725 2742 2246 2223
938 1556 1337 1626 2740 2722 2735 2240 2218
939 1559 1336 1628 2740 2720 2733 2237 2235
940 1559 1341 1631 2740 2723 2737 2239 2214
941 1565 1336 1630 2736 2719 2733 2241 2218
942 1565 1336 1627 2742 2721 2739 2244 2219
943 1566 1331 1633 2738 2715 2729 2239 2219
944 1563 1334 1622 2739 2716 2738 2241 2235
945 1561 1335 1623 2738 2719 2740 2235 2212
946 1552 1339 1632 2742 2720 2733 2243 2219
947 1563 1333 1628 2738 2726 2736 2244 2217
948 1556 1335 1627 2747 2723 2739 2237 2217
949 1564 1336 1626 2743 2719 2731 2240 2233
950 1567 1338 1628 2730 2718 2727 2237 2213
951 1569 1335 1627 2744 2726 2737 2244 2218
952 1563 1331 1622 2748 2723 2736 2241 2221
953 1564 1328 1630 2743 2719 2732 2237 2218
954 1562 1339 1629 2742 2724 2743 2239 2235
955 1563 1338 1622 2744 2717 2732 2237 2211
956 1554 1334 1626 2744 2718 2740 2245 2218
957 1565 1331 1625 2743 2720 2740 2238 2219
958 1561 1335 1629 2743 2726 2735 2240 2219
959 1563 1330 1627 2739 2726 2738 2240 2231
960 1565 1336 1632 2737 2729 2735 2241 2213
961 1561 1337 1627 2745 2716 2734 2241 2219
962 1563 1333 1630 2736 2718 2737 2238 2217
963 1562 1336 1629 2745 2722 2738 2241 2218
964 1562 1327 1627 2745 2720 2739 2241 2232
965 1563 1337 1627 2742 2720 2736 2241 2215
966 1568 1336 1628 2743 2724 2733 2238 2218
967 1564 1339 1630 2738 2720 2738 2236 2215
968 1559 1332 1630 2738 2726 2732 2239 2218
969 1567 1338 1627 2745 2721 2738 2243 2231
970 1565 1332 1628 2738 2724 2731 2242 2212
971 1560 1339 1629 2739 2720 2740 2238 2217
972 1564 1338 1628 2744 2717 2739 2238 2215
973 1557 1339 1629 2742 2725 2734 2238 2219
974 1560 1340 1632 2742 2716 2736 2244 2233
975 1560 1338 1628 2741 2718 2735 2239 2213
976 1561 1332 1630 2736 2719 2736 2241 2219
977 1558 1340 1633 2742 2721 2735 2237 2215
978 1564 1340 1625 2738 2723 2736 2243 2221
979 1562 1335 1629 2741 2723 2734 2240 2229
980 1560 1331 1632 2739 2726 2738 2237 2215
981 1562 1338 1629 2734 2720 2741 2240 2216
982 1565 1333 1625 2740 2726 2735 2239 2218
983 1566 1333 1633 2739 2722 2737 2245 2220
984 1566 1341 1624 2744 2723 2737 2241 2230
985 1563 1339 1627 2734 2727 2733 2238 2216
986 1563 1338 1629 2742 2723 2737 2239 2220
987 1560 1339 1634 2740 2719 2741 2239 2220
988 1558 1335 1628 2735 2717 2737 2245 2217
989 1555 1334 1631 2740 2726 2737 2238 2232
990 1560 1332 1633 2743 2726 2737 2240 2214
991 1559 1335 1630 2744 2718 2734 2239 2220
992 1561 1335 1629 2746 2719 2735 2243 2219
993 1565 1331 1620 2740 2719 2735 2242 2219
994 1556 1328 1625 2744 2723 2734 2239 2233
995 1558 1336 1629 2745 2725 2739 2237 2211
996 1563 1336 1626 2741 2716 2740 2240 2218
997 1560 1336 1623 2740 2721 2731 2245 2218
998 1558 1336 1627 2737 2721 2735 2239 2220
999 1562 1331 1628 2741 2726 2733 2241 2232
1000 1568 1332 1627 2742 2728 2733 2237 2210
1001 1564 1335 1629 2743 2726 2737 2240 2219
1002 1559 1338 1632 2739 2722 2736 2248 2219
1003 1552 1340 1623 2739 2722 2735 2234 2218
1004 1553 1336 1626 2739 2720 2736 2240 2229
1005 1560 1334 1627 2744 2722 2743 2239 2215
1006 1558 1337 1628 2745 2728 2736 2241 2219
1007 1561 1338 1625 2739 2724 2741 2242 2217
1008 1561 1338 1623 2739 2732 2734 2236 2218
1009 1555 1338 1627 2735 2722 2734 2241 2229
1010 1564 1338 1625 2738 2718 2740 2238 2212
1011 1568 1336 1623 2741 2715 2733 2245 2221
1012 1568 1335 1629 2732 2719 2736 2235 2214
1013 1555 1335 1628 2739 2720 2731 2241 2220
1014 1561 1339 1630 2745 2726 2740 2240 2230
1015 1564 1333 1629 2741 2722 2735 2242 2213
1016 1562 1335 1627 2734 2723 2739 2246 2222
1017 1560 1335 1627 2733 2698 2720 2230 2213
1018 1554 1334 1629 2739 2721 2736 2241 2220
1019 1557 1335 1632 2726 2715 2711 2199 2189
1020 1547 1343 1629 2740 2704 2733 2226 2188
1021 1554 1339 1631 2721 2711 2729 2216 2193
1022 1565 1334 1632 2722 2715 2730 2228 2205
1023 1566 1343 1628 2740 2724 2736 2239 2216
