0 1563 1340 1615 2746 2728 2731 2239 2226
1 1565 1338 1609 2739 2721 2735 2234 2229
2 1555 1332 1608 2739 2724 2738 2235 2213
3 1561 1341 1608 2740 2724 2737 2235 2224
4 1563 1333 1605 2745 2721 2738 2239 2213
5 1561 1334 1619 2744 2719 2737 2239 2228
6 1564 1340 1616 2737 2717 2738 2233 2226
7 1553 1340 1615 2737 2714 2739 2237 2215
8 1561 1343 1615 2746 2717 2731 2238 2224
9 1562 1342 1611 2745 2716 2733 2225 2194
10 1564 1339 1608 2741 2722 2733 2233 2227
11 1559 1336 1616 2742 2720 2731 2236 2221
12 1555 1339 1618 2747 2721 2737 2234 2215
13 1562 1338 1612 2747 2720 2735 2237 2219
14 1561 1338 1616 2744 2717 2731 2237 2217
15 1564 1337 1615 2739 2721 2738 2233 2226
16 1565 1340 1612 2739 2722 2733 2236 2224
17 1566 1338 1612 2737 2723 2741 2233 2211
18 1562 1334 1613 2744 2720 2739 2242 2224
19 1558 1337 1613 2737 2721 2740 2231 2214
20 1570 1340 1617 2744 2721 2734 2236 2229
21 1567 1340 1617 2745 2716 2739 2237 2223
22 1565 1338 1617 2748 2723 2735 2238 2214
23 1558 1334 1619 2742 2721 2736 2234 2220
24 1564 1339 1618 2737 2723 2735 2235 2217
25 1559 1340 1615 2741 2720 2733 2234 2228
26 1569 1339 1614 2740 2725 2729 2236 2223
27 1561 1339 1612 2742 2725 2734 2238 2212
28 1563 1334 1614 2742 2721 2729 2234 2222
29 1563 1341 1615 2744 2727 2739 2235 2214
30 1560 1339 1609 2740 2719 2734 2235 2229
31 1560 1341 1616 2739 2722 2737 2238 2223
32 1559 1340 1616 2737 2723 2732 2238 2213
33 1557 1339 1619 2745 2729 2739 2236 2222
34 1557 1338 1611 2745 2719 2737 2236 2215
35 1557 1333 1615 2739 2724 2738 2236 2231
36 1564 1340 1617 2741 2728 2736 2237 2218
37 1559 1333 1614 2744 2726 2738 2236 2216
38 1555 1342 1616 2744 2723 2730 2233 2219
39 1562 1338 1616 2742 2729 2734 2237 2217
40 1566 1334 1618 2745 2722 2730 2234 2229
41 1564 1337 1614 2746 2721 2737 2242 2224
42 1566 1337 1607 2740 2717 2732 2234 2214
43 1561 1341 1609 2738 2719 2735 2236 2220
44 1562 1334 1617 2749 2727 2735 2236 2216
45 1551 1339 1615 2741 2729 2729 2240 2231
46 1566 1339 1616 2745 2727 2726 2240 2217
47 1564 1341 1616 2747 2720 2738 2235 2213
48 1560 1341 1615 2739 2721 2728 2238 2225
49 1549 1340 1616 2739 2721 2739 2235 2216
50 1552 1336 1613 2744 2720 2734 2242 2233
51 1552 1340 1612 2740 2723 2737 2232 2216
52 1555 1339 1616 2746 2721 2739 2238 2217
53 1562 1338 1619 2742 2725 2735 2235 2223
54 1564 1344 1616 2745 2723 2733 2240 2217
55 1562 1338 1618 2736 2723 2737 2237 2231
56 1568 1336 1618 2737 2728 2734 2237 2220
57 1565 1341 1617 2736 2717 2739 2235 2213
58 1561 1338 1616 2743 2724 2730 2235 2221
59 1561 1335 1614 2740 2727 2736 2237 2214
60 1559 1339 1613 2741 2720 2728 2234 2233
61 1554 1338 1611 2751 2729 2737 2238 2218
62 1563 1338 1616 2747 2719 2736 2235 2217
63 1567 1332 1616 2737 2722 2742 2237 2219
64 1563 1339 1613 2746 2721 2735 2241 2219
65 1567 1340 1619 2744 2723 2733 2232 2230
66 1568 1341 1613 2735 2721 2737 2238 2218
67 1567 1339 1614 2740 2727 2733 2236 2216
68 1566 1339 1616 2745 2718 2739 2240 2219
69 1559 1343 1616 2746 2720 2736 2240 2219
70 1566 1340 1616 2739 2718 2732 2234 2232
71 1567 1334 1615 2739 2724 2734 2237 2216
72 1559 1338 1617 2741 2729 2730 2235 2217
73 1564 1338 1607 2744 2718 2736 2243 2222
74 1563 1341 1608 2745 2722 2738 2231 2214
75 1562 1337 1609 2743 2721 2740 2238 2233
76 1562 1334 1618 2741 2728 2737 2234 2216
77 1558 1339 1611 2747 2721 2729 2240 2219
78 1556 1332 1615 2744 2721 2731 2239 2222
79 1563 1336 1618 2737 2723 2738 2237 2219
80 1560 1338 1615 2737 2723 2734 2234 2229
81 1561 1335 1609 2746 2723 2733 2236 2218
82 1555 1340 1613 2739 2723 2736 2240 2217
83 1561 1339 1616 2737 2726 2737 2232 2222
84 1560 1339 1618 2735 2727 2735 2235 2214
85 1563 1339 1610 2738 2724 2731 2235 2231
86 1565 1341 1616 2740 2729 2736 2241 2216
87 1559 1341 1617 2746 2721 2741 2238 2217
88 1559 1339 1613 2750 2721 2737 2235 2219
89 1564 1341 1616 2744 2726 2741 2235 2220
90 1568 1339 1618 2740 2719 2736 2236 2232
91 1567 1335 1615 2740 2726 2730 2239 2213
92 1558 1335 1620 2741 2725 2735 2236 2220
93 1559 1337 1615 2742 2718 2740 2231 2219
94 1564 1337 1618 2738 2722 2732 2236 2219
95 1562 1342 1616 2741 2722 2736 2237 2232
96 1562 1334 1617 2748 2725 2726 2239 2214
97 1558 1339 1618 2743 2718 2729 2234 2220
98 1561 1336 1616 2747 2725 2736 2234 2217
99 1555 1330 1610 2742 2723 2732 2234 2220
100 1555 1337 1619 2743 2723 2735 2238 2232
101 1562 1337 1618 2734 2719 2736 2238 2215
102 1556 1339 1614 2741 2724 2736 2234 2214
103 1566 1341 1614 2747 2721 2734 2238 2218
104 1559 1341 1616 2735 2720 2742 2236 2218
105 1554 1340 1618 2743 2721 2738 2240 2232
106 1559 1338 1619 2739 2725 2733 2234 2217
107 1563 1338 1617 2739 2722 2733 2235 2220
108 1558 1340 1610 2742 2727 2732 2237 2219
109 1565 1336 1616 2745 2713 2734 2239 2221
110 1561 1332 1615 2735 2721 2737 2240 2232
111 1563 1341 1621 2737 2714 2738 2236 2214
112 1559 1339 1617 2737 2726 2738 2238 2220
113 1559 1339 1609 2740 2723 2732 2233 2216
114 1564 1342 1618 2745 2721 2733 2241 2223
115 1560 1335 1611 2735 2724 2738 2238 2233
116 1558 1340 1613 2744 2728 2735 2235 2213
117 1554 1339 1615 2743 2727 2730 2238 2222
118 1566 1336 1611 2742 2725 2739 2238 2216
119 1571 1337 1620 2745 2724 2735 2241 2218
120 1563 1342 1619 2742 2726 2734 2232 2230
121 1561 1340 1616 2742 2721 2737 2238 2214
122 1560 1331 1616 2739 2722 2739 2236 2219
123 1566 1341 1620 2745 2721 2738 2239 2216
124 1564 1345 1617 2750 2722 2731 2237 2222
125 1561 1342 1618 2739 2724 2735 2238 2230
126 1557 1341 1615 2735 2725 2732 2237 2214
127 1556 1343 1618 2740 2727 2740 2239 2222
128 1548 1337 1615 2742 2719 2734 2240 2214
129 1553 1337 1615 2748 2723 2733 2236 2222
130 1552 1339 1619 2743 2723 2731 2234 2229
131 1552 1339 1605 2737 2721 2737 2236 2215
132 1558 1335 1615 2737 2719 2733 2238 2218
133 1564 1338 1616 2739 2719 2737 2239 2218
134 1575 1337 1608 2746 2723 2733 2233 2224
135 1572 1337 1621 2739 2717 2730 2235 2227
136 1555 1340 1616 2742 2719 2738 2234 2213
137 1561 1330 1608 2741 2728 2741 2243 2222
138 1563 1338 1619 2737 2717 2734 2231 2213
139 1560 1336 1616 2745 2723 2738 2238 2225
140 1560 1336 1614 2742 2720 2732 2232 2226
141 1556 1337 1617 2742 2718 2734 2238 2214
142 1565 1341 1611 2739 2719 2734 2234 2220
143 1563 1337 1613 2741 2717 2741 2234 2217
144 1557 1334 1612 2740 2725 2732 2238 2225
145 1564 1339 1619 2744 2721 2736 2235 2228
146 1570 1339 1618 2745 2724 2737 2236 2213
147 1565 1340 1612 2741 2717 2735 2238 2222
148 1563 1337 1615 2744 2722 2735 2237 2216
149 1562 1340 1616 2742 2725 2734 2235 2225
150 1564 1340 1620 2745 2719 2738 2239 2229
151 1560 1337 1615 2741 2725 2734 2239 2214
152 1560 1343 1616 2746 2719 2736 2234 2223
153 1557 1337 1612 2746 2722 2738 2236 2215
154 1557 1338 1619 2745 2723 2733 2235 2224
155 1566 1333 1617 2740 2729 2739 2240 2227
156 1561 1342 1617 2736 2723 2736 2237 2217
157 1563 1339 1615 2744 2728 2738 2233 2221
158 1561 1339 1613 2739 2724 2735 2239 2217
159 1562 1341 1612 2747 2723 2736 2235 2226
160 1559 1339 1608 2745 2728 2738 2241 2227
161 1560 1341 1620 2744 2724 2737 2232 2214
162 1561 1340 1618 2740 2721 2737 2239 2224
163 1556 1335 1607 2742 2722 2734 2233 2214
164 1556 1337 1609 2746 2725 2738 2240 2228
165 1566 1340 1619 2744 2715 2740 2238 2226
166 1567 1338 1612 2746 2726 2730 2233 2215
167 1559 1335 1617 2745 2730 2739 2235 2221
168 1564 1337 1614 2739 2722 2730 2235 2217
169 1555 1341 1615 2742 2718 2731 2238 2227
170 1560 1343 1612 2741 2720 2741 2234 2226
171 1553 1337 1615 2746 2720 2736 2233 2213
172 1561 1341 1617 2741 2723 2735 2238 2225
173 1566 1337 1613 2736 2729 2736 2236 2216
174 1563 1341 1605 2736 2715 2733 2242 2229
175 1562 1330 1615 2742 2719 2726 2230 2222
176 1560 1339 1610 2745 2725 2730 2235 2214
177 1562 1339 1611 2739 2725 2735 2236 2223
178 1559 1339 1608 2742 2728 2732 2238 2215
179 1554 1339 1616 2743 2721 2736 2238 2228
180 1561 1334 1609 2743 2725 2737 2237 2224
181 1552 1345 1619 2740 2722 2733 2234 2213
182 1555 1340 1615 2747 2730 2736 2238 2225
183 1560 1342 1615 2742 2717 2731 2240 2214
184 1563 1340 1612 2736 2727 2732 2234 2230
185 1564 1336 1615 2736 2721 2728 2236 2222
186 1563 1336 1610 2741 2719 2740 2235 2215
187 1567 1338 1616 2739 2720 2738 2237 2222
188 1562 1340 1617 2744 2720 2737 2238 2217
189 1559 1333 1617 2741 2722 2737 2235 2228
190 1553 1336 1615 2743 2719 2735 2235 2223
191 1559 1337 1615 2739 2726 2735 2237 2214
192 1551 1342 1614 2747 2721 2729 2240 2223
193 1558 1343 1619 2750 2726 2733 2233 2212
194 1553 1339 1616 2744 2716 2732 2236 2228
195 1550 1333 1616 2743 2722 2734 2233 2219
196 1562 1337 1615 2740 2719 2738 2238 2215
197 1556 1330 1615 2743 2724 2735 2237 2219
198 1566 1338 1616 2740 2720 2737 2233 2217
199 1558 1335 1611 2746 2723 2738 2239 2232
200 1551 1339 1609 2738 2718 2738 2232 2220
201 1562 1339 1614 2749 2721 2734 2240 2218
202 1564 1340 1615 2744 2720 2736 2237 2221
203 1559 1339 1619 2743 2725 2733 2235 2216
204 1563 1337 1616 2740 2724 2730 2234 2229
205 1561 1333 1618 2742 2719 2739 2238 2221
206 1557 1339 1618 2739 2725 2739 2242 2216
207 1562 1339 1617 2743 2721 2735 2231 2223
208 1555 1338 1616 2739 2719 2740 2237 2216
209 1555 1343 1615 2746 2725 2743 2235 2232
210 1556 1339 1620 2749 2723 2728 2241 2220
211 1556 1338 1617 2736 2729 2739 2236 2216
212 1561 1341 1614 2741 2725 2730 2234 2223
213 1561 1335 1619 2735 2725 2736 2234 2216
214 1561 1337 1618 2740 2718 2735 2237 2230
215 1558 1331 1617 2747 2728 2731 2240 2219
216 1563 1336 1606 2742 2729 2737 2236 2216
217 1559 1340 1615 2735 2721 2733 2238 2223
218 1563 1335 1617 2748 2721 2745 2234 2218
219 1560 1333 1615 2736 2727 2735 2237 2230
220 1563 1343 1615 2739 2722 2731 2236 2219
221 1556 1341 1616 2738 2727 2739 2232 2215
222 1554 1341 1617 2742 2718 2729 2236 2224
223 1554 1340 1607 2739 2728 2729 2231 2217
224 1560 1338 1615 2737 2723 2735 2240 2231
225 1563 1338 1618 2740 2721 2730 2233 2216
226 1562 1332 1617 2742 2721 2734 2235 2217
227 1569 1334 1615 2741 2726 2736 2236 2221
228 1561 1339 1613 2742 2717 2732 2237 2218
229 1565 1336 1615 2740 2728 2733 2234 2229
230 1564 1333 1612 2749 2724 2731 2234 2219
231 1570 1343 1613 2737 2718 2729 2233 2215
232 1562 1340 1618 2743 2723 2735 2234 2221
233 1562 1337 1613 2743 2728 2732 2239 2216
234 1567 1341 1613 2744 2717 2733 2235 2233
235 1564 1340 1616 2748 2722 2738 2232 2217
236 1571 1337 1617 2750 2723 2735 2236 2216
237 1566 1341 1612 2745 2726 2739 2234 2220
238 1572 1334 1606 2747 2720 2737 2242 2219
239 1566 1334 1613 2742 2722 2737 2230 2232
240 1566 1340 1616 2746 2727 2732 2239 2218
241 1559 1332 1612 2742 2725 2734 2235 2219
242 1562 1341 1617 2739 2724 2734 2241 2221
243 1558 1342 1616 2741 2721 2735 2238 2220
244 1568 1341 1614 2742 2722 2737 2232 2229
245 1556 1336 1616 2739 2724 2739 2237 2216
246 1564 1339 1616 2737 2728 2733 2238 2219
247 1557 1334 1617 2742 2721 2736 2240 2220
248 1557 1341 1621 2740 2722 2737 2231 2217
249 1564 1340 1617 2741 2718 2734 2234 2232
250 1567 1336 1618 2740 2721 2738 2236 2215
251 1560 1341 1612 2741 2725 2731 2236 2216
252 1561 1333 1612 2740 2721 2739 2239 2220
253 1564 1334 1613 2746 2724 2741 2230 2213
254 1559 1337 1619 2737 2724 2733 2237 2229
255 1568 1337 1618 2745 2717 2741 2230 2213
256 1569 1339 1621 2747 2717 2731 2243 2220
257 1564 1337 1615 2745 2719 2732 2233 2217
258 1563 1337 1616 2744 2729 2740 2236 2219
259 1567 1337 1612 2741 2724 2741 2236 2233
260 1561 1328 1611 2744 2722 2733 2237 2217
261 1557 1336 1617 2744 2724 2740 2238 2219
262 1562 1339 1620 2742 2719 2740 2233 2220
263 1562 1339 1617 2748 2729 2736 2235 2219
264 1564 1336 1622 2737 2721 2733 2234 2234
265 1560 1336 1615 2735 2727 2743 2233 2211
266 1563 1339 1610 2750 2729 2735 2232 2219
267 1554 1339 1619 2742 2725 2739 2228 2218
268 1559 1333 1620 2737 2729 2736 2237 2224
269 1558 1334 1618 2740 2729 2741 2231 2234
270 1560 1337 1617 2740 2724 2737 2235 2218
271 1560 1330 1618 2743 2724 2743 2224 2219
272 1554 1334 1623 2737 2727 2742 2229 2221
273 1557 1338 1620 2740 2725 2736 2227 2225
274 1554 1337 1616 2741 2725 2743 2230 2239
275 1557 1337 1605 2744 2727 2740 2225 2213
276 1561 1342 1611 2746 2730 2740 2224 2220
277 1560 1340 1613 2750 2724 2745 2225 2213
278 1568 1333 1607 2741 2734 2741 2226 2220
279 1570 1334 1611 2742 2731 2742 2212 2229
280 1557 1326 1604 2745 2728 2745 2188 2210
281 1552 1326 1610 2742 2727 2741 2193 2224
282 1546 1318 1617 2737 2729 2750 2216 2253
283 1545 1330 1622 2734 2726 2747 2237 2272
284 1549 1332 1625 2741 2729 2750 2235 2272
285 1562 1337 1619 2742 2724 2751 2213 2230
286 1565 1332 1615 2738 2723 2748 2208 2232
287 1567 1337 1614 2746 2730 2749 2200 2229
288 1565 1332 1615 2743 2716 2752 2206 2229
289 1563 1337 1614 2738 2719 2750 2205 2237
290 1567 1336 1617 2740 2723 2750 2205 2225
291 1560 1335 1609 2744 2731 2748 2209 2245
292 1559 1337 1616 2744 2725 2757 2206 2236
293 1553 1330 1614 2735 2726 2754 2209 2239
294 1558 1333 1617 2717 2713 2744 2172 2206
295 1566 1330 1618 2739 2721 2746 2199 2223
296 1560 1331 1621 2747 2724 2750 2197 2251
297 1556 1326 1616 2739 2725 2757 2196 2240
298 1558 1323 1616 2744 2725 2757 2188 2236
299 1562 1322 1608 2743 2730 2759 2189 2255
300 1548 1314 1608 2736 2723 2763 2186 2251
301 1555 1315 1605 2748 2725 2757 2187 2271
302 1540 1300 1597 2737 2726 2769 2172 2248
303 1550 1294 1596 2740 2730 2777 2130 2252
304 1546 1291 1599 2741 2733 2778 2102 2271
305 1528 1288 1616 2741 2738 2793 2115 2306
306 1528 1278 1605 2747 2734 2805 2116 2340
307 1537 1262 1606 2746 2746 2849 2084 2272
308 1526 1222 1600 2763 2759 2923 2045 2297
309 1494 1189 1577 2761 2675 2838 1914 2454
310 1472 1142 1541 2748 2750 2832 1714 2371
311 1502 1120 1580 2755 2784 2878 1769 2031
312 1498 1180 1647 2767 2740 2833 2044 1951
313 1487 1254 1685 2752 2760 2842 2288 2227
314 1498 1309 1703 2736 2732 2868 2397 2289
315 1524 1320 1685 2754 2731 2825 2314 2035
316 1539 1297 1640 2758 2718 2802 2251 1776
317 1521 1296 1619 2749 2759 2834 2360 1876
318 1454 1307 1615 2739 2729 2821 2528 2158
319 1430 1322 1623 2753 2746 2808 2561 2228
320 1415 1317 1618 2741 2739 2809 2379 2111
321 1432 1357 1629 2744 2739 2812 2193 2101
322 1429 1351 1624 2731 2758 2852 2126 2256
323 1450 1381 1608 2736 2735 2822 2153 2543
324 1448 1380 1590 2751 2734 2804 2153 2729
325 1474 1363 1584 2748 2727 2812 2101 2711
326 1520 1329 1617 2745 2762 2827 2032 2648
327 1552 1347 1653 2750 2752 2814 2090 2735
328 1541 1336 1635 2741 2751 2819 2076 2962
329 1587 1360 1616 2740 2718 2804 2057 2929
330 1662 1367 1599 2753 2754 2783 2077 2645
331 1701 1380 1585 2745 2739 2821 2026 2481
332 1733 1377 1566 2738 2724 2781 1973 2470
333 1746 1382 1589 2747 2736 2778 1996 2447
334 1748 1411 1615 2735 2744 2815 2096 2282
335 1760 1428 1629 2738 2734 2811 2172 2130
336 1731 1430 1664 2752 2731 2789 2190 2134
337 1692 1420 1672 2751 2739 2804 2150 2173
338 1653 1424 1675 2739 2721 2794 2208 2134
339 1619 1414 1646 2754 2730 2789 2271 2147
340 1611 1409 1629 2740 2745 2793 2270 2166
341 1604 1389 1609 2742 2727 2794 2233 2161
342 1617 1359 1581 2748 2733 2777 2120 2096
343 1638 1346 1575 2737 2727 2804 2069 1934
344 1645 1334 1574 2726 2742 2790 2049 1838
345 1624 1332 1604 2743 2745 2797 2107 1869
346 1593 1333 1632 2742 2730 2796 2163 2035
347 1550 1325 1645 2752 2736 2795 2174 2166
348 1511 1313 1655 2757 2713 2774 2189 2179
349 1509 1308 1646 2759 2710 2776 2193 2103
350 1523 1309 1624 2733 2719 2801 2203 2123
351 1499 1298 1606 2745 2734 2786 2172 2263
352 1501 1304 1620 2746 2730 2781 2173 2307
353 1504 1301 1623 2757 2715 2776 2164 2301
354 1511 1309 1626 2747 2729 2787 2165 2289
355 1517 1302 1629 2751 2721 2783 2162 2347
356 1526 1298 1627 2741 2734 2777 2142 2385
357 1529 1296 1616 2741 2725 2776 2125 2349
358 1538 1297 1620 2746 2729 2773 2118 2317
359 1547 1308 1621 2740 2730 2779 2141 2327
360 1550 1310 1622 2746 2730 2784 2153 2386
361 1548 1311 1618 2750 2720 2773 2142 2417
362 1555 1313 1604 2752 2722 2775 2144 2391
363 1559 1310 1614 2747 2732 2759 2121 2397
364 1557 1344 1645 2742 2729 2766 2162 2310
365 1568 1363 1657 2740 2722 2764 2186 2349
366 1567 1374 1659 2740 2722 2763 2221 2410
367 1575 1393 1646 2736 2722 2775 2223 2363
368 1605 1399 1640 2741 2716 2760 2208 2286
369 1626 1416 1645 2741 2715 2747 2204 2195
370 1617 1426 1648 2732 2718 2767 2220 2165
371 1626 1436 1651 2738 2724 2757 2234 2220
372 1620 1438 1643 2738 2718 2759 2224 2239
373 1630 1447 1642 2730 2712 2763 2215 2203
374 1631 1446 1641 2744 2727 2759 2213 2126
375 1639 1446 1639 2742 2720 2758 2230 2092
376 1634 1441 1642 2738 2721 2759 2227 2123
377 1632 1434 1647 2733 2719 2754 2235 2142
378 1633 1427 1648 2743 2714 2754 2238 2144
379 1632 1414 1645 2740 2723 2751 2243 2099
380 1629 1401 1644 2735 2715 2756 2251 2076
381 1617 1394 1638 2738 2719 2753 2248 2093
382 1610 1390 1640 2736 2723 2753 2258 2100
383 1603 1385 1641 2740 2725 2755 2263 2113
384 1599 1374 1643 2736 2729 2755 2266 2071
385 1590 1366 1643 2737 2724 2755 2273 2060
386 1585 1359 1637 2737 2722 2752 2280 2077
387 1572 1352 1630 2739 2726 2762 2285 2086
388 1568 1351 1629 2742 2724 2754 2290 2106
389 1561 1349 1640 2746 2726 2756 2290 2086
390 1549 1345 1638 2737 2725 2755 2285 2103
391 1554 1334 1642 2740 2727 2756 2290 2131
392 1558 1336 1633 2742 2726 2749 2292 2152
393 1560 1338 1636 2740 2724 2754 2292 2176
394 1556 1339 1637 2741 2722 2754 2287 2165
395 1561 1338 1624 2738 2728 2758 2281 2165
396 1559 1341 1628 2741 2721 2749 2284 2182
397 1563 1345 1625 2739 2721 2749 2285 2195
398 1565 1342 1634 2744 2726 2752 2295 2201
399 1579 1358 1641 2741 2715 2749 2310 2162
400 1581 1360 1637 2740 2723 2752 2307 2168
401 1588 1354 1635 2745 2727 2752 2299 2173
402 1594 1361 1641 2742 2717 2747 2296 2154
403 1602 1355 1640 2734 2719 2741 2306 2132
404 1616 1364 1648 2737 2722 2754 2309 2090
405 1616 1367 1648 2744 2719 2744 2319 2088
406 1609 1378 1655 2736 2719 2746 2342 2077
407 1604 1383 1647 2738 2721 2747 2333 2113
408 1597 1363 1625 2739 2727 2745 2296 2132
409 1613 1356 1613 2745 2723 2740 2293 2059
410 1614 1350 1625 2739 2717 2736 2298 2046
411 1606 1349 1621 2742 2718 2740 2315 2068
412 1600 1340 1633 2741 2717 2750 2314 2133
413 1585 1345 1637 2742 2730 2732 2300 2168
414 1584 1344 1638 2739 2721 2740 2302 2130
415 1571 1339 1636 2740 2724 2748 2305 2128
416 1574 1340 1630 2741 2722 2741 2309 2145
417 1573 1349 1629 2742 2716 2739 2312 2166
418 1573 1345 1635 2747 2725 2738 2303 2186
419 1579 1342 1625 2746 2716 2741 2307 2163
420 1582 1348 1621 2738 2720 2734 2306 2148
421 1576 1344 1624 2744 2728 2745 2308 2138
422 1571 1346 1630 2744 2723 2742 2297 2130
423 1573 1339 1633 2743 2727 2750 2289 2141
424 1576 1341 1631 2739 2727 2743 2275 2108
425 1568 1337 1622 2738 2725 2741 2289 2104
426 1569 1341 1630 2746 2724 2734 2298 2101
427 1573 1337 1639 2746 2727 2738 2304 2107
428 1557 1336 1643 2742 2723 2746 2308 2128
429 1550 1338 1636 2737 2727 2735 2306 2107
430 1543 1335 1631 2745 2721 2739 2319 2119
431 1542 1331 1633 2738 2719 2742 2310 2122
432 1543 1326 1632 2742 2717 2738 2305 2140
433 1536 1329 1628 2742 2727 2734 2297 2165
434 1540 1326 1620 2737 2721 2740 2301 2165
435 1531 1329 1628 2740 2729 2742 2300 2190
436 1534 1333 1627 2736 2718 2739 2298 2212
437 1541 1328 1628 2741 2725 2733 2299 2224
438 1536 1325 1635 2742 2728 2736 2299 2240
439 1542 1323 1629 2743 2722 2735 2302 2222
440 1543 1329 1630 2746 2716 2734 2304 2235
441 1544 1322 1629 2747 2724 2740 2299 2246
442 1543 1327 1632 2746 2721 2730 2300 2262
443 1549 1328 1631 2742 2722 2737 2299 2262
444 1549 1330 1626 2740 2717 2737 2313 2226
445 1549 1328 1628 2746 2723 2732 2299 2219
446 1554 1337 1618 2753 2724 2738 2289 2230
447 1547 1340 1620 2745 2727 2740 2278 2233
448 1551 1332 1626 2739 2721 2737 2287 2215
449 1561 1348 1635 2741 2722 2729 2310 2177
450 1557 1346 1628 2738 2720 2735 2316 2213
451 1567 1344 1635 2746 2725 2732 2306 2215
452 1565 1342 1620 2746 2721 2733 2298 2211
453 1575 1330 1625 2739 2722 2732 2308 2199
454 1571 1338 1621 2737 2726 2736 2308 2189
455 1573 1330 1614 2746 2728 2728 2300 2202
456 1561 1335 1626 2735 2723 2731 2300 2193
457 1580 1340 1626 2740 2718 2731 2291 2193
458 1575 1337 1629 2745 2729 2734 2285 2201
459 1564 1330 1622 2747 2731 2732 2283 2181
460 1574 1330 1622 2743 2727 2730 2302 2196
461 1569 1335 1618 2739 2722 2735 2317 2205
462 1571 1341 1628 2743 2721 2732 2324 2200
463 1576 1350 1624 2742 2718 2733 2319 2183
464 1572 1352 1630 2743 2721 2735 2286 2163
465 1564 1344 1622 2741 2718 2732 2283 2171
466 1555 1337 1622 2747 2727 2740 2292 2180
467 1548 1335 1625 2738 2721 2731 2303 2216
468 1549 1338 1622 2739 2720 2732 2293 2225
469 1543 1338 1624 2745 2720 2730 2294 2211
470 1545 1342 1627 2746 2720 2729 2294 2221
471 1545 1342 1629 2747 2719 2732 2302 2224
472 1553 1339 1620 2740 2725 2727 2297 2240
473 1555 1338 1628 2738 2713 2722 2291 2250
474 1548 1334 1629 2741 2717 2728 2285 2236
475 1549 1333 1626 2742 2713 2730 2281 2259
476 1543 1335 1616 2735 2721 2722 2281 2254
477 1550 1337 1617 2739 2723 2728 2275 2266
478 1553 1338 1617 2735 2723 2734 2278 2263
479 1553 1341 1619 2738 2715 2731 2282 2249
480 1559 1345 1626 2747 2720 2732 2283 2250
481 1562 1347 1624 2737 2725 2737 2287 2239
482 1566 1343 1626 2745 2717 2730 2282 2237
483 1565 1339 1619 2751 2727 2724 2283 2224
484 1568 1343 1621 2741 2723 2733 2282 2201
485 1570 1343 1633 2740 2718 2725 2300 2173
486 1570 1352 1626 2745 2719 2733 2308 2189
487 1569 1347 1624 2748 2722 2724 2280 2219
488 1564 1338 1623 2738 2717 2723 2271 2193
489 1565 1331 1620 2741 2720 2729 2285 2174
490 1563 1326 1619 2747 2723 2736 2300 2212
491 1552 1327 1620 2741 2720 2738 2294 2226
492 1556 1330 1619 2741 2720 2732 2284 2231
493 1553 1326 1626 2741 2719 2726 2279 2210
494 1555 1331 1635 2739 2718 2730 2284 2211
495 1556 1332 1633 2750 2717 2726 2297 2260
496 1562 1321 1620 2746 2721 2732 2306 2231
497 1577 1309 1615 2734 2715 2733 2304 2193
498 1583 1314 1604 2745 2718 2735 2277 2186
499 1572 1319 1607 2737 2725 2737 2267 2209
500 1566 1315 1600 2743 2717 2731 2262 2222
501 1575 1310 1603 2745 2716 2730 2280 2188
502 1562 1316 1607 2744 2718 2727 2300 2178
503 1560 1316 1604 2737 2718 2730 2275 2218
504 1556 1315 1624 2747 2721 2732 2255 2187
505 1557 1303 1617 2739 2718 2730 2259 2183
506 1543 1302 1618 2737 2725 2731 2286 2205
507 1530 1303 1615 2734 2717 2734 2282 2254
508 1536 1300 1617 2739 2719 2723 2271 2237
509 1532 1304 1608 2746 2723 2731 2253 2229
510 1535 1307 1602 2732 2722 2731 2253 2276
511 1535 1309 1609 2745 2712 2731 2259 2283
512 1535 1307 1606 2745 2713 2729 2256 2283
513 1544 1312 1607 2741 2717 2736 2255 2271
514 1539 1316 1617 2734 2718 2724 2237 2266
515 1544 1322 1618 2740 2722 2734 2239 2288
516 1553 1319 1616 2740 2720 2733 2229 2275
517 1556 1317 1617 2742 2712 2734 2238 2267
518 1557 1324 1608 2740 2728 2738 2229 2246
519 1562 1324 1613 2745 2722 2739 2222 2227
520 1558 1328 1615 2741 2725 2731 2213 2224
521 1563 1333 1615 2738 2728 2732 2221 2216
522 1547 1335 1614 2738 2726 2735 2231 2257
523 1549 1336 1614 2745 2716 2728 2229 2256
524 1546 1335 1608 2739 2718 2734 2228 2232
525 1549 1341 1617 2739 2727 2736 2226 2230
526 1542 1345 1620 2742 2717 2740 2230 2231
527 1544 1339 1622 2744 2727 2732 2224 2255
528 1537 1344 1611 2743 2722 2733 2221 2237
529 1540 1345 1619 2743 2722 2724 2225 2231
530 1537 1345 1621 2740 2726 2735 2222 2246
531 1543 1348 1620 2743 2718 2729 2229 2234
532 1542 1342 1616 2743 2715 2730 2225 2238
533 1552 1348 1615 2743 2725 2734 2226 2222
534 1557 1349 1621 2746 2719 2734 2225 2216
535 1548 1345 1607 2744 2721 2727 2230 2229
536 1550 1329 1611 2741 2717 2727 2226 2241
537 1551 1335 1619 2740 2718 2737 2221 2255
538 1567 1334 1614 2734 2725 2734 2226 2233
539 1567 1335 1617 2737 2722 2730 2225 2224
540 1571 1335 1616 2733 2715 2733 2233 2245
541 1563 1325 1612 2741 2723 2732 2208 2263
542 1562 1322 1609 2741 2719 2732 2208 2257
543 1563 1327 1616 2738 2716 2730 2213 2218
544 1562 1340 1626 2747 2722 2729 2244 2234
545 1556 1342 1624 2745 2717 2732 2247 2270
546 1562 1346 1622 2737 2716 2732 2226 2233
547 1574 1350 1611 2738 2715 2733 2220 2187
548 1580 1361 1622 2746 2715 2729 2262 2156
549 1552 1354 1611 2746 2716 2730 2260 2257
550 1558 1352 1616 2734 2715 2726 2237 2234
551 1553 1335 1600 2744 2716 2732 2184 2202
552 1557 1329 1608 2745 2719 2725 2191 2219
553 1553 1322 1618 2746 2717 2724 2220 2252
554 1547 1329 1622 2740 2714 2730 2247 2283
555 1563 1333 1622 2741 2714 2724 2226 2251
556 1563 1340 1623 2744 2721 2723 2218 2217
557 1566 1341 1622 2745 2714 2728 2211 2241
558 1565 1330 1610 2734 2712 2724 2226 2241
559 1568 1339 1615 2744 2712 2725 2245 2215
560 1568 1340 1611 2744 2709 2724 2249 2205
561 1563 1351 1615 2742 2710 2724 2234 2199
562 1561 1352 1621 2741 2711 2726 2221 2218
563 1562 1347 1616 2739 2705 2717 2232 2196
564 1549 1342 1619 2741 2712 2725 2243 2202
565 1564 1352 1626 2743 2713 2722 2250 2199
566 1566 1343 1618 2735 2703 2713 2243 2195
567 1567 1348 1618 2742 2706 2716 2235 2210
568 1557 1343 1609 2739 2708 2714 2230 2210
569 1556 1335 1612 2740 2702 2713 2228 2218
570 1559 1328 1612 2732 2713 2716 2238 2207
571 1554 1325 1615 2737 2705 2712 2241 2205
572 1565 1340 1621 2742 2704 2719 2247 2222
573 1572 1338 1615 2734 2708 2714 2238 2203
574 1571 1341 1619 2738 2699 2710 2240 2204
575 1566 1341 1604 2735 2699 2714 2246 2203
576 1570 1343 1608 2732 2702 2705 2251 2178
577 1562 1341 1608 2733 2696 2698 2246 2196
578 1551 1346 1615 2732 2694 2702 2231 2203
579 1546 1339 1611 2728 2699 2705 2231 2244
580 1548 1336 1620 2745 2707 2715 2240 2239
581 1547 1331 1613 2748 2719 2739 2241 2219
582 1550 1330 1614 2738 2718 2731 2229 2247
583 1548 1330 1620 2742 2713 2716 2217 2256
584 1550 1332 1622 2736 2712 2716 2246 2254
585 1556 1327 1626 2747 2717 2733 2252 2243
586 1551 1340 1619 2739 2714 2734 2249 2246
587 1559 1343 1614 2744 2714 2723 2234 2258
588 1564 1348 1615 2736 2715 2725 2233 2219
589 1567 1340 1619 2745 2717 2732 2226 2204
590 1561 1348 1612 2741 2720 2722 2241 2207
591 1565 1338 1607 2746 2714 2723 2243 2245
592 1564 1331 1620 2740 2716 2724 2237 2246
593 1560 1332 1608 2740 2711 2721 2234 2187
594 1562 1338 1603 2748 2713 2729 2233 2211
595 1556 1341 1612 2744 2713 2727 2234 2245
596 1549 1330 1606 2742 2717 2722 2225 2248
597 1558 1337 1613 2741 2716 2727 2225 2229
598 1563 1341 1610 2742 2720 2734 2234 2211
599 1560 1338 1614 2741 2721 2723 2233 2229
600 1550 1343 1624 2739 2719 2730 2236 2228
601 1566 1342 1615 2741 2715 2721 2225 2211
602 1565 1342 1619 2742 2723 2719 2233 2218
603 1565 1339 1610 2743 2723 2723 2231 2213
604 1560 1337 1614 2738 2715 2727 2240 2232
605 1566 1335 1610 2737 2718 2731 2231 2223
606 1560 1334 1616 2749 2718 2729 2231 2224
607 1555 1334 1616 2737 2714 2727 2227 2233
608 1564 1335 1611 2742 2717 2728 2232 2221
609 1565 1338 1617 2742 2716 2727 2234 2222
610 1559 1330 1617 2741 2724 2723 2232 2219
611 1563 1336 1617 2737 2717 2726 2232 2222
612 1569 1336 1617 2737 2711 2732 2231 2236
613 1565 1339 1615 2740 2723 2728 2233 2214
614 1567 1340 1613 2745 2720 2726 2237 2223
615 1568 1338 1601 2743 2718 2730 2229 2215
616 1569 1339 1612 2745 2718 2728 2235 2225
617 1568 1340 1608 2741 2717 2727 2232 2232
618 1573 1341 1617 2741 2718 2733 2236 2214
619 1566 1336 1614 2738 2721 2727 2229 2216
620 1569 1341 1611 2740 2718 2729 2236 2215
621 1558 1333 1615 2740 2721 2729 2232 2223
622 1559 1338 1614 2742 2726 2734 2236 2233
623 1557 1344 1612 2740 2722 2728 2234 2209
624 1557 1340 1616 2742 2721 2732 2229 2221
625 1553 1340 1614 2747 2718 2735 2233 2221
626 1562 1340 1618 2743 2715 2729 2233 2231
627 1557 1339 1622 2741 2718 2728 2238 2235
628 1556 1342 1620 2740 2719 2729 2231 2214
629 1552 1340 1617 2741 2724 2733 2232 2226
630 1560 1340 1606 2742 2718 2724 2228 2218
631 1562 1340 1614 2745 2714 2726 2232 2227
632 1556 1342 1616 2741 2724 2729 2234 2228
633 1566 1342 1614 2744 2721 2728 2231 2216
634 1563 1340 1618 2740 2722 2726 2232 2224
635 1563 1339 1613 2748 2718 2726 2232 2219
636 1563 1335 1611 2739 2720 2727 2238 2228
637 1557 1340 1612 2743 2718 2730 2234 2230
638 1559 1342 1611 2728 2717 2731 2234 2217
639 1556 1342 1611 2740 2715 2730 2232 2222
640 1558 1341 1608 2739 2718 2728 2236 2213
641 1564 1343 1611 2746 2726 2728 2240 2227
642 1565 1342 1610 2735 2723 2732 2233 2229
643 1560 1336 1612 2736 2719 2726 2233 2214
644 1551 1331 1617 2735 2718 2729 2234 2225
645 1561 1341 1615 2736 2713 2731 2235 2217
646 1556 1331 1617 2742 2719 2726 2235 2231
647 1557 1336 1614 2734 2723 2738 2232 2225
648 1557 1339 1616 2735 2722 2734 2235 2214
649 1566 1338 1614 2747 2721 2738 2233 2223
650 1563 1337 1613 2739 2727 2737 2239 2218
651 1563 1339 1618 2743 2730 2733 2234 2226
652 1550 1338 1618 2741 2724 2728 2235 2227
653 1557 1338 1613 2745 2721 2734 2236 2212
654 1555 1342 1621 2744 2725 2731 2236 2224
655 1560 1341 1617 2740 2725 2727 2240 2214
656 1564 1337 1615 2742 2720 2734 2232 2228
657 1569 1339 1617 2749 2724 2732 2232 2225
658 1560 1335 1620 2744 2719 2728 2233 2216
659 1564 1335 1613 2747 2722 2734 2236 2222
660 1566 1339 1613 2739 2727 2736 2237 2219
661 1567 1343 1606 2746 2719 2729 2232 2228
662 1566 1339 1609 2740 2715 2726 2234 2227
663 1565 1341 1617 2744 2725 2735 2236 2215
664 1564 1343 1618 2735 2720 2731 2239 2224
665 1565 1341 1609 2734 2727 2730 2234 2219
666 1558 1340 1612 2743 2722 2732 2234 2228
667 1560 1339 1617 2746 2720 2733 2237 2228
668 1561 1333 1611 2737 2721 2732 2237 2214
669 1562 1336 1615 2737 2722 2730 2237 2221
670 1563 1340 1615 2741 2725 2727 2233 2218
671 1562 1344 1618 2740 2720 2732 2232 2227
672 1562 1341 1617 2746 2726 2736 2235 2226
673 1560 1339 1609 2745 2727 2732 2240 2213
674 1557 1338 1616 2743 2728 2732 2233 2222
675 1555 1338 1611 2744 2721 2731 2237 2218
676 1563 1336 1608 2740 2720 2726 2235 2232
677 1557 1342 1619 2749 2719 2730 2235 2220
678 1563 1338 1617 2750 2718 2731 2238 2216
679 1561 1341 1619 2741 2725 2725 2232 2223
680 1559 1344 1624 2744 2726 2731 2237 2219
681 1559 1334 1615 2745 2728 2727 2234 2232
682 1547 1342 1622 2744 2725 2727 2242 2225
683 1555 1342 1619 2748 2724 2736 2235 2217
684 1559 1338 1620 2747 2731 2738 2231 2221
685 1555 1343 1621 2747 2727 2741 2235 2219
686 1554 1343 1617 2746 2728 2735 2232 2229
687 1560 1335 1615 2750 2723 2733 2241 2223
688 1562 1340 1610 2743 2719 2730 2232 2215
689 1555 1339 1617 2735 2720 2733 2235 2224
690 1563 1337 1618 2745 2721 2734 2235 2219
691 1555 1344 1619 2732 2717 2734 2239 2232
692 1558 1337 1620 2742 2723 2737 2238 2222
693 1562 1334 1612 2741 2723 2727 2234 2216
694 1567 1336 1614 2741 2721 2732 2235 2221
695 1561 1334 1617 2746 2722 2730 2235 2217
696 1561 1341 1614 2746 2726 2734 2245 2232
697 1562 1338 1611 2745 2727 2735 2233 2221
698 1564 1340 1615 2739 2720 2727 2238 2218
699 1564 1338 1619 2740 2724 2738 2234 2224
700 1559 1332 1621 2742 2725 2730 2238 2214
701 1561 1342 1616 2739 2722 2732 2239 2233
702 1563 1338 1614 2736 2720 2731 2236 2221
703 1557 1339 1615 2735 2720 2726 2237 2218
704 1564 1337 1613 2744 2720 2741 2237 2225
705 1559 1338 1615 2741 2729 2739 2238 2214
706 1559 1339 1615 2748 2723 2729 2234 2234
707 1553 1339 1607 2738 2717 2727 2234 2218
708 1563 1338 1620 2740 2728 2737 2236 2217
709 1561 1340 1617 2745 2718 2734 2233 2220
710 1562 1334 1616 2740 2720 2743 2241 2219
711 1557 1337 1615 2740 2723 2733 2231 2229
712 1559 1337 1616 2746 2717 2733 2239 2219
713 1559 1340 1616 2742 2724 2736 2231 2213
714 1547 1339 1618 2748 2723 2734 2240 2207
715 1561 1341 1616 2729 2705 2729 2232 2216
716 1559 1340 1614 2748 2725 2740 2236 2232
717 1552 1345 1614 2744 2720 2734 2235 2217
718 1564 1342 1616 2744 2725 2735 2239 2220
719 1565 1340 1615 2743 2718 2732 2239 2222
720 1568 1336 1620 2742 2728 2740 2232 2219
721 1566 1342 1613 2747 2721 2730 2235 2230
722 1565 1337 1619 2739 2722 2733 2235 2220
723 1562 1332 1615 2745 2721 2736 2239 2217
724 1563 1337 1615 2741 2723 2739 2237 2221
725 1562 1341 1606 2737 2719 2737 2237 2221
726 1563 1342 1616 2746 2717 2736 2238 2233
727 1560 1337 1618 2738 2719 2739 2237 2219
728 1552 1339 1615 2746 2727 2738 2238 2216
729 1559 1337 1610 2745 2724 2733 2236 2222
730 1561 1337 1614 2741 2724 2730 2234 2216
731 1556 1340 1618 2738 2725 2731 2238 2233
732 1564 1340 1616 2745 2718 2731 2238 2213
733 1558 1334 1608 2746 2724 2731 2239 2219
734 1552 1335 1607 2733 2708 2732 2230 2213
735 1565 1329 1619 2744 2722 2736 2238 2220
736 1558 1341 1616 2738 2723 2732 2233 2231
737 1558 1340 1615 2739 2719 2740 2241 2217
738 1564 1340 1610 2741 2722 2732 2231 2216
739 1556 1340 1615 2745 2699 2733 2238 2220
740 1555 1339 1614 2745 2718 2738 2237 2220
741 1558 1340 1617 2737 2725 2733 2238 2235
742 1553 1331 1616 2749 2721 2733 2242 2217
743 1564 1335 1616 2737 2721 2731 2232 2218
744 1557 1341 1616 2742 2719 2739 2238 2220
745 1561 1339 1620 2743 2720 2736 2231 2218
746 1560 1338 1607 2741 2722 2736 2242 2235
747 1567 1341 1609 2746 2725 2734 2234 2214
748 1562 1339 1614 2737 2720 2740 2235 2219
749 1555 1334 1613 2746 2720 2733 2237 2218
750 1561 1333 1606 2740 2717 2737 2236 2221
751 1564 1340 1608 2747 2718 2740 2243 2237
752 1551 1341 1608 2745 2714 2733 2233 2215
753 1565 1340 1612 2733 2718 2733 2238 2222
754 1569 1338 1606 2742 2726 2738 2236 2221
755 1570 1340 1613 2744 2720 2736 2244 2221
756 1567 1330 1605 2739 2724 2728 2238 2234
757 1568 1338 1613 2741 2724 2736 2236 2213
758 1560 1335 1614 2739 2723 2730 2237 2222
759 1559 1343 1609 2743 2730 2733 2237 2220
760 1564 1330 1605 2739 2728 2740 2241 2221
761 1563 1340 1613 2743 2725 2733 2235 2234
762 1564 1335 1608 2745 2724 2733 2235 2213
763 1558 1337 1616 2742 2726 2730 2235 2220
764 1551 1340 1608 2738 2726 2731 2238 2216
765 1561 1337 1607 2743 2725 2734 2241 2222
766 1559 1340 1619 2743 2723 2735 2232 2232
767 1567 1332 1616 2740 2718 2733 2237 2215
768 1561 1339 1617 2745 2723 2730 2232 2218
769 1561 1338 1614 2747 2729 2741 2243 2219
770 1563 1337 1610 2746 2721 2732 2238 2222
771 1562 1336 1613 2743 2717 2728 2236 2233
772 1560 1339 1613 2743 2725 2737 2237 2218
773 1558 1341 1614 2743 2721 2729 2237 2220
774 1555 1341 1615 2738 2720 2729 2242 2220
775 1564 1334 1615 2741 2718 2739 2231 2221
776 1557 1336 1615 2738 2720 2732 2238 2233
777 1564 1339 1619 2742 2719 2735 2233 2212
778 1560 1337 1616 2744 2726 2730 2243 2221
779 1567 1329 1614 2737 2718 2732 2236 2217
780 1557 1343 1614 2741 2719 2731 2234 2220
781 1567 1337 1615 2751 2724 2735 2236 2230
782 1564 1341 1619 2736 2727 2738 2238 2215
783 1559 1337 1614 2747 2726 2728 2241 2220
784 1563 1340 1615 2735 2723 2732 2235 2219
785 1553 1342 1618 2747 2724 2740 2236 2222
786 1554 1342 1609 2746 2725 2737 2235 2231
787 1557 1339 1618 2746 2729 2741 2236 2210
788 1559 1331 1614 2745 2720 2732 2239 2223
789 1557 1333 1612 2742 2728 2731 2236 2213
790 1551 1338 1612 2743 2721 2736 2237 2223
791 1562 1343 1617 2741 2725 2731 2236 2229
792 1565 1334 1620 2735 2724 2733 2242 2214
793 1561 1340 1620 2741 2716 2732 2234 2222
794 1551 1341 1617 2739 2723 2737 2235 2215
795 1556 1338 1616 2744 2721 2733 2238 2227
796 1554 1341 1610 2747 2717 2737 2237 2231
797 1557 1343 1616 2746 2723 2732 2243 2215
798 1563 1337 1610 2749 2723 2736 2234 2225
799 1558 1336 1609 2742 2723 2738 2236 2218
800 1551 1342 1616 2743 2729 2730 2235 2227
801 1562 1339 1612 2745 2719 2732 2243 2230
802 1556 1338 1615 2735 2725 2735 2236 2213
803 1554 1328 1614 2746 2728 2733 2235 2222
804 1560 1341 1617 2744 2720 2734 2241 2219
805 1561 1341 1619 2741 2726 2735 2235 2226
806 1564 1340 1612 2742 2726 2734 2244 2230
807 1561 1339 1616 2737 2727 2737 2234 2214
808 1564 1333 1615 2742 2726 2733 2240 2224
809 1560 1335 1614 2741 2723 2733 2234 2215
810 1556 1338 1615 2740 2727 2738 2238 2227
811 1557 1339 1616 2741 2724 2738 2236 2225
812 1559 1339 1613 2739 2717 2736 2234 2215
813 1561 1339 1615 2739 2723 2735 2236 2220
814 1554 1332 1616 2739 2726 2739 2236 2217
815 1563 1341 1613 2744 2726 2737 2242 2228
816 1562 1340 1618 2744 2722 2740 2236 2227
817 1554 1336 1609 2745 2728 2735 2238 2216
818 1557 1336 1616 2735 2725 2729 2234 2222
819 1559 1339 1614 2735 2724 2735 2238 2214
820 1568 1340 1619 2743 2720 2730 2243 2229
821 1571 1343 1619 2737 2722 2729 2231 2223
822 1568 1339 1610 2741 2725 2731 2237 2215
823 1564 1338 1617 2738 2727 2737 2237 2220
824 1566 1340 1611 2745 2725 2731 2241 2218
825 1571 1340 1617 2740 2722 2736 2237 2228
826 1562 1337 1613 2740 2723 2729 2235 2226
827 1561 1342 1619 2743 2721 2738 2239 2217
828 1565 1338 1613 2739 2724 2736 2235 2221
829 1566 1334 1614 2748 2721 2734 2242 2217
830 1561 1335 1615 2742 2724 2732 2233 2228
831 1565 1335 1610 2742 2724 2736 2235 2222
832 1568 1337 1613 2741 2717 2729 2236 2216
833 1571 1340 1618 2740 2722 2730 2238 2220
834 1566 1333 1611 2742 2725 2732 2238 2216
835 1568 1338 1614 2743 2729 2730 2235 2228
836 1564 1339 1616 2737 2716 2738 2240 2225
837 1559 1340 1612 2748 2721 2732 2236 2215
838 1567 1340 1610 2740 2715 2736 2241 2223
839 1562 1337 1612 2745 2719 2733 2233 2217
840 1556 1337 1618 2749 2717 2737 2236 2230
841 1563 1337 1612 2748 2718 2730 2231 2221
842 1563 1341 1613 2743 2720 2739 2239 2215
843 1558 1334 1616 2742 2724 2735 2240 2219
844 1562 1338 1622 2743 2724 2732 2234 2217
845 1567 1340 1616 2744 2719 2737 2237 2229
846 1565 1343 1617 2737 2721 2733 2235 2222
847 1564 1339 1617 2743 2717 2734 2241 2215
848 1564 1339 1615 2745 2722 2736 2235 2222
849 1558 1339 1612 2741 2727 2733 2238 2217
850 1556 1332 1615 2742 2725 2733 2233 2227
851 1561 1334 1612 2739 2720 2732 2240 2223
852 1562 1336 1605 2740 2725 2736 2239 2215
853 1551 1338 1608 2740 2727 2735 2233 2224
854 1557 1343 1620 2747 2725 2737 2234 2216
855 1563 1341 1615 2743 2724 2730 2236 2233
856 1562 1337 1615 2747 2727 2730 2236 2217
857 1560 1342 1605 2741 2722 2736 2236 2216
858 1557 1340 1615 2743 2723 2735 2235 2218
859 1556 1329 1618 2743 2720 2736 2239 2218
860 1557 1337 1609 2736 2730 2740 2237 2232
861 1565 1340 1619 2743 2723 2734 2239 2219
862 1560 1344 1619 2740 2717 2732 2236 2216
863 1574 1342 1614 2740 2721 2742 2239 2224
864 1572 1340 1620 2744 2723 2732 2231 2215
865 1564 1341 1619 2743 2726 2734 2240 2232
866 1560 1340 1619 2741 2727 2730 2236 2217
867 1562 1335 1616 2744 2718 2728 2236 2217
868 1559 1336 1619 2740 2725 2734 2236 2221
869 1558 1342 1618 2747 2721 2735 2236 2218
870 1562 1342 1618 2747 2724 2736 2242 2230
871 1562 1341 1614 2736 2718 2741 2234 2221
872 1563 1339 1612 2742 2723 2736 2235 2215
873 1564 1339 1609 2748 2718 2734 2237 2222
874 1559 1337 1618 2746 2723 2734 2239 2217
875 1569 1339 1617 2746 2728 2732 2239 2234
876 1565 1332 1616 2742 2716 2733 2234 2218
877 1571 1336 1607 2740 2719 2733 2239 2216
878 1575 1340 1613 2747 2724 2733 2236 2224
879 1562 1339 1614 2742 2727 2735 2241 2215
880 1558 1331 1616 2742 2719 2732 2234 2234
881 1561 1340 1615 2738 2720 2730 2237 2219
882 1558 1335 1613 2744 2726 2736 2234 2215
883 1560 1338 1615 2744 2726 2737 2239 2221
884 1564 1341 1621 2739 2724 2730 2238 2216
885 1560 1334 1617 2739 2722 2734 2234 2232
886 1560 1335 1617 2741 2725 2735 2236 2217
887 1556 1337 1605 2740 2724 2738 2235 2218
888 1555 1342 1619 2740 2722 2728 2238 2218
889 1556 1343 1611 2744 2722 2739 2238 2221
890 1563 1339 1612 2739 2723 2736 2234 2232
891 1560 1340 1621 2738 2720 2737 2239 2218
892 1559 1342 1612 2743 2722 2735 2235 2218
893 1568 1331 1614 2740 2720 2734 2242 2220
894 1558 1340 1620 2740 2725 2732 2235 2219
895 1565 1337 1618 2743 2722 2741 2234 2230
896 1570 1337 1611 2747 2721 2739 2235 2217
897 1565 1337 1619 2740 2724 2733 2235 2216
898 1563 1340 1619 2740 2721 2740 2239 2222
899 1558 1342 1616 2740 2722 2730 2230 2217
900 1563 1336 1617 2745 2723 2732 2237 2234
901 1567 1338 1616 2740 2728 2737 2232 2212
902 1556 1339 1618 2743 2726 2737 2242 2218
903 1563 1342 1615 2734 2723 2734 2235 2216
904 1560 1340 1615 2743 2727 2739 2235 2219
905 1560 1339 1620 2744 2728 2733 2237 2233
906 1551 1340 1615 2745 2720 2731 2239 2216
907 1560 1337 1617 2746 2724 2738 2241 2219
908 1559 1337 1611 2745 2722 2731 2232 2218
909 1558 1341 1611 2740 2713 2737 2238 2221
910 1551 1332 1615 2738 2719 2735 2234 2229
911 1553 1340 1609 2739 2721 2731 2240 2216
912 1560 1342 1607 2744 2727 2734 2232 2216
913 1552 1340 1617 2741 2719 2735 2235 2220
914 1558 1340 1609 2735 2718 2733 2233 2218
915 1565 1334 1613 2735 2727 2734 2237 2235
916 1573 1339 1611 2738 2722 2738 2240 2215
917 1567 1339 1621 2746 2720 2737 2233 2221
918 1564 1335 1611 2741 2725 2737 2236 2219
919 1565 1336 1612 2742 2725 2732 2235 2222
920 1562 1338 1617 2743 2717 2737 2235 2232
921 1553 1337 1609 2735 2727 2733 2238 2216
922 1562 1339 1616 2738 2719 2731 2237 2219
923 1560 1336 1616 2743 2721 2740 2236 2219
924 1557 1340 1614 2744 2718 2729 2239 2222
925 1557 1342 1609 2739 2724 2729 2241 2233
926 1561 1343 1617 2743 2722 2736 2234 2215
927 1563 1337 1617 2746 2729 2733 2235 2221
928 1565 1342 1617 2741 2717 2735 2234 2215
929 1563 1338 1616 2746 2727 2737 2239 2222
930 1564 1340 1616 2748 2727 2739 2240 2235
931 1566 1338 1614 2745 2722 2736 2233 2213
932 1562 1340 1619 2742 2724 2729 2236 2219
933 1566 1338 1620 2742 2724 2734 2233 2216
934 1560 1335 1620 2744 2722 2736 2241 2225
935 1550 1334 1615 2739 2714 2736 2237 2230
936 1556 1339 1606 2741 2727 2736 2235 2212
937 1558 1341 1616 2744 2722 2734 2236 2221
938 1549 1339 1616 2741 2722 2734 2238 2217
939 1568 1342 1605 2749 2721 2733 2240 2224
940 1554 1341 1613 2742 2714 2738 2233 2228
941 1564 1338 1615 2736 2722 2735 2238 2215
942 1561 1336 1613 2740 2725 2738 2233 2215
943 1563 1334 1613 2745 2726 2737 2242 2216
944 1560 1340 1615 2740 2726 2733 2238 2224
945 1553 1339 1616 2739 2716 2731 2235 2229
946 1559 1331 1615 2747 2731 2739 2240 2216
947 1559 1340 1611 2738 2725 2733 2235 2219
948 1560 1338 1618 2739 2718 2734 2242 2217
949 1575 1341 1618 2741 2714 2731 2233 2225
950 1566 1338 1621 2745 2725 2733 2239 2230
951 1557 1340 1605 2737 2722 2745 2233 2213
952 1559 1336 1614 2740 2726 2730 2241 2223
953 1549 1341 1610 2743 2718 2735 2238 2218
954 1567 1342 1618 2742 2725 2733 2235 2224
955 1567 1342 1618 2741 2727 2741 2237 2229
956 1563 1342 1616 2736 2718 2732 2237 2216
957 1564 1341 1615 2742 2726 2730 2240 2222
958 1565 1332 1614 2741 2721 2732 2236 2216
959 1563 1339 1611 2735 2722 2734 2232 2222
960 1561 1336 1611 2742 2718 2734 2236 2230
961 1560 1336 1617 2744 2724 2727 2236 2211
962 1559 1339 1606 2744 2725 2736 2240 2223
963 1549 1339 1606 2740 2720 2733 2233 2214
964 1555 1340 1614 2744 2724 2736 2238 2226
965 1558 1342 1613 2735 2721 2733 2235 2230
966 1556 1344 1614 2747 2720 2736 2238 2211
967 1554 1340 1609 2747 2722 2740 2234 2224
968 1558 1342 1613 2742 2725 2733 2235 2213
969 1562 1340 1610 2747 2719 2737 2237 2228
970 1559 1335 1612 2741 2722 2738 2237 2225
971 1563 1334 1614 2742 2730 2735 2241 2215
972 1571 1337 1606 2745 2722 2737 2228 2218
973 1558 1338 1619 2745 2730 2735 2237 2215
974 1563 1338 1615 2744 2720 2729 2232 2226
975 1562 1340 1618 2746 2721 2738 2241 2228
976 1554 1340 1616 2742 2725 2735 2235 2215
977 1564 1335 1616 2745 2727 2735 2236 2225
978 1564 1340 1609 2744 2721 2733 2236 2216
979 1570 1343 1611 2748 2723 2734 2237 2227
980 1565 1342 1613 2741 2717 2733 2239 2224
981 1569 1338 1613 2743 2715 2736 2236 2215
982 1571 1342 1613 2743 2729 2735 2234 2222
983 1562 1339 1614 2747 2716 2740 2236 2216
984 1558 1339 1614 2745 2724 2737 2237 2226
985 1558 1339 1616 2740 2723 2733 2239 2225
986 1560 1331 1619 2746 2726 2735 2235 2213
987 1565 1338 1621 2745 2719 2739 2240 2225
988 1564 1336 1615 2740 2725 2734 2236 2215
989 1561 1337 1615 2739 2722 2735 2243 2228
990 1562 1340 1609 2738 2715 2730 2237 2227
991 1563 1340 1617 2741 2715 2727 2237 2214
992 1560 1340 1612 2747 2725 2738 2236 2225
993 1561 1341 1617 2740 2728 2729 2239 2216
994 1563 1332 1606 2737 2721 2735 2239 2230
995 1564 1337 1617 2745 2720 2727 2233 2222
996 1563 1340 1620 2743 2727 2739 2238 2213
997 1561 1337 1617 2744 2724 2738 2235 2224
998 1564 1328 1612 2744 2718 2734 2242 2216
999 1561 1340 1619 2744 2693 2712 2211 2203
1000 1563 1339 1620 2740 2725 2731 2235 2220
1001 1557 1343 1613 2747 2723 2732 2237 2216
1002 1563 1339 1614 2741 2720 2739 2238 2225
1003 1556 1340 1613 2743 2723 2730 2241 2214
1004 1561 1341 1612 2743 2722 2728 2233 2229
1005 1557 1339 1620 2747 2720 2737 2234 2221
1006 1563 1337 1619 2741 2721 2731 2236 2217
1007 1563 1335 1620 2740 2724 2739 2238 2220
1008 1558 1338 1616 2745 2726 2737 2238 2216
1009 1556 1332 1605 2743 2728 2737 2237 2227
1010 1560 1341 1614 2741 2716 2739 2238 2221
1011 1562 1341 1616 2744 2728 2734 2237 2212
1012 1557 1343 1612 2741 2723 2732 2242 2224
1013 1556 1340 1614 2738 2726 2732 2237 2216
1014 1558 1339 1614 2748 2720 2738 2235 2230
1015 1558 1340 1613 2742 2723 2737 2234 2220
1016 1565 1340 1616 2743 2715 2733 2240 2217
1017 1561 1341 1622 2745 2725 2727 2238 2220
1018 1563 1339 1620 2740 2717 2735 2234 2219
1019 1563 1340 1615 2743 2717 2736 2218 2199
1020 1558 1341 1616 2722 2683 2716 2204 2189
1021 1552 1342 1621 2727 2720 2729 2226 2189
1022 1555 1337 1617 2718 2718 2723 2213 2198
1023 1551 1347 1605 2739 2717 2728 2214 2183
