0 1557 1336 1614 2741 2725 2733 2235 2213
1 1558 1341 1618 2742 2725 2732 2244 2226
2 1554 1341 1615 2745 2722 2730 2237 2216
3 1555 1336 1617 2739 2727 2737 2237 2232
4 1556 1341 1611 2744 2719 2733 2240 2224
5 1551 1344 1621 2745 2728 2739 2239 2216
6 1551 1338 1616 2747 2729 2738 2242 2226
7 1556 1341 1616 2743 2722 2739 2232 2215
8 1561 1340 1610 2740 2730 2742 2239 2232
9 1556 1340 1618 2749 2720 2740 2237 2225
10 1557 1338 1613 2744 2723 2738 2240 2217
11 1556 1339 1618 2741 2725 2740 2240 2225
12 1565 1338 1619 2746 2721 2732 2236 2219
13 1563 1339 1617 2744 2721 2740 2241 2234
14 1560 1343 1620 2744 2727 2734 2235 2222
15 1558 1338 1616 2742 2722 2743 2241 2218
16 1564 1339 1606 2744 2728 2733 2235 2222
17 1563 1342 1608 2745 2726 2727 2240 2217
18 1564 1338 1616 2741 2723 2739 2234 2230
19 1554 1340 1616 2748 2727 2728 2241 2224
20 1560 1333 1617 2737 2728 2728 2237 2212
21 1559 1342 1616 2747 2725 2739 2235 2228
22 1557 1337 1615 2744 2721 2732 2237 2217
23 1555 1338 1615 2749 2723 2736 2237 2231
24 1553 1337 1605 2745 2725 2738 2243 2222
25 1552 1343 1616 2738 2726 2734 2238 2218
26 1553 1340 1617 2740 2726 2737 2237 2222
27 1558 1338 1618 2741 2723 2736 2238 2219
28 1568 1340 1619 2740 2722 2739 2237 2229
29 1563 1333 1616 2745 2726 2733 2243 2224
30 1561 1340 1615 2742 2727 2737 2233 2213
31 1554 1341 1613 2743 2721 2739 2238 2225
32 1562 1339 1605 2741 2719 2740 2236 2212
33 1552 1332 1616 2747 2718 2735 2243 2230
34 1559 1334 1615 2743 2719 2732 2238 2224
35 1559 1336 1613 2741 2719 2734 2236 2216
36 1563 1341 1615 2734 2722 2734 2239 2225
37 1560 1337 1607 2742 2725 2738 2236 2215
38 1563 1341 1615 2741 2731 2737 2242 2231
39 1558 1342 1614 2742 2720 2739 2236 2224
40 1558 1340 1617 2742 2725 2733 2237 2214
41 1557 1333 1619 2749 2726 2735 2238 2225
42 1557 1338 1619 2747 2729 2740 2237 2215
43 1556 1339 1616 2741 2726 2740 2241 2232
44 1565 1339 1614 2737 2726 2738 2234 2223
45 1561 1340 1616 2744 2724 2741 2240 2215
46 1553 1339 1617 2745 2724 2731 2235 2223
47 1564 1342 1609 2745 2724 2730 2244 2219
48 1558 1340 1603 2750 2718 2739 2239 2233
49 1559 1337 1614 2736 2726 2737 2236 2225
50 1560 1339 1616 2741 2728 2735 2239 2216
51 1560 1339 1611 2738 2717 2736 2235 2223
52 1561 1342 1620 2741 2725 2735 2242 2221
53 1559 1335 1618 2746 2715 2735 2237 2230
54 1552 1342 1616 2741 2725 2737 2241 2227
55 1555 1337 1616 2746 2718 2734 2235 2215
56 1562 1343 1620 2745 2723 2733 2244 2225
57 1564 1341 1619 2743 2726 2729 2239 2218
58 1572 1344 1615 2745 2722 2738 2233 2229
59 1561 1336 1616 2749 2726 2738 2241 2226
60 1556 1335 1617 2751 2720 2739 2237 2216
61 1558 1342 1618 2741 2721 2732 2244 2226
62 1553 1340 1614 2742 2722 2733 2234 2217
63 1555 1342 1618 2739 2723 2728 2238 2233
64 1554 1338 1617 2739 2726 2736 2234 2223
65 1558 1340 1615 2741 2718 2738 2240 2207
66 1562 1342 1616 2733 2719 2737 2233 2221
67 1553 1344 1614 2744 2729 2737 2236 2219
68 1554 1343 1623 2737 2722 2736 2238 2230
69 1556 1337 1621 2750 2725 2741 2238 2225
70 1563 1342 1616 2740 2728 2732 2242 2214
71 1559 1342 1616 2750 2724 2732 2238 2225
72 1561 1343 1622 2749 2719 2740 2236 2214
73 1563 1342 1620 2747 2718 2734 2240 2232
74 1557 1339 1621 2748 2724 2733 2237 2225
75 1565 1341 1615 2743 2721 2733 2245 2217
76 1560 1336 1620 2752 2730 2734 2233 2223
77 1555 1341 1609 2745 2728 2736 2241 2216
78 1557 1337 1608 2738 2719 2734 2235 2229
79 1557 1341 1614 2746 2700 2737 2241 2227
80 1552 1337 1617 2742 2727 2734 2236 2213
81 1550 1337 1619 2744 2718 2738 2235 2226
82 1555 1343 1622 2747 2723 2731 2238 2217
83 1561 1331 1619 2746 2722 2737 2238 2229
84 1558 1343 1615 2742 2723 2733 2242 2225
85 1563 1333 1616 2738 2707 2741 2232 2217
86 1563 1337 1608 2723 2722 2733 2237 2225
87 1564 1340 1606 2744 2721 2736 2238 2217
88 1563 1341 1621 2748 2723 2733 2239 2227
89 1565 1336 1620 2744 2725 2735 2242 2226
90 1564 1334 1617 2744 2725 2732 2234 2212
91 1561 1339 1616 2744 2726 2737 2238 2223
92 1554 1337 1619 2743 2719 2741 2234 2215
93 1565 1335 1615 2737 2730 2741 2243 2231
94 1558 1340 1609 2743 2728 2737 2236 2221
95 1564 1341 1617 2743 2730 2730 2237 2217
96 1563 1336 1618 2745 2724 2741 2237 2223
97 1562 1341 1620 2739 2721 2733 2239 2218
98 1558 1332 1621 2747 2719 2734 2238 2229
99 1556 1339 1619 2744 2729 2732 2237 2227
100 1560 1340 1619 2745 2721 2738 2235 2213
101 1563 1338 1620 2747 2730 2741 2236 2226
102 1557 1339 1619 2741 2726 2738 2239 2215
103 1554 1336 1620 2751 2729 2739 2241 2231
104 1555 1342 1613 2743 2719 2738 2234 2223
105 1557 1343 1618 2744 2720 2727 2239 2215
106 1563 1342 1619 2746 2722 2736 2237 2219
107 1560 1340 1614 2745 2729 2736 2242 2217
108 1567 1341 1615 2746 2719 2736 2236 2229
109 1564 1340 1618 2746 2719 2732 2239 2227
110 1563 1332 1620 2748 2718 2737 2235 2214
111 1562 1337 1611 2742 2726 2736 2242 2225
112 1566 1332 1620 2747 2723 2733 2242 2213
113 1562 1338 1608 2747 2728 2735 2236 2230
114 1557 1336 1616 2736 2721 2730 2239 2224
115 1557 1340 1615 2741 2725 2730 2239 2215
116 1562 1339 1615 2738 2719 2728 2238 2222
117 1567 1339 1620 2748 2723 2732 2237 2217
118 1559 1339 1614 2741 2719 2729 2239 2228
119 1561 1344 1613 2738 2728 2732 2239 2227
120 1565 1338 1616 2741 2725 2731 2236 2212
121 1562 1340 1613 2747 2721 2735 2241 2224
122 1554 1340 1617 2748 2719 2736 2236 2214
123 1562 1343 1614 2744 2728 2734 2238 2228
124 1561 1333 1619 2738 2724 2732 2237 2227
125 1563 1339 1616 2741 2726 2734 2239 2213
126 1559 1336 1618 2743 2730 2740 2242 2225
127 1559 1336 1615 2743 2723 2737 2233 2213
128 1560 1340 1613 2741 2725 2739 2237 2231
129 1563 1340 1616 2740 2727 2734 2235 2223
130 1561 1333 1607 2748 2725 2738 2243 2216
131 1557 1341 1611 2743 2721 2738 2235 2221
132 1564 1341 1609 2741 2722 2738 2236 2217
133 1560 1340 1618 2744 2723 2735 2236 2228
134 1565 1337 1619 2742 2724 2737 2239 2228
135 1552 1339 1614 2744 2727 2733 2241 2217
136 1566 1337 1616 2747 2722 2736 2236 2226
137 1561 1333 1618 2747 2723 2730 2236 2214
138 1558 1335 1618 2741 2729 2735 2236 2232
139 1559 1336 1617 2741 2730 2737 2242 2227
140 1564 1339 1619 2745 2730 2734 2239 2217
141 1566 1332 1611 2741 2732 2739 2233 2220
142 1564 1341 1618 2742 2726 2739 2239 2218
143 1561 1338 1618 2738 2726 2741 2241 2231
144 1565 1340 1618 2748 2726 2742 2242 2227
145 1563 1340 1619 2746 2729 2736 2236 2216
146 1560 1342 1613 2741 2723 2735 2238 2223
147 1563 1340 1613 2744 2722 2739 2235 2218
148 1559 1344 1619 2739 2725 2737 2240 2227
149 1559 1333 1615 2746 2721 2739 2241 2228
150 1563 1340 1616 2748 2722 2738 2235 2213
151 1560 1338 1608 2740 2724 2731 2238 2225
152 1563 1334 1621 2749 2726 2736 2237 2221
153 1558 1340 1617 2745 2728 2742 2241 2227
154 1560 1337 1617 2747 2724 2729 2238 2229
155 1554 1339 1621 2744 2728 2740 2235 2214
156 1557 1337 1613 2749 2732 2735 2239 2227
157 1558 1343 1619 2741 2721 2734 2236 2217
158 1558 1340 1614 2750 2722 2734 2244 2230
159 1555 1340 1619 2734 2722 2738 2231 2224
160 1554 1342 1612 2742 2730 2738 2238 2217
161 1558 1342 1617 2746 2723 2734 2237 2224
162 1564 1338 1612 2737 2733 2745 2241 2217
163 1562 1335 1618 2741 2724 2744 2240 2228
164 1567 1338 1611 2741 2725 2730 2234 2227
165 1565 1339 1609 2740 2726 2734 2239 2217
166 1559 1337 1614 2743 2725 2748 2237 2225
167 1562 1335 1609 2737 2725 2734 2245 2220
168 1563 1342 1621 2743 2729 2731 2233 2227
169 1557 1339 1613 2747 2724 2736 2241 2229
170 1563 1333 1616 2746 2719 2736 2234 2213
171 1564 1342 1616 2742 2726 2737 2241 2223
172 1555 1336 1617 2745 2723 2737 2241 2216
173 1562 1341 1616 2750 2727 2734 2234 2230
174 1562 1336 1619 2742 2728 2734 2240 2228
175 1558 1339 1616 2738 2729 2734 2236 2217
176 1562 1339 1612 2745 2723 2737 2238 2224
177 1562 1337 1617 2744 2726 2732 2237 2217
178 1568 1339 1614 2745 2723 2735 2236 2228
179 1558 1341 1616 2743 2725 2733 2238 2232
180 1566 1340 1616 2747 2723 2732 2236 2214
181 1562 1343 1619 2751 2730 2732 2243 2224
182 1558 1342 1611 2738 2724 2740 2234 2217
183 1559 1339 1618 2746 2723 2733 2238 2229
184 1565 1340 1618 2747 2729 2734 2238 2228
185 1562 1340 1619 2743 2727 2740 2240 2215
186 1557 1338 1618 2743 2724 2734 2240 2226
187 1557 1342 1615 2742 2730 2738 2236 2216
188 1562 1341 1618 2747 2722 2741 2239 2229
189 1561 1340 1606 2742 2724 2737 2234 2227
190 1563 1337 1612 2742 2720 2734 2243 2217
191 1564 1333 1614 2744 2724 2734 2235 2220
192 1557 1339 1614 2738 2724 2743 2237 2217
193 1556 1342 1621 2746 2727 2736 2238 2225
194 1559 1339 1617 2748 2718 2744 2241 2230
195 1561 1339 1615 2746 2717 2732 2239 2214
196 1571 1336 1621 2745 2726 2738 2237 2224
197 1572 1338 1614 2749 2724 2735 2238 2219
198 1562 1339 1613 2748 2717 2736 2238 2228
199 1560 1342 1620 2747 2729 2737 2239 2228
200 1559 1340 1607 2745 2726 2733 2237 2216
201 1555 1339 1615 2750 2726 2740 2234 2222
202 1562 1342 1619 2743 2723 2733 2238 2219
203 1559 1341 1621 2741 2726 2731 2235 2227
204 1559 1332 1622 2739 2730 2737 2243 2230
205 1563 1335 1610 2748 2729 2737 2233 2213
206 1556 1340 1621 2743 2725 2730 2240 2227
207 1560 1342 1611 2743 2724 2734 2234 2214
208 1560 1335 1614 2743 2724 2738 2241 2227
209 1560 1334 1616 2738 2725 2735 2242 2231
210 1556 1340 1618 2741 2723 2742 2234 2216
211 1562 1342 1612 2743 2721 2736 2240 2226
212 1556 1335 1615 2743 2727 2737 2237 2216
213 1561 1341 1612 2742 2725 2735 2242 2228
214 1562 1339 1616 2747 2732 2735 2235 2228
215 1556 1339 1617 2739 2723 2738 2239 2216
216 1557 1341 1615 2742 2729 2740 2237 2221
217 1557 1330 1613 2745 2725 2731 2238 2213
218 1560 1340 1617 2746 2726 2736 2242 2229
219 1564 1339 1614 2738 2719 2735 2234 2229
220 1559 1341 1618 2753 2726 2731 2243 2216
221 1559 1339 1617 2748 2727 2743 2235 2223
222 1562 1341 1610 2748 2722 2737 2238 2215
223 1559 1340 1622 2740 2721 2740 2238 2228
224 1563 1340 1617 2742 2724 2738 2237 2232
225 1552 1339 1615 2739 2722 2729 2236 2213
226 1561 1336 1610 2747 2719 2732 2241 2226
227 1563 1339 1618 2747 2720 2731 2241 2215
228 1561 1337 1617 2746 2727 2732 2237 2227
229 1562 1330 1616 2742 2726 2736 2235 2226
230 1561 1339 1617 2739 2726 2738 2238 2215
231 1559 1343 1613 2745 2721 2737 2238 2220
232 1557 1341 1619 2741 2721 2733 2242 2219
233 1558 1339 1616 2750 2724 2741 2235 2229
234 1558 1340 1620 2742 2723 2739 2237 2228
235 1550 1333 1618 2745 2724 2735 2238 2217
236 1564 1333 1613 2738 2721 2732 2242 2223
237 1557 1339 1614 2741 2729 2745 2238 2218
238 1569 1340 1621 2743 2720 2730 2237 2230
239 1561 1338 1608 2740 2728 2733 2239 2230
240 1565 1336 1617 2747 2727 2736 2240 2215
241 1565 1334 1616 2740 2730 2740 2241 2223
242 1557 1335 1618 2747 2726 2734 2234 2217
243 1561 1340 1618 2744 2720 2737 2239 2227
244 1561 1337 1618 2743 2730 2729 2234 2227
245 1550 1338 1617 2747 2724 2733 2243 2216
246 1556 1339 1611 2738 2723 2741 2240 2221
247 1560 1341 1618 2751 2721 2742 2237 2217
248 1562 1341 1612 2740 2719 2737 2236 2225
249 1567 1338 1619 2742 2723 2733 2237 2231
250 1572 1333 1614 2747 2724 2733 2239 2211
251 1567 1333 1618 2747 2726 2735 2236 2223
252 1562 1339 1619 2741 2728 2735 2241 2214
253 1561 1342 1620 2748 2726 2730 2236 2229
254 1560 1336 1613 2741 2727 2735 2243 2231
255 1565 1337 1615 2740 2725 2745 2241 2216
256 1563 1338 1618 2748 2721 2739 2232 2219
257 1565 1340 1609 2740 2720 2735 2237 2217
258 1559 1338 1616 2743 2726 2734 2237 2228
259 1558 1338 1611 2739 2723 2738 2242 2230
260 1558 1339 1618 2749 2728 2733 2240 2217
261 1562 1338 1611 2749 2729 2739 2237 2227
262 1568 1339 1616 2745 2724 2737 2234 2218
263 1567 1336 1614 2746 2727 2727 2238 2231
264 1561 1339 1610 2749 2725 2733 2238 2230
265 1560 1336 1619 2747 2728 2733 2235 2216
266 1555 1338 1618 2744 2725 2738 2239 2225
267 1557 1340 1617 2739 2719 2734 2237 2218
268 1561 1337 1610 2743 2722 2738 2243 2228
269 1563 1342 1615 2742 2726 2733 2236 2227
270 1564 1339 1616 2740 2727 2739 2236 2213
271 1556 1340 1614 2743 2730 2730 2237 2223
272 1551 1338 1620 2744 2728 2741 2238 2218
273 1560 1332 1614 2738 2718 2739 2241 2225
274 1560 1338 1611 2746 2725 2733 2236 2231
275 1560 1343 1620 2748 2722 2739 2237 2216
276 1559 1341 1616 2741 2728 2743 2239 2225
277 1561 1339 1621 2745 2728 2733 2238 2218
278 1562 1338 1611 2750 2727 2736 2243 2228
279 1557 1337 1616 2741 2720 2740 2232 2230
280 1549 1339 1614 2746 2723 2730 2239 2217
281 1558 1343 1616 2742 2724 2735 2232 2219
282 1557 1340 1616 2739 2722 2740 2242 2216
283 1557 1342 1619 2742 2723 2729 2236 2223
284 1562 1339 1610 2745 2723 2739 2238 2230
285 1558 1339 1613 2743 2721 2739 2239 2211
286 1563 1334 1621 2746 2722 2738 2241 2221
287 1565 1339 1615 2743 2727 2743 2245 2213
288 1563 1340 1618 2743 2729 2742 2237 2225
289 1560 1342 1616 2743 2725 2733 2237 2223
290 1568 1338 1610 2752 2729 2738 2237 2210
291 1564 1340 1611 2749 2722 2736 2240 2218
292 1558 1339 1613 2742 2719 2740 2240 2215
293 1561 1336 1619 2741 2731 2739 2235 2221
294 1565 1341 1612 2745 2720 2737 2240 2230
295 1562 1336 1613 2743 2730 2735 2235 2211
296 1568 1340 1616 2744 2727 2737 2244 2223
297 1564 1340 1614 2740 2730 2739 2231 2211
298 1562 1341 1609 2751 2729 2741 2239 2225
299 1557 1340 1616 2742 2728 2732 2238 2229
300 1558 1340 1614 2745 2720 2732 2240 2215
301 1557 1337 1614 2746 2726 2730 2239 2221
302 1559 1336 1620 2746 2726 2733 2235 2220
303 1560 1341 1615 2739 2729 2740 2238 2230
304 1562 1342 1619 2745 2717 2738 2233 2234
305 1554 1341 1616 2741 2729 2739 2242 2220
306 1553 1343 1614 2750 2720 2741 2236 2227
307 1557 1337 1619 2739 2725 2732 2236 2222
308 1556 1341 1619 2746 2724 2740 2234 2229
309 1559 1339 1622 2747 2729 2738 2238 2235
310 1560 1336 1618 2740 2728 2738 2243 2217
311 1564 1337 1618 2754 2729 2741 2234 2226
312 1554 1338 1619 2748 2725 2742 2235 2216
313 1565 1339 1611 2745 2725 2745 2235 2228
314 1562 1338 1612 2741 2730 2747 2239 2234
315 1564 1341 1616 2745 2732 2739 2238 2218
316 1563 1336 1614 2740 2726 2742 2234 2229
317 1561 1337 1618 2751 2728 2739 2233 2217
318 1567 1338 1618 2736 2723 2741 2235 2224
319 1566 1341 1621 2745 2732 2734 2239 2230
320 1563 1337 1616 2743 2730 2742 2238 2219
321 1567 1335 1622 2745 2727 2749 2236 2222
322 1562 1342 1619 2750 2731 2751 2238 2218
323 1555 1339 1619 2744 2724 2749 2239 2230
324 1554 1340 1618 2748 2728 2750 2239 2235
325 1558 1333 1610 2740 2722 2747 2233 2216
326 1559 1335 1615 2742 2726 2750 2230 2225
327 1560 1337 1617 2748 2729 2750 2230 2221
328 1561 1333 1616 2746 2726 2749 2232 2223
329 1559 1339 1619 2741 2733 2748 2231 2226
330 1557 1337 1616 2744 2729 2759 2228 2211
331 1559 1336 1616 2741 2726 2751 2227 2224
332 1559 1337 1625 2743 2739 2756 2219 2210
333 1559 1339 1615 2741 2721 2757 2229 2220
334 1558 1333 1618 2742 2725 2760 2226 2215
335 1557 1337 1626 2745 2733 2756 2237 2183
336 1544 1343 1628 2735 2722 2762 2242 2192
337 1545 1349 1630 2735 2725 2755 2258 2215
338 1541 1346 1620 2741 2729 2753 2262 2235
339 1536 1352 1613 2748 2733 2760 2249 2231
340 1536 1336 1615 2743 2723 2749 2232 2220
341 1536 1336 1621 2740 2723 2759 2238 2235
342 1519 1336 1627 2748 2726 2765 2253 2275
343 1512 1330 1626 2739 2728 2761 2229 2333
344 1497 1333 1619 2748 2726 2760 2220 2341
345 1489 1336 1606 2744 2727 2761 2206 2296
346 1484 1329 1612 2743 2721 2758 2188 2353
347 1484 1330 1606 2740 2734 2766 2191 2365
348 1488 1311 1617 2741 2726 2768 2157 2398
349 1480 1309 1612 2754 2730 2762 2158 2389
350 1492 1299 1603 2745 2736 2761 2181 2390
351 1498 1306 1611 2745 2733 2773 2202 2398
352 1508 1291 1606 2752 2735 2756 2156 2397
353 1517 1294 1609 2736 2726 2769 2132 2375
354 1540 1291 1620 2746 2717 2778 2158 2346
355 1554 1287 1616 2755 2731 2768 2176 2317
356 1552 1275 1621 2745 2728 2781 2166 2367
357 1549 1261 1611 2741 2714 2770 2172 2415
358 1552 1247 1617 2752 2733 2774 2179 2492
359 1540 1240 1603 2735 2733 2784 2180 2508
360 1562 1245 1598 2739 2729 2783 2161 2487
361 1575 1244 1589 2743 2739 2780 2129 2531
362 1590 1258 1584 2747 2726 2780 2152 2448
363 1617 1280 1593 2750 2731 2795 2161 2342
364 1639 1304 1596 2747 2719 2769 2156 2236
365 1647 1310 1608 2739 2722 2776 2148 2228
366 1624 1318 1601 2754 2739 2795 2119 2249
367 1635 1324 1613 2749 2717 2779 2133 2182
368 1635 1326 1621 2748 2723 2778 2157 2106
369 1626 1320 1630 2749 2733 2790 2197 2061
370 1615 1337 1631 2737 2741 2790 2225 2101
371 1592 1336 1631 2754 2731 2772 2218 2190
372 1578 1333 1623 2743 2724 2788 2212 2156
373 1576 1329 1617 2746 2736 2792 2180 2095
374 1560 1311 1606 2758 2729 2780 2149 2141
375 1531 1306 1602 2742 2745 2799 2150 2258
376 1528 1293 1612 2749 2736 2803 2146 2364
377 1516 1273 1612 2743 2736 2811 2133 2350
378 1516 1270 1617 2741 2749 2800 2106 2308
379 1503 1289 1615 2752 2725 2791 2118 2376
380 1491 1284 1613 2748 2733 2810 2100 2502
381 1486 1303 1621 2749 2745 2789 2112 2528
382 1510 1316 1613 2755 2740 2781 2102 2458
383 1528 1325 1617 2741 2742 2815 2101 2464
384 1537 1336 1622 2735 2733 2803 2093 2543
385 1547 1341 1617 2755 2705 2767 2081 2588
386 1563 1341 1609 2756 2717 2800 2077 2534
387 1590 1343 1614 2739 2740 2834 2072 2385
388 1613 1357 1615 2751 2738 2788 2085 2296
389 1612 1368 1625 2754 2720 2769 2099 2278
390 1606 1383 1644 2752 2743 2814 2141 2272
391 1612 1388 1642 2735 2736 2805 2153 2288
392 1616 1394 1628 2755 2741 2798 2171 2261
393 1623 1383 1642 2751 2739 2800 2200 2147
394 1630 1384 1639 2747 2735 2805 2197 2051
395 1609 1385 1633 2738 2728 2811 2181 2034
396 1609 1383 1629 2749 2733 2819 2151 2112
397 1604 1365 1628 2736 2747 2807 2146 2115
398 1596 1362 1628 2737 2746 2804 2144 2041
399 1599 1343 1605 2747 2721 2797 2114 2015
400 1593 1336 1601 2749 2744 2816 2118 2049
401 1579 1308 1614 2744 2732 2779 2110 2108
402 1557 1308 1621 2740 2746 2826 2126 2112
403 1552 1311 1622 2756 2749 2820 2151 2182
404 1544 1311 1629 2746 2731 2811 2190 2275
405 1528 1319 1635 2754 2733 2805 2189 2322
406 1527 1319 1636 2761 2744 2806 2156 2335
407 1536 1320 1639 2738 2728 2812 2155 2318
408 1538 1326 1631 2754 2750 2804 2167 2334
409 1541 1345 1638 2748 2747 2794 2172 2355
410 1539 1352 1630 2743 2724 2802 2153 2367
411 1568 1349 1632 2738 2753 2822 2148 2349
412 1577 1359 1629 2740 2724 2803 2122 2297
413 1574 1365 1619 2755 2724 2781 2121 2276
414 1582 1359 1632 2739 2759 2824 2152 2292
415 1581 1367 1635 2749 2722 2797 2164 2270
416 1584 1357 1637 2742 2753 2798 2155 2294
417 1581 1340 1634 2741 2756 2805 2134 2276
418 1580 1335 1624 2744 2729 2797 2141 2233
419 1588 1326 1625 2754 2730 2804 2140 2210
420 1586 1319 1627 2740 2743 2812 2143 2173
421 1591 1314 1626 2735 2743 2823 2133 2157
422 1595 1321 1632 2745 2749 2800 2138 2174
423 1579 1308 1629 2746 2739 2806 2160 2229
424 1570 1309 1626 2740 2750 2818 2171 2289
425 1567 1299 1624 2747 2740 2813 2175 2265
426 1562 1291 1624 2756 2724 2807 2151 2218
427 1568 1291 1622 2753 2741 2825 2135 2177
428 1572 1294 1625 2746 2734 2819 2105 2209
429 1563 1284 1626 2745 2750 2808 2099 2242
430 1564 1294 1624 2746 2734 2803 2108 2211
431 1566 1289 1619 2739 2734 2821 2108 2223
432 1573 1292 1627 2742 2740 2826 2130 2207
433 1580 1304 1641 2742 2739 2830 2140 2205
434 1578 1303 1635 2748 2736 2822 2153 2215
435 1582 1313 1626 2756 2747 2806 2140 2201
436 1590 1322 1625 2733 2733 2806 2120 2190
437 1583 1327 1626 2749 2749 2807 2116 2183
438 1585 1336 1636 2753 2763 2833 2119 2197
439 1574 1347 1639 2736 2736 2828 2138 2235
440 1579 1341 1637 2742 2730 2807 2139 2243
441 1583 1348 1643 2735 2745 2820 2133 2254
442 1580 1349 1645 2728 2727 2820 2133 2241
443 1579 1355 1632 2753 2725 2794 2132 2225
444 1587 1363 1643 2751 2730 2784 2122 2226
445 1584 1374 1635 2723 2727 2789 2127 2219
446 1584 1381 1641 2741 2734 2777 2149 2234
447 1591 1403 1647 2732 2731 2773 2168 2214
448 1604 1414 1656 2738 2711 2769 2193 2223
449 1617 1431 1662 2742 2721 2766 2216 2251
450 1605 1440 1650 2738 2719 2762 2238 2259
451 1607 1445 1660 2740 2720 2766 2217 2265
452 1610 1446 1667 2736 2735 2765 2185 2220
453 1612 1437 1672 2743 2727 2764 2184 2198
454 1614 1433 1687 2740 2729 2768 2200 2198
455 1606 1425 1691 2742 2721 2773 2248 2197
456 1608 1415 1666 2746 2718 2767 2241 2226
457 1607 1415 1641 2747 2723 2768 2222 2219
458 1608 1410 1625 2748 2724 2774 2206 2198
459 1609 1398 1619 2747 2727 2774 2200 2202
460 1597 1386 1625 2741 2726 2778 2203 2181
461 1603 1372 1641 2748 2732 2783 2206 2171
462 1596 1354 1660 2750 2731 2778 2214 2162
463 1587 1326 1664 2747 2726 2775 2230 2161
464 1575 1319 1676 2748 2729 2777 2243 2181
465 1558 1304 1667 2737 2729 2781 2241 2178
466 1543 1297 1641 2737 2716 2754 2250 2194
467 1534 1291 1629 2759 2726 2757 2281 2177
468 1530 1305 1615 2748 2732 2771 2291 2174
469 1527 1315 1614 2747 2720 2768 2293 2181
470 1524 1330 1624 2746 2728 2759 2289 2224
471 1517 1340 1648 2741 2734 2782 2307 2297
472 1533 1344 1655 2742 2725 2761 2313 2311
473 1548 1351 1666 2741 2720 2757 2286 2276
474 1561 1346 1655 2747 2732 2763 2268 2262
475 1570 1352 1661 2751 2713 2762 2260 2262
476 1578 1356 1659 2742 2722 2758 2277 2298
477 1596 1377 1655 2737 2726 2768 2274 2294
478 1597 1381 1651 2754 2721 2768 2265 2286
479 1600 1390 1657 2739 2728 2761 2255 2295
480 1605 1392 1654 2748 2729 2762 2251 2271
481 1604 1392 1646 2744 2721 2767 2258 2262
482 1617 1384 1650 2748 2724 2770 2263 2229
483 1621 1374 1643 2742 2722 2758 2279 2214
484 1627 1366 1650 2749 2727 2770 2285 2216
485 1618 1359 1654 2748 2724 2768 2306 2211
486 1612 1358 1647 2743 2722 2768 2302 2210
487 1613 1351 1647 2743 2731 2771 2294 2190
488 1608 1337 1641 2746 2720 2765 2284 2184
489 1607 1340 1642 2738 2730 2773 2279 2193
490 1598 1330 1642 2741 2731 2763 2281 2183
491 1600 1326 1643 2749 2730 2761 2281 2189
492 1595 1319 1636 2743 2728 2773 2280 2176
493 1596 1318 1645 2746 2721 2760 2268 2130
494 1585 1319 1642 2749 2719 2776 2264 2137
495 1576 1329 1643 2734 2723 2778 2270 2153
496 1564 1324 1641 2749 2727 2773 2284 2201
497 1555 1324 1644 2744 2728 2763 2285 2191
498 1556 1311 1640 2741 2726 2773 2286 2176
499 1561 1310 1642 2731 2724 2767 2288 2174
500 1563 1305 1644 2744 2727 2775 2277 2169
501 1557 1310 1640 2738 2720 2772 2269 2193
502 1570 1314 1645 2744 2725 2768 2267 2211
503 1557 1321 1637 2740 2713 2766 2270 2214
504 1564 1329 1644 2742 2725 2767 2270 2231
505 1566 1332 1645 2744 2720 2761 2264 2213
506 1565 1335 1641 2736 2722 2762 2266 2219
507 1556 1337 1648 2740 2722 2767 2267 2209
508 1572 1340 1646 2741 2719 2762 2289 2223
509 1572 1346 1639 2743 2719 2771 2294 2238
510 1579 1358 1642 2743 2726 2760 2283 2206
511 1577 1367 1643 2743 2719 2759 2265 2180
512 1585 1372 1646 2740 2726 2770 2270 2171
513 1586 1374 1651 2740 2719 2764 2280 2187
514 1590 1370 1656 2738 2727 2752 2283 2214
515 1593 1370 1655 2741 2716 2757 2289 2189
516 1589 1361 1653 2739 2720 2762 2282 2171
517 1598 1360 1646 2749 2725 2764 2287 2157
518 1590 1358 1640 2745 2721 2764 2286 2162
519 1590 1356 1641 2738 2721 2757 2289 2190
520 1579 1355 1650 2737 2722 2756 2287 2177
521 1579 1349 1651 2746 2726 2756 2286 2189
522 1576 1347 1651 2741 2722 2760 2295 2194
523 1570 1334 1649 2744 2724 2763 2299 2211
524 1572 1336 1638 2745 2720 2762 2299 2222
525 1569 1335 1627 2742 2725 2757 2288 2193
526 1575 1340 1637 2742 2723 2759 2278 2179
527 1579 1342 1634 2743 2722 2754 2269 2177
528 1576 1345 1638 2740 2718 2750 2273 2183
529 1575 1352 1642 2733 2721 2752 2285 2192
530 1581 1358 1648 2745 2722 2748 2301 2172
531 1580 1362 1641 2745 2724 2758 2313 2170
532 1599 1367 1629 2747 2719 2743 2316 2161
533 1605 1370 1628 2735 2708 2734 2322 2142
534 1609 1377 1629 2745 2725 2746 2326 2148
535 1625 1379 1638 2735 2724 2739 2308 2092
536 1619 1382 1658 2744 2713 2734 2303 2064
537 1623 1392 1659 2741 2711 2729 2330 2064
538 1617 1409 1651 2747 2718 2727 2410 2098
539 1618 1416 1615 2743 2726 2735 2428 2095
540 1623 1413 1605 2732 2713 2725 2365 2001
541 1623 1415 1609 2746 2725 2717 2278 1918
542 1626 1402 1659 2742 2735 2742 2264 1903
543 1598 1394 1715 2731 2707 2730 2353 2043
544 1573 1385 1721 2737 2715 2726 2444 2250
545 1562 1361 1677 2745 2727 2724 2429 2286
546 1586 1342 1644 2735 2717 2726 2378 2136
547 1601 1317 1611 2747 2716 2724 2304 2030
548 1592 1317 1608 2746 2716 2729 2261 2098
549 1578 1325 1628 2740 2715 2728 2324 2238
550 1560 1325 1640 2743 2707 2718 2388 2317
551 1551 1325 1647 2739 2708 2726 2401 2353
552 1536 1324 1646 2747 2713 2732 2377 2300
553 1544 1320 1631 2745 2718 2713 2316 2252
554 1531 1327 1621 2746 2720 2699 2316 2238
555 1544 1331 1624 2743 2702 2709 2345 2269
556 1543 1317 1643 2743 2684 2701 2378 2263
557 1545 1330 1648 2743 2696 2697 2379 2225
558 1534 1309 1634 2739 2687 2689 2313 2251
559 1537 1304 1671 2726 2689 2701 2289 2365
560 1532 1302 1649 2740 2696 2683 2287 2395
561 1562 1296 1597 2732 2682 2690 2276 2187
562 1609 1300 1585 2733 2667 2693 2288 1871
563 1618 1315 1590 2724 2670 2682 2279 1845
564 1610 1327 1604 2739 2659 2658 2254 2056
565 1583 1336 1622 2729 2640 2657 2283 2163
566 1584 1338 1656 2718 2645 2654 2353 2088
567 1591 1323 1678 2725 2650 2633 2400 1943
568 1584 1314 1678 2722 2619 2622 2397 1937
569 1562 1312 1657 2720 2617 2626 2348 2062
570 1558 1318 1638 2722 2627 2653 2328 2090
571 1545 1321 1617 2725 2611 2622 2303 2060
572 1555 1325 1604 2722 2606 2601 2291 2033
573 1546 1333 1606 2733 2623 2627 2291 2086
574 1521 1329 1616 2717 2609 2603 2304 2218
575 1519 1345 1625 2717 2609 2595 2319 2274
576 1525 1347 1649 2721 2612 2610 2316 2264
577 1531 1345 1656 2708 2603 2599 2303 2210
578 1540 1354 1652 2712 2606 2613 2302 2214
579 1543 1356 1643 2713 2603 2614 2304 2274
580 1550 1353 1639 2722 2603 2604 2308 2285
581 1555 1358 1627 2724 2599 2631 2292 2258
582 1561 1354 1622 2728 2609 2609 2296 2225
583 1553 1357 1620 2724 2615 2622 2282 2230
584 1556 1350 1614 2737 2625 2614 2278 2270
585 1559 1343 1631 2721 2614 2628 2275 2245
586 1546 1337 1632 2719 2630 2631 2286 2215
587 1556 1337 1641 2721 2627 2621 2299 2196
588 1551 1326 1634 2720 2636 2621 2302 2199
589 1556 1335 1641 2723 2630 2615 2310 2218
590 1557 1332 1637 2731 2616 2626 2301 2183
591 1561 1323 1637 2717 2621 2627 2303 2167
592 1560 1314 1630 2723 2623 2622 2302 2160
593 1545 1310 1631 2717 2620 2629 2312 2191
594 1550 1301 1626 2726 2625 2609 2306 2240
595 1556 1298 1635 2728 2630 2606 2313 2237
596 1552 1301 1617 2711 2636 2614 2315 2234
597 1559 1308 1636 2721 2611 2617 2326 2219
598 1562 1339 1639 2725 2614 2627 2352 2182
599 1546 1338 1615 2731 2624 2630 2300 2305
600 1536 1318 1606 2723 2628 2617 2274 2299
601 1555 1318 1623 2732 2628 2634 2270 2207
602 1563 1314 1632 2724 2619 2627 2268 2180
603 1558 1331 1645 2727 2626 2627 2294 2243
604 1561 1345 1643 2719 2632 2622 2309 2297
605 1558 1348 1633 2726 2622 2594 2274 2244
606 1558 1342 1629 2715 2638 2628 2289 2255
607 1550 1332 1626 2733 2632 2630 2282 2281
608 1550 1332 1627 2717 2624 2625 2287 2315
609 1553 1325 1622 2728 2646 2629 2294 2320
610 1559 1330 1637 2713 2638 2647 2295 2293
611 1558 1332 1632 2730 2637 2632 2290 2286
612 1568 1331 1634 2716 2657 2642 2279 2268
613 1581 1338 1624 2729 2654 2660 2272 2237
614 1593 1338 1619 2722 2626 2637 2273 2222
615 1593 1339 1615 2727 2630 2645 2270 2180
616 1607 1332 1615 2731 2649 2658 2250 2150
617 1600 1331 1616 2735 2651 2643 2250 2133
618 1600 1335 1616 2721 2652 2651 2266 2122
619 1602 1330 1620 2725 2653 2654 2287 2132
620 1598 1325 1623 2728 2647 2645 2283 2093
621 1589 1332 1626 2723 2642 2671 2278 2092
622 1584 1325 1624 2736 2649 2663 2273 2105
623 1567 1326 1628 2727 2644 2660 2294 2117
624 1559 1322 1623 2729 2655 2665 2288 2136
625 1553 1314 1620 2734 2647 2656 2271 2125
626 1544 1310 1623 2727 2656 2665 2278 2150
627 1545 1312 1623 2729 2659 2664 2275 2168
628 1540 1306 1621 2735 2651 2656 2277 2178
629 1529 1313 1624 2731 2651 2660 2264 2208
630 1530 1315 1625 2724 2648 2655 2264 2214
631 1537 1316 1630 2728 2644 2650 2273 2239
632 1527 1322 1628 2727 2642 2668 2284 2259
633 1540 1324 1625 2731 2652 2653 2284 2263
634 1541 1331 1622 2725 2645 2663 2268 2274
635 1540 1334 1617 2732 2659 2667 2265 2265
636 1542 1337 1620 2726 2662 2677 2254 2279
637 1548 1336 1625 2737 2648 2663 2259 2283
638 1556 1336 1619 2735 2670 2664 2247 2249
639 1567 1341 1627 2721 2672 2686 2263 2230
640 1571 1352 1626 2728 2665 2666 2278 2223
641 1576 1354 1623 2737 2669 2680 2278 2238
642 1580 1348 1614 2729 2667 2676 2256 2184
643 1581 1351 1623 2731 2664 2675 2253 2148
644 1577 1340 1622 2737 2675 2697 2278 2182
645 1570 1331 1628 2735 2676 2682 2282 2219
646 1562 1331 1625 2735 2683 2693 2282 2211
647 1557 1326 1623 2730 2684 2690 2275 2190
648 1558 1321 1617 2732 2684 2693 2271 2204
649 1552 1313 1621 2737 2678 2694 2274 2245
650 1553 1320 1615 2728 2684 2690 2275 2234
651 1558 1318 1616 2732 2685 2702 2278 2215
652 1556 1323 1620 2731 2677 2688 2269 2224
653 1554 1329 1617 2732 2664 2690 2261 2236
654 1557 1332 1622 2735 2676 2679 2255 2257
655 1551 1330 1623 2728 2680 2696 2253 2223
656 1560 1331 1623 2737 2673 2683 2264 2209
657 1563 1339 1627 2727 2676 2697 2268 2216
658 1568 1341 1627 2735 2672 2691 2277 2224
659 1569 1338 1625 2731 2681 2692 2270 2229
660 1564 1347 1622 2733 2676 2687 2276 2208
661 1565 1331 1618 2730 2666 2683 2274 2210
662 1566 1333 1619 2728 2681 2684 2278 2214
663 1573 1338 1618 2732 2674 2690 2278 2207
664 1570 1338 1607 2738 2676 2688 2266 2218
665 1567 1335 1616 2732 2685 2690 2268 2200
666 1576 1331 1618 2731 2681 2681 2261 2189
667 1576 1332 1622 2728 2678 2688 2272 2172
668 1581 1333 1616 2734 2667 2679 2271 2164
669 1579 1339 1621 2728 2673 2684 2264 2188
670 1576 1333 1621 2731 2671 2684 2261 2168
671 1573 1330 1621 2737 2670 2690 2274 2152
672 1567 1331 1623 2729 2670 2679 2292 2161
673 1562 1328 1625 2729 2668 2679 2300 2187
674 1561 1336 1626 2727 2655 2659 2306 2207
675 1548 1333 1625 2736 2657 2671 2291 2192
676 1547 1329 1620 2729 2652 2670 2286 2195
677 1549 1328 1615 2734 2665 2658 2282 2219
678 1545 1325 1615 2732 2670 2667 2286 2223
679 1537 1318 1617 2729 2645 2656 2286 2230
680 1547 1328 1624 2720 2646 2658 2288 2197
681 1549 1326 1617 2721 2637 2648 2281 2211
682 1552 1331 1615 2725 2627 2643 2261 2219
683 1559 1333 1602 2726 2642 2649 2262 2177
684 1564 1334 1615 2727 2647 2681 2275 2175
685 1554 1330 1621 2747 2701 2713 2275 2164
686 1552 1322 1621 2741 2710 2707 2259 2185
687 1542 1317 1633 2736 2687 2701 2236 2233
688 1534 1300 1621 2745 2697 2718 2244 2253
689 1533 1297 1610 2741 2720 2731 2242 2263
690 1526 1297 1598 2740 2720 2737 2218 2262
691 1534 1296 1599 2740 2718 2725 2186 2287
692 1529 1291 1594 2740 2725 2739 2177 2285
693 1536 1292 1598 2745 2724 2732 2186 2254
694 1551 1304 1622 2741 2719 2728 2194 2285
695 1556 1322 1641 2745 2719 2730 2216 2295
696 1558 1330 1626 2747 2724 2725 2217 2279
697 1574 1345 1604 2748 2711 2733 2230 2203
698 1582 1345 1606 2739 2720 2724 2215 2179
699 1585 1345 1612 2739 2723 2728 2205 2224
700 1583 1355 1617 2741 2726 2734 2224 2224
701 1585 1352 1619 2747 2723 2736 2240 2221
702 1573 1346 1615 2748 2718 2737 2242 2233
703 1564 1346 1609 2745 2725 2737 2212 2238
704 1568 1345 1618 2743 2726 2734 2207 2253
705 1562 1338 1619 2745 2725 2732 2213 2234
706 1557 1340 1622 2739 2728 2731 2224 2247
707 1555 1340 1625 2740 2721 2732 2217 2257
708 1557 1339 1611 2745 2720 2735 2219 2248
709 1572 1336 1616 2748 2724 2740 2222 2250
710 1568 1331 1621 2747 2727 2739 2226 2239
711 1572 1338 1623 2754 2723 2733 2236 2229
712 1569 1338 1616 2744 2721 2734 2229 2225
713 1567 1342 1611 2736 2726 2730 2225 2215
714 1555 1342 1616 2741 2731 2736 2222 2236
715 1558 1342 1611 2742 2721 2739 2220 2217
716 1571 1336 1616 2755 2730 2731 2226 2221
717 1570 1342 1618 2742 2728 2734 2226 2227
718 1565 1334 1622 2745 2724 2740 2233 2229
719 1566 1343 1621 2739 2726 2736 2223 2235
720 1559 1341 1615 2747 2725 2736 2232 2218
721 1555 1338 1616 2747 2723 2739 2225 2213
722 1566 1340 1618 2743 2727 2735 2231 2221
723 1562 1337 1612 2735 2719 2733 2232 2215
724 1563 1334 1618 2742 2729 2733 2233 2233
725 1565 1337 1617 2743 2729 2739 2234 2220
726 1574 1342 1622 2749 2726 2742 2231 2220
727 1567 1337 1620 2747 2730 2739 2232 2221
728 1559 1333 1620 2749 2724 2741 2233 2221
729 1551 1340 1611 2741 2730 2738 2233 2235
730 1555 1340 1617 2747 2728 2738 2233 2226
731 1561 1338 1618 2745 2731 2731 2228 2219
732 1553 1333 1616 2738 2730 2745 2229 2227
733 1560 1341 1616 2743 2733 2746 2231 2227
734 1561 1334 1615 2740 2725 2735 2234 2241
735 1565 1336 1620 2738 2727 2731 2231 2227
736 1562 1341 1616 2744 2720 2729 2231 2223
737 1566 1334 1616 2745 2719 2736 2230 2227
738 1568 1341 1623 2746 2725 2735 2234 2225
739 1568 1336 1619 2744 2726 2737 2236 2238
740 1557 1336 1619 2747 2720 2736 2230 2222
741 1566 1336 1616 2741 2725 2738 2233 2218
742 1559 1336 1616 2742 2726 2739 2228 2227
743 1551 1336 1619 2746 2728 2741 2235 2224
744 1559 1328 1619 2738 2722 2738 2230 2238
745 1562 1334 1611 2743 2721 2727 2232 2226
746 1560 1334 1619 2746 2728 2746 2230 2221
747 1559 1338 1619 2743 2723 2738 2232 2228
748 1552 1342 1616 2748 2725 2739 2238 2220
749 1562 1342 1621 2745 2717 2741 2230 2236
750 1557 1334 1622 2745 2728 2737 2231 2222
751 1562 1334 1616 2743 2723 2732 2232 2220
752 1560 1339 1622 2742 2725 2734 2240 2226
753 1563 1340 1615 2742 2728 2746 2234 2221
754 1562 1334 1620 2745 2731 2735 2233 2239
755 1559 1343 1623 2741 2721 2738 2229 2218
756 1561 1337 1618 2739 2726 2736 2235 2221
757 1559 1338 1618 2736 2724 2732 2238 2226
758 1564 1340 1613 2747 2725 2739 2229 2218
759 1546 1336 1619 2747 2724 2738 2234 2237
760 1562 1340 1622 2740 2720 2740 2232 2221
761 1563 1328 1619 2740 2727 2738 2237 2222
762 1562 1335 1620 2745 2726 2745 2235 2223
763 1562 1330 1624 2742 2725 2735 2230 2223
764 1562 1337 1620 2743 2722 2731 2232 2234
765 1554 1336 1622 2739 2727 2741 2233 2225
766 1555 1341 1612 2740 2729 2746 2238 2225
767 1557 1338 1611 2741 2729 2733 2230 2225
768 1550 1335 1615 2752 2718 2743 2232 2226
769 1558 1330 1622 2743 2731 2741 2233 2242
770 1554 1336 1623 2743 2726 2736 2230 2227
771 1558 1333 1618 2732 2709 2730 2226 2221
772 1555 1337 1617 2747 2727 2741 2231 2231
773 1565 1333 1619 2739 2726 2744 2230 2230
774 1555 1339 1617 2747 2724 2742 2229 2242
775 1561 1342 1610 2743 2727 2735 2236 2223
776 1569 1342 1616 2738 2723 2740 2238 2224
777 1564 1342 1620 2750 2722 2740 2236 2227
778 1569 1337 1619 2738 2725 2735 2238 2221
779 1565 1341 1613 2746 2727 2739 2226 2227
780 1573 1341 1613 2745 2731 2736 2237 2214
781 1560 1343 1620 2738 2727 2738 2232 2214
782 1567 1342 1617 2743 2725 2739 2241 2228
783 1566 1336 1615 2745 2731 2736 2236 2224
784 1564 1338 1612 2743 2729 2741 2239 2243
785 1560 1335 1607 2750 2727 2737 2233 2214
786 1565 1330 1621 2745 2728 2734 2220 2196
787 1556 1338 1620 2744 2728 2736 2244 2214
788 1562 1342 1618 2745 2724 2737 2256 2230
789 1565 1345 1614 2744 2728 2740 2245 2244
790 1568 1340 1605 2742 2700 2725 2213 2191
791 1569 1333 1610 2746 2718 2743 2219 2185
792 1563 1333 1615 2745 2730 2740 2237 2218
793 1562 1337 1614 2740 2725 2741 2243 2233
794 1562 1340 1622 2747 2728 2744 2245 2236
795 1559 1335 1617 2745 2731 2733 2235 2213
796 1556 1340 1620 2751 2725 2744 2248 2224
797 1556 1334 1614 2739 2725 2739 2241 2231
798 1560 1330 1608 2745 2734 2740 2249 2215
799 1564 1338 1618 2746 2726 2740 2238 2220
800 1563 1338 1614 2740 2723 2740 2236 2216
801 1561 1336 1614 2741 2722 2735 2234 2217
802 1559 1340 1620 2742 2730 2741 2237 2226
803 1561 1338 1609 2744 2719 2736 2243 2217
804 1560 1340 1618 2745 2727 2741 2239 2234
805 1555 1335 1616 2745 2729 2738 2240 2220
806 1562 1338 1605 2746 2721 2735 2239 2220
807 1558 1337 1608 2746 2733 2735 2241 2224
808 1560 1339 1617 2745 2727 2741 2243 2220
809 1563 1340 1615 2746 2725 2736 2238 2235
810 1558 1337 1616 2735 2725 2739 2235 2219
811 1564 1339 1611 2745 2720 2733 2237 2219
812 1565 1338 1605 2741 2724 2735 2243 2224
813 1556 1342 1612 2736 2721 2736 2239 2219
814 1558 1338 1615 2741 2724 2735 2237 2236
815 1557 1338 1616 2738 2729 2734 2235 2220
816 1556 1337 1607 2739 2726 2738 2238 2218
817 1559 1341 1618 2745 2724 2739 2240 2222
818 1565 1341 1615 2743 2726 2742 2237 2221
819 1566 1341 1619 2749 2728 2743 2237 2233
820 1566 1333 1615 2747 2725 2733 2237 2220
821 1564 1340 1611 2742 2721 2738 2238 2219
822 1566 1336 1618 2739 2726 2739 2241 2227
823 1569 1341 1618 2746 2729 2736 2233 2219
824 1568 1338 1611 2740 2727 2743 2240 2234
825 1565 1342 1621 2737 2726 2737 2239 2222
826 1557 1337 1610 2742 2722 2737 2241 2217
827 1563 1339 1612 2743 2719 2744 2237 2227
828 1559 1336 1613 2734 2730 2739 2236 2217
829 1561 1341 1613 2746 2730 2737 2239 2234
830 1561 1337 1622 2747 2725 2743 2238 2220
831 1559 1341 1612 2746 2720 2738 2245 2218
832 1564 1340 1621 2742 2722 2741 2231 2221
833 1565 1336 1620 2740 2721 2737 2239 2218
834 1565 1339 1618 2742 2726 2739 2239 2236
835 1561 1340 1613 2739 2723 2734 2243 2219
836 1566 1340 1615 2741 2722 2730 2241 2218
837 1557 1338 1617 2743 2722 2742 2233 2222
838 1563 1335 1613 2744 2718 2735 2241 2218
839 1560 1340 1617 2749 2726 2735 2238 2230
840 1566 1340 1615 2742 2721 2731 2244 2220
841 1560 1335 1617 2741 2722 2730 2233 2214
842 1563 1329 1609 2745 2724 2735 2238 2225
843 1560 1338 1615 2743 2724 2745 2232 2216
844 1565 1339 1616 2742 2722 2740 2233 2232
845 1557 1340 1620 2737 2722 2740 2238 2219
846 1561 1337 1615 2749 2719 2738 2236 2219
847 1555 1338 1618 2744 2718 2737 2235 2227
848 1561 1338 1611 2743 2725 2736 2235 2220
849 1559 1333 1619 2745 2721 2743 2243 2230
850 1560 1338 1619 2746 2727 2739 2236 2224
851 1557 1338 1620 2749 2718 2736 2238 2222
852 1565 1334 1615 2742 2719 2736 2238 2224
853 1566 1336 1615 2744 2723 2733 2241 2217
854 1571 1340 1617 2741 2728 2738 2245 2233
855 1563 1333 1615 2747 2722 2736 2238 2222
856 1555 1342 1616 2748 2723 2738 2238 2213
857 1561 1339 1621 2749 2727 2732 2235 2224
858 1555 1344 1615 2745 2729 2733 2240 2216
859 1559 1341 1608 2745 2729 2739 2242 2235
860 1563 1338 1616 2742 2724 2731 2238 2222
861 1558 1338 1606 2747 2732 2737 2243 2218
862 1553 1336 1613 2746 2730 2744 2240 2222
863 1570 1335 1619 2739 2726 2742 2244 2215
864 1555 1338 1617 2750 2727 2739 2235 2231
865 1558 1338 1615 2749 2721 2731 2235 2218
866 1561 1337 1620 2741 2724 2731 2240 2220
867 1568 1337 1617 2736 2726 2746 2243 2225
868 1578 1340 1619 2751 2727 2736 2239 2217
869 1561 1340 1618 2743 2729 2734 2238 2233
870 1564 1338 1619 2738 2728 2739 2237 2220
871 1561 1341 1607 2742 2718 2736 2237 2218
872 1568 1335 1611 2739 2723 2741 2240 2220
873 1561 1341 1616 2749 2723 2743 2239 2220
874 1563 1341 1608 2748 2723 2743 2238 2235
875 1560 1340 1609 2737 2721 2741 2238 2220
876 1563 1338 1614 2746 2723 2736 2240 2215
877 1561 1338 1611 2745 2727 2735 2240 2221
878 1559 1341 1620 2737 2726 2743 2236 2219
879 1560 1333 1617 2746 2723 2736 2241 2233
880 1565 1335 1619 2745 2721 2740 2237 2223
881 1563 1334 1610 2749 2724 2737 2242 2215
882 1554 1341 1613 2740 2727 2740 2241 2222
883 1561 1340 1615 2739 2723 2736 2239 2215
884 1560 1342 1620 2741 2725 2737 2240 2232
885 1561 1336 1617 2741 2727 2733 2239 2222
886 1561 1337 1618 2742 2725 2737 2243 2218
887 1558 1339 1618 2739 2727 2738 2237 2226
888 1562 1341 1612 2745 2728 2740 2240 2218
889 1554 1340 1621 2745 2730 2738 2240 2234
890 1554 1337 1615 2745 2724 2741 2242 2220
891 1559 1338 1616 2748 2723 2736 2243 2218
892 1563 1341 1618 2743 2720 2744 2234 2221
893 1565 1338 1617 2747 2728 2734 2241 2219
894 1554 1338 1612 2746 2723 2736 2235 2230
895 1557 1341 1623 2739 2728 2735 2243 2224
896 1555 1341 1619 2741 2722 2736 2236 2213
897 1546 1335 1614 2749 2718 2742 2237 2224
898 1561 1339 1611 2748 2724 2738 2236 2214
899 1566 1337 1621 2744 2730 2742 2241 2233
900 1560 1338 1619 2746 2724 2734 2241 2220
901 1554 1338 1619 2747 2728 2733 2237 2217
902 1561 1340 1615 2748 2723 2734 2237 2222
903 1562 1337 1615 2746 2722 2738 2239 2219
904 1566 1339 1619 2744 2725 2739 2242 2230
905 1563 1337 1618 2739 2725 2734 2240 2222
906 1560 1330 1616 2737 2723 2734 2235 2215
907 1560 1338 1617 2741 2724 2741 2240 2224
908 1557 1337 1618 2738 2720 2737 2238 2216
909 1560 1336 1618 2738 2729 2733 2244 2231
910 1559 1339 1617 2745 2727 2739 2239 2220
911 1557 1342 1615 2743 2729 2741 2239 2217
912 1556 1334 1612 2747 2727 2741 2239 2225
913 1562 1339 1616 2747 2721 2739 2238 2214
914 1563 1337 1615 2741 2726 2739 2243 2232
915 1564 1332 1618 2744 2724 2735 2233 2219
916 1570 1340 1620 2747 2726 2733 2241 2216
917 1568 1338 1612 2734 2722 2742 2237 2224
918 1573 1339 1617 2747 2724 2735 2246 2218
919 1564 1340 1615 2741 2720 2735 2240 2234
920 1573 1338 1609 2753 2724 2739 2234 2221
921 1561 1335 1617 2744 2720 2743 2240 2217
922 1558 1342 1621 2746 2729 2734 2236 2223
923 1560 1340 1616 2741 2723 2734 2243 2217
924 1560 1340 1616 2739 2722 2733 2236 2227
925 1563 1331 1611 2749 2726 2736 2239 2223
926 1564 1340 1620 2743 2720 2739 2239 2216
927 1563 1337 1617 2750 2724 2744 2242 2222
928 1563 1343 1617 2752 2723 2743 2245 2220
929 1557 1338 1620 2749 2722 2731 2234 2232
930 1556 1343 1622 2743 2720 2738 2241 2223
931 1559 1340 1617 2741 2723 2737 2235 2214
932 1557 1341 1617 2751 2727 2744 2244 2226
933 1556 1340 1618 2745 2715 2735 2236 2219
934 1564 1340 1623 2743 2724 2734 2238 2236
935 1555 1338 1610 2749 2723 2733 2236 2224
936 1565 1339 1607 2742 2729 2739 2241 2218
937 1563 1343 1618 2749 2723 2735 2243 2225
938 1569 1340 1622 2749 2726 2740 2236 2215
939 1567 1337 1612 2750 2725 2742 2237 2229
940 1565 1340 1621 2744 2725 2742 2238 2222
941 1559 1340 1618 2747 2729 2741 2241 2213
942 1565 1341 1615 2740 2722 2735 2239 2224
943 1558 1339 1620 2749 2723 2735 2238 2218
944 1554 1336 1615 2745 2719 2742 2238 2231
945 1560 1338 1616 2745 2721 2736 2238 2224
946 1559 1332 1614 2742 2726 2729 2243 2216
947 1553 1340 1615 2737 2721 2739 2237 2227
948 1567 1330 1612 2741 2723 2732 2238 2218
949 1562 1339 1621 2750 2731 2742 2239 2232
950 1560 1335 1611 2745 2720 2738 2237 2222
951 1562 1341 1621 2744 2725 2735 2241 2216
952 1553 1339 1615 2748 2724 2743 2233 2222
953 1562 1339 1616 2740 2725 2729 2238 2218
954 1555 1338 1615 2741 2725 2730 2238 2232
955 1561 1334 1613 2742 2724 2736 2243 2223
956 1558 1340 1615 2740 2726 2739 2238 2218
957 1551 1339 1614 2745 2731 2731 2237 2221
958 1555 1332 1617 2741 2720 2744 2238 2218
959 1569 1332 1617 2737 2722 2736 2238 2232
960 1571 1340 1618 2749 2730 2733 2241 2221
961 1572 1338 1618 2749 2728 2741 2236 2215
962 1559 1340 1618 2748 2730 2739 2241 2226
963 1560 1334 1616 2743 2724 2735 2235 2217
964 1564 1339 1615 2746 2728 2739 2244 2234
965 1562 1338 1620 2745 2724 2739 2238 2224
966 1563 1331 1611 2742 2720 2733 2236 2217
967 1560 1341 1613 2743 2726 2734 2239 2221
968 1556 1335 1621 2743 2723 2740 2237 2218
969 1559 1331 1619 2743 2722 2734 2239 2230
970 1560 1330 1619 2747 2722 2729 2235 2225
971 1562 1337 1617 2746 2721 2744 2236 2214
972 1561 1341 1618 2745 2722 2737 2238 2226
973 1559 1339 1613 2741 2724 2732 2238 2216
974 1563 1339 1619 2740 2720 2738 2243 2232
975 1565 1343 1620 2743 2725 2731 2237 2224
976 1568 1343 1619 2740 2729 2735 2239 2214
977 1560 1340 1616 2746 2727 2737 2237 2224
978 1556 1340 1619 2749 2726 2735 2243 2218
979 1559 1341 1608 2749 2726 2736 2235 2228
980 1563 1340 1617 2743 2716 2731 2238 2226
981 1563 1338 1618 2743 2721 2739 2239 2213
982 1563 1340 1619 2743 2724 2740 2239 2225
983 1559 1338 1613 2739 2716 2740 2243 2216
984 1567 1336 1619 2740 2726 2731 2238 2233
985 1557 1342 1620 2744 2722 2732 2237 2224
986 1569 1338 1618 2742 2721 2735 2238 2217
987 1566 1334 1620 2747 2728 2737 2239 2223
988 1563 1339 1616 2744 2717 2733 2241 2218
989 1558 1341 1611 2744 2722 2729 2239 2231
990 1561 1339 1620 2741 2722 2733 2238 2223
991 1556 1340 1609 2749 2726 2729 2239 2218
992 1556 1335 1621 2743 2722 2736 2240 2220
993 1558 1336 1619 2751 2730 2734 2235 2218
994 1558 1340 1619 2744 2724 2739 2238 2228
995 1560 1334 1615 2747 2730 2742 2238 2224
996 1554 1339 1618 2744 2718 2737 2242 2216
997 1557 1340 1614 2750 2723 2740 2241 2222
998 1563 1336 1618 2738 2717 2738 2238 2221
999 1565 1339 1617 2744 2730 2737 2237 2230
1000 1565 1338 1617 2744 2725 2734 2239 2227
1001 1553 1340 1620 2745 2723 2741 2242 2217
1002 1565 1341 1615 2744 2727 2741 2236 2225
1003 1575 1343 1623 2746 2722 2740 2238 2218
1004 1561 1340 1621 2735 2733 2734 2239 2230
1005 1564 1341 1616 2741 2721 2735 2240 2226
1006 1560 1340 1615 2735 2729 2738 2241 2216
1007 1568 1341 1616 2742 2724 2741 2237 2223
1008 1560 1342 1610 2738 2718 2734 2236 2215
1009 1557 1338 1616 2748 2724 2729 2237 2231
1010 1561 1343 1620 2743 2730 2735 2242 2225
1011 1567 1335 1611 2746 2732 2736 2242 2216
1012 1559 1341 1622 2745 2726 2741 2234 2224
1013 1558 1337 1617 2739 2725 2730 2242 2219
1014 1565 1343 1618 2748 2725 2734 2236 2229
1015 1559 1342 1618 2742 2718 2737 2245 2227
1016 1562 1341 1618 2741 2726 2737 2234 2213
1017 1561 1338 1615 2740 2723 2731 2237 2224
1018 1561 1334 1615 2746 2722 2736 2238 2215
1019 1553 1343 1621 2723 2701 2722 2215 2196
1020 1558 1338 1613 2735 2716 2721 2212 2199
1021 1548 1343 1624 2719 2719 2717 2206 2195
1022 1549 1345 1613 2736 2710 2735 2222 2213
1023 1547 1345 1611 2728 2700 2737 2232 2217
