0 1567 1333 1615 2743 2726 2735 2232 2217
1 1569 1335 1618 2737 2719 2737 2234 2230
2 1567 1335 1617 2741 2724 2735 2238 2210
3 1560 1340 1616 2743 2726 2734 2235 2221
4 1554 1340 1617 2738 2725 2736 2234 2212
5 1559 1338 1616 2746 2714 2739 2236 2222
6 1564 1336 1618 2740 2729 2739 2238 2230
7 1549 1335 1617 2735 2723 2735 2238 2213
8 1560 1338 1622 2745 2725 2732 2233 2221
9 1557 1339 1617 2739 2726 2733 2235 2215
10 1567 1332 1615 2745 2726 2722 2212 2218
11 1560 1341 1611 2737 2706 2736 2233 2225
12 1561 1336 1614 2740 2721 2737 2234 2212
13 1557 1331 1616 2747 2716 2734 2234 2220
14 1563 1337 1615 2744 2723 2733 2235 2216
15 1561 1337 1606 2736 2720 2738 2236 2225
16 1562 1339 1613 2742 2720 2734 2238 2227
17 1560 1339 1614 2741 2717 2732 2234 2213
18 1559 1335 1619 2741 2725 2735 2233 2218
19 1559 1334 1619 2737 2724 2739 2234 2217
20 1555 1340 1614 2743 2719 2735 2235 2224
21 1554 1337 1610 2745 2726 2732 2236 2226
22 1559 1332 1616 2741 2723 2733 2233 2211
23 1561 1338 1620 2742 2718 2741 2237 2222
24 1557 1334 1616 2741 2721 2739 2237 2217
25 1549 1339 1616 2738 2725 2734 2239 2228
26 1557 1337 1620 2742 2723 2731 2234 2226
27 1561 1338 1616 2738 2722 2728 2235 2215
28 1563 1331 1616 2744 2727 2730 2234 2225
29 1557 1338 1617 2739 2723 2737 2236 2215
30 1560 1334 1617 2739 2723 2735 2238 2231
31 1557 1338 1610 2743 2724 2732 2231 2221
32 1556 1339 1611 2738 2727 2741 2235 2214
33 1558 1334 1616 2742 2724 2727 2236 2222
34 1558 1339 1618 2741 2724 2731 2239 2212
35 1549 1339 1618 2735 2719 2727 2234 2228
36 1552 1341 1620 2744 2726 2728 2236 2216
37 1556 1337 1619 2743 2720 2741 2233 2212
38 1559 1340 1620 2741 2723 2735 2234 2215
39 1562 1334 1620 2745 2719 2733 2239 2214
40 1560 1329 1614 2740 2716 2735 2234 2229
41 1556 1341 1615 2738 2718 2738 2236 2214
42 1556 1333 1617 2744 2721 2732 2238 2205
43 1557 1339 1618 2744 2723 2736 2239 2218
44 1561 1338 1616 2744 2728 2736 2237 2217
45 1561 1333 1618 2744 2719 2735 2235 2230
46 1555 1327 1619 2734 2724 2733 2238 2219
47 1554 1332 1612 2741 2719 2736 2237 2216
48 1560 1341 1619 2743 2727 2736 2240 2223
49 1566 1335 1615 2744 2722 2738 2231 2213
50 1561 1335 1618 2739 2714 2730 2238 2231
51 1560 1335 1622 2744 2716 2730 2233 2213
52 1548 1334 1620 2741 2717 2730 2240 2217
53 1565 1340 1614 2748 2721 2735 2232 2215
54 1560 1337 1615 2736 2721 2731 2235 2216
55 1560 1339 1616 2740 2724 2733 2233 2229
56 1560 1334 1617 2749 2721 2732 2239 2216
57 1561 1338 1618 2746 2723 2729 2236 2214
58 1552 1339 1611 2742 2716 2739 2233 2220
59 1561 1338 1612 2738 2721 2739 2235 2218
60 1569 1340 1618 2747 2721 2733 2234 2234
61 1564 1336 1621 2743 2716 2735 2237 2212
62 1559 1339 1619 2740 2720 2732 2238 2218
63 1562 1337 1617 2740 2722 2731 2231 2217
64 1567 1335 1615 2739 2724 2733 2236 2219
65 1560 1339 1611 2734 2725 2736 2234 2228
66 1561 1336 1611 2741 2722 2735 2240 2211
67 1560 1337 1615 2743 2723 2738 2232 2214
68 1556 1339 1612 2746 2720 2730 2237 2216
69 1556 1333 1620 2739 2722 2734 2235 2221
70 1555 1340 1615 2746 2728 2734 2238 2230
71 1545 1337 1619 2745 2719 2733 2239 2215
72 1549 1333 1613 2742 2721 2732 2233 2221
73 1561 1328 1617 2741 2722 2736 2236 2219
74 1552 1337 1612 2737 2721 2736 2231 2222
75 1558 1338 1619 2747 2721 2733 2241 2232
76 1557 1339 1613 2750 2719 2730 2231 2211
77 1561 1339 1615 2742 2723 2735 2237 2222
78 1564 1336 1617 2745 2723 2728 2234 2216
79 1571 1339 1617 2738 2715 2739 2238 2225
80 1559 1339 1621 2739 2725 2737 2237 2227
81 1560 1341 1621 2740 2720 2730 2235 2213
82 1559 1337 1617 2744 2723 2733 2235 2219
83 1561 1339 1619 2737 2718 2736 2234 2216
84 1561 1336 1620 2746 2723 2735 2238 2222
85 1555 1338 1611 2739 2726 2731 2233 2228
86 1559 1336 1615 2742 2725 2734 2231 2210
87 1553 1333 1614 2743 2728 2735 2237 2222
88 1562 1339 1618 2748 2721 2729 2236 2213
89 1551 1341 1621 2743 2716 2735 2238 2226
90 1561 1338 1617 2740 2722 2730 2233 2225
91 1560 1337 1619 2739 2724 2725 2236 2212
92 1560 1335 1611 2744 2723 2727 2237 2224
93 1554 1330 1613 2739 2720 2727 2240 2213
94 1558 1338 1615 2737 2723 2734 2236 2227
95 1559 1342 1618 2745 2722 2738 2230 2221
96 1559 1339 1618 2739 2721 2729 2235 2212
97 1556 1338 1617 2742 2719 2735 2233 2219
98 1559 1339 1622 2745 2721 2733 2238 2215
99 1562 1340 1617 2744 2724 2736 2230 2224
100 1561 1337 1620 2744 2715 2736 2235 2223
101 1551 1341 1622 2745 2725 2739 2238 2215
102 1558 1338 1616 2741 2725 2733 2239 2220
103 1560 1338 1617 2747 2723 2739 2238 2216
104 1559 1331 1616 2744 2721 2731 2234 2228
105 1560 1329 1618 2737 2725 2732 2237 2217
106 1549 1338 1616 2741 2722 2731 2236 2214
107 1542 1339 1618 2741 2726 2737 2235 2221
108 1556 1339 1617 2747 2718 2737 2233 2215
109 1554 1337 1619 2738 2726 2733 2237 2228
110 1552 1337 1617 2742 2725 2728 2233 2219
111 1557 1338 1609 2744 2725 2734 2239 2217
112 1548 1341 1621 2737 2722 2735 2233 2219
113 1561 1333 1618 2741 2724 2731 2235 2216
114 1570 1339 1620 2739 2722 2731 2236 2231
115 1570 1337 1612 2741 2721 2737 2236 2215
116 1557 1337 1616 2740 2719 2737 2240 2214
117 1565 1338 1617 2744 2718 2734 2233 2221
118 1563 1339 1612 2743 2722 2731 2233 2215
119 1561 1336 1617 2741 2717 2736 2234 2232
120 1553 1338 1619 2733 2726 2734 2236 2216
121 1550 1337 1618 2745 2719 2730 2236 2216
122 1558 1336 1616 2742 2729 2732 2230 2219
123 1561 1339 1617 2744 2724 2734 2236 2218
124 1558 1341 1617 2738 2726 2729 2236 2229
125 1561 1341 1620 2716 2711 2718 2213 2210
126 1556 1338 1620 2739 2719 2730 2232 2214
127 1552 1336 1619 2746 2719 2732 2235 2220
128 1556 1338 1619 2740 2717 2725 2235 2218
129 1556 1339 1613 2743 2721 2733 2236 2229
130 1554 1335 1614 2742 2721 2732 2239 2216
131 1556 1336 1614 2746 2721 2736 2229 2215
132 1558 1331 1616 2738 2726 2738 2234 2217
133 1554 1336 1620 2737 2719 2729 2234 2220
134 1553 1338 1613 2742 2722 2732 2237 2230
135 1556 1337 1623 2741 2719 2729 2233 2215
136 1557 1337 1618 2738 2718 2733 2235 2217
137 1556 1335 1617 2744 2722 2739 2232 2218
138 1551 1339 1614 2742 2720 2738 2238 2222
139 1557 1328 1620 2741 2725 2732 2238 2229
140 1556 1338 1617 2741 2725 2730 2233 2212
141 1560 1336 1618 2739 2722 2731 2233 2216
142 1565 1335 1611 2740 2719 2731 2234 2215
143 1564 1338 1619 2747 2725 2735 2239 2220
144 1557 1342 1610 2742 2723 2733 2232 2229
145 1550 1338 1617 2742 2721 2738 2237 2212
146 1553 1331 1610 2740 2720 2736 2233 2218
147 1552 1340 1608 2749 2727 2734 2235 2216
148 1554 1339 1619 2738 2718 2730 2236 2220
149 1560 1336 1617 2739 2721 2731 2231 2230
150 1562 1341 1618 2742 2725 2727 2234 2213
151 1559 1332 1617 2744 2723 2737 2234 2221
152 1565 1330 1620 2746 2721 2736 2239 2216
153 1568 1332 1614 2745 2726 2734 2237 2226
154 1560 1337 1618 2736 2726 2737 2231 2226
155 1553 1335 1614 2739 2729 2728 2234 2214
156 1557 1337 1619 2740 2724 2730 2235 2224
157 1555 1333 1611 2739 2725 2732 2237 2213
158 1559 1336 1617 2743 2725 2727 2232 2226
159 1559 1337 1618 2735 2720 2738 2237 2228
160 1557 1332 1619 2740 2717 2732 2234 2214
161 1556 1334 1617 2732 2723 2727 2238 2223
162 1556 1330 1611 2739 2726 2735 2237 2215
163 1562 1336 1617 2739 2717 2731 2234 2226
164 1560 1341 1615 2740 2716 2733 2235 2222
165 1552 1335 1616 2739 2727 2736 2234 2213
166 1553 1337 1618 2738 2718 2734 2241 2222
167 1560 1336 1620 2740 2723 2724 2230 2213
168 1554 1335 1617 2742 2709 2731 2235 2228
169 1556 1335 1621 2740 2726 2735 2230 2221
170 1554 1335 1619 2746 2719 2738 2239 2214
171 1561 1331 1616 2741 2727 2735 2240 2223
172 1554 1337 1618 2741 2716 2736 2230 2213
173 1555 1335 1617 2741 2719 2732 2235 2227
174 1560 1329 1620 2749 2724 2734 2234 2221
175 1552 1339 1618 2742 2719 2735 2240 2212
176 1560 1335 1622 2735 2719 2734 2234 2221
177 1550 1339 1610 2742 2722 2741 2232 2212
178 1554 1329 1613 2746 2722 2731 2234 2229
179 1556 1341 1620 2742 2725 2735 2233 2215
180 1558 1338 1620 2748 2726 2730 2239 2213
181 1554 1339 1615 2738 2719 2736 2231 2216
182 1551 1336 1616 2739 2721 2729 2236 2213
183 1550 1340 1620 2744 2725 2730 2232 2227
184 1559 1333 1621 2743 2723 2740 2237 2218
185 1558 1334 1618 2745 2725 2740 2237 2217
186 1560 1336 1609 2738 2717 2738 2234 2225
187 1560 1337 1614 2741 2727 2738 2235 2219
188 1556 1338 1611 2743 2727 2736 2230 2228
189 1563 1339 1619 2744 2725 2740 2239 2216
190 1557 1340 1618 2745 2725 2731 2231 2214
191 1555 1331 1619 2741 2724 2730 2236 2221
192 1556 1339 1619 2743 2720 2735 2231 2212
193 1557 1334 1622 2745 2724 2735 2240 2231
194 1554 1339 1615 2744 2728 2741 2238 2216
195 1548 1337 1616 2737 2718 2735 2233 2215
196 1558 1340 1611 2737 2724 2735 2235 2219
197 1557 1336 1617 2743 2722 2741 2230 2214
198 1554 1339 1619 2744 2726 2732 2240 2233
199 1556 1337 1617 2743 2718 2737 2229 2214
200 1560 1334 1610 2743 2722 2734 2236 2220
201 1556 1335 1620 2744 2720 2736 2230 2218
202 1562 1335 1617 2743 2724 2742 2239 2222
203 1559 1338 1616 2738 2722 2740 2233 2229
204 1556 1331 1620 2745 2728 2742 2235 2214
205 1561 1338 1621 2741 2720 2735 2233 2214
206 1556 1335 1616 2743 2726 2735 2235 2219
207 1552 1343 1619 2748 2716 2741 2241 2220
208 1556 1337 1613 2746 2719 2730 2232 2231
209 1559 1337 1616 2742 2729 2738 2236 2215
210 1563 1339 1607 2741 2728 2740 2229 2219
211 1560 1341 1616 2738 2726 2746 2239 2218
212 1558 1337 1618 2747 2728 2739 2233 2219
213 1561 1333 1611 2741 2731 2742 2233 2232
214 1563 1328 1620 2744 2720 2748 2233 2211
215 1564 1339 1620 2741 2728 2744 2234 2222
216 1556 1336 1617 2741 2720 2741 2243 2219
217 1553 1333 1612 2741 2731 2741 2232 2220
218 1552 1333 1614 2740 2726 2749 2233 2230
219 1561 1337 1618 2742 2725 2743 2231 2212
220 1551 1333 1622 2741 2725 2748 2237 2221
221 1556 1336 1621 2739 2726 2750 2235 2213
222 1553 1335 1620 2738 2721 2751 2232 2224
223 1557 1336 1619 2742 2727 2750 2231 2224
224 1558 1337 1617 2743 2724 2754 2233 2212
225 1567 1341 1617 2737 2725 2757 2237 2219
226 1557 1331 1608 2737 2727 2758 2231 2213
227 1563 1337 1618 2745 2724 2760 2234 2222
228 1556 1334 1614 2740 2723 2763 2232 2225
229 1557 1327 1617 2740 2724 2761 2236 2212
230 1551 1339 1623 2740 2724 2765 2236 2221
231 1554 1335 1620 2736 2726 2772 2233 2218
232 1560 1339 1619 2737 2726 2770 2233 2223
233 1561 1337 1619 2738 2719 2775 2231 2225
234 1549 1335 1615 2742 2723 2780 2236 2208
235 1558 1332 1619 2740 2718 2776 2229 2219
236 1551 1336 1618 2743 2721 2782 2232 2215
237 1550 1333 1617 2740 2721 2785 2233 2224
238 1550 1336 1616 2738 2720 2790 2232 2223
239 1554 1339 1619 2729 2716 2797 2239 2215
240 1551 1336 1617 2739 2731 2798 2229 2222
241 1556 1337 1618 2735 2725 2805 2231 2217
242 1553 1336 1617 2737 2725 2817 2232 2233
243 1548 1335 1622 2735 2729 2816 2235 2226
244 1552 1332 1620 2750 2741 2831 2232 2221
245 1543 1337 1618 2749 2720 2831 2227 2227
246 1560 1333 1621 2740 2735 2843 2233 2225
247 1562 1331 1616 2737 2729 2850 2229 2236
248 1552 1328 1619 2735 2745 2860 2236 2229
249 1557 1330 1612 2735 2741 2866 2226 2220
250 1554 1340 1621 2744 2748 2887 2231 2227
251 1542 1340 1611 2741 2761 2899 2225 2218
252 1548 1343 1616 2723 2763 2889 2234 2237
253 1545 1338 1624 2744 2769 2916 2231 2224
254 1549 1339 1623 2755 2761 2923 2228 2224
255 1547 1342 1619 2753 2741 2932 2223 2235
256 1548 1336 1619 2737 2788 2978 2213 2229
257 1539 1333 1617 2750 2780 3004 2220 2253
258 1537 1329 1608 2757 2770 3026 2205 2246
259 1535 1323 1616 2770 2790 3064 2204 2250
260 1533 1324 1616 2780 2777 3081 2199 2263
261 1521 1319 1616 2737 2800 3094 2197 2273
262 1524 1316 1612 2745 2796 3094 2192 2294
263 1527 1314 1617 2763 2780 3110 2180 2274
264 1520 1317 1616 2752 2781 3082 2191 2287
265 1527 1320 1618 2753 2799 3063 2198 2321
266 1535 1317 1617 2755 2797 3049 2214 2328
267 1532 1309 1614 2721 2802 3036 2199 2342
268 1536 1293 1615 2725 2790 3034 2150 2316
269 1539 1282 1605 2763 2775 3042 2136 2327
270 1545 1302 1607 2759 2769 3013 2179 2361
271 1564 1299 1627 2741 2776 3005 2214 2343
272 1582 1307 1627 2745 2755 3009 2208 2300
273 1601 1331 1630 2755 2775 2988 2204 2245
274 1602 1336 1620 2769 2733 2986 2201 2241
275 1614 1345 1609 2734 2769 2992 2224 2204
276 1611 1362 1608 2733 2762 2985 2213 2161
277 1622 1363 1604 2738 2749 2980 2213 2151
278 1614 1357 1611 2731 2784 2967 2209 2126
279 1607 1360 1621 2747 2767 2976 2209 2124
280 1605 1358 1626 2755 2767 2970 2209 2100
281 1579 1358 1625 2754 2784 2987 2193 2096
282 1574 1346 1628 2753 2765 2954 2192 2121
283 1557 1334 1626 2736 2770 2974 2201 2119
284 1545 1330 1616 2749 2773 2960 2207 2159
285 1534 1323 1613 2758 2751 2940 2208 2188
286 1527 1317 1617 2743 2760 2945 2210 2217
287 1517 1316 1616 2744 2747 2936 2221 2245
288 1527 1310 1621 2751 2787 2941 2220 2271
289 1516 1315 1626 2730 2769 2944 2236 2301
290 1522 1320 1623 2756 2742 2913 2216 2299
291 1517 1323 1611 2744 2758 2904 2211 2363
292 1510 1329 1583 2721 2767 2909 2196 2470
293 1531 1323 1572 2733 2770 2915 2128 2382
294 1565 1318 1577 2729 2766 2912 2056 2180
295 1566 1311 1598 2751 2745 2902 2061 2118
296 1560 1325 1621 2762 2726 2883 2145 2235
297 1554 1330 1657 2755 2749 2913 2238 2319
298 1555 1337 1665 2729 2767 2908 2281 2264
299 1565 1338 1667 2752 2762 2905 2260 2207
300 1568 1340 1654 2739 2761 2912 2237 2197
301 1565 1346 1630 2738 2762 2903 2240 2200
302 1574 1353 1616 2759 2750 2898 2254 2191
303 1578 1352 1604 2743 2755 2892 2245 2172
304 1577 1350 1610 2730 2755 2921 2204 2184
305 1577 1346 1601 2741 2747 2905 2183 2196
306 1566 1343 1610 2743 2772 2921 2181 2231
307 1564 1345 1619 2738 2769 2933 2204 2247
308 1566 1350 1619 2734 2770 2928 2201 2236
309 1569 1347 1619 2745 2759 2910 2196 2233
310 1565 1350 1622 2749 2756 2922 2182 2210
311 1558 1338 1627 2758 2759 2935 2188 2231
312 1559 1343 1625 2723 2767 2940 2198 2235
313 1557 1339 1631 2733 2761 2915 2202 2234
314 1550 1338 1633 2752 2762 2938 2212 2246
315 1555 1329 1630 2760 2750 2937 2204 2236
316 1557 1329 1626 2742 2748 2947 2201 2244
317 1557 1321 1612 2747 2777 2965 2188 2230
318 1552 1321 1622 2747 2774 2950 2188 2220
319 1551 1323 1620 2764 2771 2968 2190 2233
320 1547 1316 1623 2755 2777 2973 2197 2230
321 1555 1315 1623 2744 2776 2954 2201 2243
322 1547 1315 1620 2754 2777 2970 2189 2230
323 1551 1310 1625 2744 2801 2980 2194 2228
324 1553 1311 1624 2751 2759 2965 2196 2233
325 1555 1312 1625 2731 2774 2965 2206 2229
326 1553 1312 1626 2751 2773 2967 2203 2244
327 1548 1313 1621 2742 2762 2969 2199 2237
328 1542 1314 1627 2743 2772 2976 2197 2232
329 1552 1316 1630 2746 2754 2982 2199 2238
330 1552 1324 1627 2743 2764 2978 2203 2234
331 1559 1322 1623 2758 2781 2980 2200 2258
332 1551 1324 1628 2728 2795 2985 2204 2238
333 1558 1331 1623 2743 2791 3001 2199 2236
334 1556 1332 1616 2750 2768 2988 2198 2229
335 1561 1333 1627 2746 2769 2995 2190 2240
336 1563 1333 1622 2743 2783 3008 2186 2257
337 1557 1339 1624 2746 2781 2987 2190 2245
338 1561 1341 1618 2753 2773 2993 2188 2224
339 1567 1341 1621 2749 2797 3012 2188 2200
340 1562 1342 1625 2739 2775 3005 2183 2219
341 1550 1338 1626 2736 2784 2995 2188 2256
342 1557 1336 1630 2747 2772 3018 2186 2225
343 1562 1331 1628 2720 2761 3024 2190 2216
344 1555 1333 1632 2732 2781 3029 2192 2224
345 1557 1329 1631 2753 2797 3052 2189 2249
346 1553 1319 1620 2734 2794 3064 2188 2242
347 1555 1320 1619 2741 2789 3071 2183 2193
348 1552 1321 1624 2747 2797 3063 2191 2233
349 1548 1321 1619 2743 2807 3101 2177 2263
350 1547 1317 1623 2735 2768 3079 2177 2248
351 1541 1319 1618 2723 2792 3093 2170 2247
352 1545 1321 1625 2753 2778 3102 2192 2231
353 1548 1327 1618 2735 2817 3131 2207 2243
354 1547 1322 1629 2747 2810 3140 2196 2248
355 1554 1319 1626 2771 2798 3169 2182 2228
356 1561 1313 1622 2761 2808 3152 2161 2216
357 1546 1304 1618 2770 2833 3182 2160 2196
358 1556 1313 1622 2747 2806 3187 2165 2221
359 1547 1315 1628 2720 2821 3197 2178 2258
360 1549 1319 1636 2724 2840 3221 2199 2246
361 1564 1316 1633 2774 2802 3208 2204 2247
362 1566 1316 1624 2763 2831 3195 2185 2213
363 1563 1322 1611 2735 2819 3259 2169 2214
364 1562 1314 1609 2749 2789 3268 2156 2210
365 1557 1307 1621 2739 2801 3286 2135 2203
366 1545 1300 1624 2733 2826 3316 2135 2205
367 1548 1306 1623 2722 2883 3299 2143 2253
368 1541 1302 1636 2713 2869 3311 2188 2332
369 1536 1289 1628 2734 2852 3344 2192 2342
370 1543 1288 1617 2724 2860 3376 2164 2315
371 1551 1285 1619 2759 2818 3373 2150 2282
372 1550 1287 1609 2801 2852 3368 2123 2290
373 1549 1292 1629 2757 2890 3428 2123 2305
374 1544 1282 1616 2782 2799 3388 2096 2332
375 1554 1294 1628 2731 2853 3472 2109 2344
376 1552 1297 1629 2812 2839 3447 2126 2333
377 1559 1308 1621 2787 2856 3427 2144 2325
378 1556 1309 1612 2778 2879 3479 2131 2297
379 1556 1329 1629 2724 2931 3438 2111 2246
380 1559 1334 1606 2750 2889 3478 2115 2309
381 1563 1319 1624 2718 2901 3495 2109 2356
382 1555 1291 1630 2768 2878 3490 2069 2299
383 1558 1280 1599 2761 2851 3515 2031 2238
384 1563 1291 1618 2737 2869 3504 2086 2244
385 1574 1283 1626 2761 2844 3490 2109 2204
386 1571 1302 1644 2827 2842 3443 2118 2166
387 1559 1317 1648 2777 2874 3486 2082 2275
388 1547 1313 1633 2691 2855 3477 2088 2333
389 1560 1314 1629 2744 2852 3513 2084 2275
390 1538 1301 1625 2737 2871 3482 2046 2277
391 1540 1305 1633 2694 2897 3560 2086 2295
392 1537 1309 1629 2779 2843 3530 2125 2398
393 1531 1291 1616 2756 2874 3602 2083 2430
394 1540 1287 1626 2807 2845 3537 2023 2334
395 1538 1290 1622 2786 2913 3493 1990 2328
396 1539 1287 1629 2809 2920 3491 2033 2353
397 1535 1305 1650 2732 2915 3467 2062 2424
398 1513 1286 1637 2747 2902 3476 2017 2486
399 1509 1278 1636 2798 2821 3480 1971 2445
400 1503 1276 1633 2847 2821 3424 1976 2413
401 1505 1272 1630 2716 2885 3371 2018 2405
402 1498 1272 1631 2728 2826 3236 2065 2435
403 1505 1274 1624 2726 2881 3373 2025 2466
404 1504 1257 1617 2740 2861 3225 1961 2426
405 1509 1271 1633 2797 2884 3157 1998 2420
406 1526 1286 1595 2721 2763 3158 2033 2379
407 1554 1301 1613 2721 2783 3092 2112 2265
408 1580 1348 1636 2752 2804 3054 2123 2199
409 1571 1391 1627 2714 2776 3031 2111 2234
410 1608 1432 1647 2742 2732 2910 2137 2330
411 1622 1399 1643 2750 2750 2897 2054 2334
412 1665 1409 1647 2720 2753 2892 2009 2192
413 1676 1418 1666 2744 2740 2836 2028 2154
414 1681 1452 1680 2736 2738 2820 2144 2229
415 1695 1471 1663 2732 2725 2811 2154 2357
416 1692 1484 1656 2741 2727 2788 2087 2256
417 1710 1508 1659 2738 2721 2795 2064 2082
418 1706 1523 1661 2737 2734 2795 2111 2067
419 1708 1531 1672 2747 2723 2779 2178 2171
420 1697 1538 1678 2732 2729 2775 2202 2287
421 1707 1540 1685 2737 2713 2765 2200 2194
422 1723 1528 1700 2731 2708 2757 2187 2062
423 1729 1525 1695 2743 2719 2759 2192 1981
424 1722 1513 1699 2744 2725 2774 2214 2017
425 1706 1511 1692 2748 2721 2759 2263 2030
426 1707 1496 1689 2741 2720 2761 2292 1985
427 1688 1487 1687 2740 2723 2762 2307 1958
428 1682 1477 1677 2736 2724 2759 2308 1960
429 1653 1464 1673 2734 2718 2768 2303 2015
430 1635 1451 1671 2746 2727 2774 2308 2026
431 1616 1435 1661 2744 2716 2760 2310 1986
432 1589 1415 1668 2744 2727 2767 2312 1997
433 1566 1402 1670 2746 2722 2770 2313 2027
434 1537 1382 1671 2751 2731 2769 2317 2082
435 1518 1364 1666 2735 2722 2773 2318 2123
436 1496 1348 1669 2751 2724 2773 2318 2137
437 1493 1327 1660 2746 2722 2774 2310 2196
438 1483 1305 1657 2758 2720 2779 2320 2202
439 1480 1298 1650 2748 2724 2776 2354 2165
440 1472 1298 1656 2736 2725 2785 2340 2234
441 1447 1297 1649 2745 2737 2787 2300 2392
442 1442 1269 1604 2739 2721 2774 2203 2375
443 1483 1236 1596 2751 2736 2786 2157 2055
444 1497 1236 1615 2752 2735 2777 2210 1927
445 1473 1248 1660 2738 2719 2771 2295 2195
446 1438 1250 1682 2741 2719 2783 2403 2478
447 1441 1242 1691 2748 2728 2776 2433 2409
448 1480 1230 1669 2737 2725 2777 2351 2298
449 1490 1232 1650 2743 2732 2783 2233 2408
450 1497 1235 1625 2739 2725 2783 2195 2430
451 1546 1229 1620 2747 2725 2781 2206 2200
452 1575 1245 1602 2746 2737 2773 2253 2055
453 1574 1278 1609 2737 2741 2792 2263 2198
454 1554 1297 1630 2742 2712 2774 2262 2426
455 1564 1309 1658 2759 2731 2777 2261 2438
456 1594 1324 1665 2747 2723 2770 2256 2309
457 1596 1339 1666 2739 2724 2776 2278 2236
458 1614 1354 1653 2738 2720 2772 2299 2229
459 1612 1373 1643 2744 2723 2770 2304 2229
460 1623 1377 1647 2741 2718 2761 2302 2175
461 1635 1388 1649 2741 2718 2766 2276 2161
462 1637 1402 1654 2735 2717 2770 2260 2211
463 1632 1407 1659 2737 2719 2773 2259 2244
464 1639 1415 1658 2737 2712 2760 2275 2256
465 1636 1417 1647 2733 2716 2761 2293 2197
466 1640 1421 1644 2746 2721 2774 2301 2147
467 1637 1415 1642 2736 2716 2756 2296 2095
468 1632 1411 1644 2738 2725 2757 2279 2071
469 1626 1417 1666 2737 2718 2760 2287 2140
470 1611 1413 1672 2738 2723 2765 2292 2196
471 1602 1403 1675 2731 2723 2764 2297 2201
472 1604 1392 1670 2742 2718 2765 2303 2135
473 1602 1379 1665 2733 2716 2777 2297 2077
474 1594 1370 1659 2744 2724 2762 2286 2111
475 1579 1360 1648 2747 2719 2769 2278 2145
476 1560 1337 1640 2745 2722 2762 2261 2152
477 1566 1326 1638 2744 2719 2762 2264 2133
478 1564 1314 1638 2740 2727 2779 2272 2132
479 1544 1301 1643 2747 2728 2770 2274 2189
480 1545 1289 1652 2747 2715 2766 2286 2206
481 1539 1280 1649 2748 2731 2774 2280 2199
482 1527 1271 1645 2745 2730 2766 2282 2181
483 1536 1266 1641 2740 2726 2770 2277 2177
484 1535 1263 1647 2741 2720 2766 2279 2216
485 1525 1265 1649 2744 2725 2769 2273 2215
486 1525 1276 1650 2739 2721 2771 2273 2225
487 1531 1282 1643 2745 2728 2766 2265 2220
488 1532 1287 1637 2742 2725 2768 2263 2228
489 1539 1293 1641 2742 2725 2763 2263 2247
490 1544 1303 1644 2743 2724 2769 2262 2233
491 1546 1314 1646 2742 2732 2767 2265 2228
492 1560 1318 1649 2735 2721 2761 2265 2225
493 1561 1330 1655 2749 2727 2768 2270 2224
494 1578 1345 1650 2740 2723 2757 2278 2249
495 1579 1343 1646 2744 2716 2753 2253 2240
496 1583 1351 1658 2746 2724 2765 2263 2236
497 1582 1362 1652 2750 2720 2750 2258 2222
498 1587 1371 1648 2746 2716 2761 2271 2228
499 1593 1370 1648 2742 2732 2761 2264 2236
500 1594 1379 1658 2738 2710 2745 2262 2213
501 1598 1377 1651 2740 2724 2758 2266 2212
502 1607 1386 1658 2742 2727 2752 2269 2197
503 1611 1379 1657 2745 2721 2745 2274 2201
504 1607 1384 1660 2739 2724 2751 2267 2196
505 1597 1378 1654 2738 2721 2746 2277 2169
506 1595 1383 1659 2736 2722 2753 2275 2159
507 1601 1375 1659 2742 2722 2743 2282 2151
508 1591 1368 1653 2734 2722 2745 2277 2161
509 1589 1359 1655 2735 2726 2742 2270 2162
510 1581 1354 1652 2741 2720 2750 2272 2148
511 1577 1344 1650 2733 2721 2740 2270 2155
512 1570 1336 1653 2734 2722 2742 2279 2155
513 1564 1330 1643 2738 2722 2746 2271 2166
514 1563 1321 1652 2743 2725 2745 2274 2173
515 1556 1308 1651 2741 2727 2741 2273 2168
516 1553 1315 1651 2739 2725 2734 2278 2181
517 1544 1306 1645 2737 2722 2737 2273 2185
518 1549 1304 1645 2743 2730 2744 2272 2208
519 1550 1297 1646 2740 2722 2735 2269 2209
520 1544 1301 1645 2742 2718 2735 2269 2206
521 1544 1304 1637 2737 2724 2739 2270 2216
522 1548 1301 1647 2735 2720 2732 2265 2212
523 1555 1308 1647 2738 2720 2735 2266 2226
524 1556 1311 1643 2740 2718 2725 2268 2225
525 1558 1316 1651 2737 2717 2732 2270 2213
526 1556 1313 1650 2743 2724 2727 2269 2222
527 1559 1324 1644 2739 2719 2737 2258 2210
528 1565 1331 1647 2741 2714 2731 2262 2222
529 1569 1332 1653 2733 2712 2723 2260 2207
530 1578 1335 1641 2738 2718 2723 2271 2196
531 1577 1339 1651 2738 2719 2727 2260 2198
532 1580 1349 1655 2738 2719 2717 2266 2188
533 1580 1347 1652 2745 2710 2719 2265 2201
534 1579 1350 1650 2738 2713 2716 2267 2185
535 1581 1354 1651 2740 2704 2711 2270 2179
536 1583 1353 1649 2736 2710 2717 2262 2181
537 1581 1360 1646 2727 2699 2710 2267 2175
538 1579 1355 1640 2733 2692 2702 2260 2185
539 1578 1347 1649 2731 2691 2703 2271 2174
540 1567 1354 1653 2731 2697 2702 2259 2177
541 1571 1347 1642 2733 2688 2700 2261 2182
542 1575 1348 1648 2730 2686 2694 2258 2173
543 1570 1349 1648 2729 2676 2684 2252 2204
544 1573 1339 1648 2733 2682 2693 2260 2195
545 1563 1333 1641 2732 2675 2677 2260 2190
546 1556 1327 1653 2730 2671 2671 2257 2193
547 1553 1325 1650 2721 2655 2664 2241 2202
548 1557 1312 1653 2729 2656 2663 2235 2224
549 1559 1311 1646 2728 2651 2657 2229 2215
550 1559 1297 1638 2716 2644 2650 2237 2242
551 1575 1291 1635 2721 2631 2643 2242 2225
552 1579 1289 1641 2726 2632 2650 2244 2204
553 1577 1295 1646 2715 2629 2639 2251 2232
554 1574 1302 1655 2728 2625 2631 2252 2234
555 1576 1303 1650 2711 2615 2623 2242 2233
556 1569 1305 1651 2715 2596 2599 2212 2193
557 1561 1307 1635 2709 2593 2584 2208 2174
558 1559 1311 1615 2694 2583 2581 2233 2281
559 1567 1313 1593 2715 2563 2571 2271 2076
560 1583 1322 1605 2705 2578 2553 2257 1846
561 1554 1350 1685 2690 2557 2543 2287 2024
562 1504 1358 1710 2693 2544 2558 2306 2380
563 1507 1342 1704 2705 2552 2532 2280 2392
564 1537 1334 1660 2711 2543 2519 2264 2074
565 1551 1328 1635 2696 2508 2497 2241 1959
566 1527 1338 1630 2693 2527 2503 2231 2135
567 1519 1346 1649 2692 2521 2493 2229 2335
568 1521 1350 1665 2691 2517 2489 2258 2402
569 1525 1346 1640 2697 2513 2482 2274 2387
570 1540 1338 1615 2690 2507 2477 2255 2340
571 1561 1350 1606 2682 2489 2488 2232 2262
572 1564 1351 1615 2693 2494 2463 2217 2275
573 1559 1368 1638 2697 2485 2440 2224 2318
574 1564 1366 1653 2708 2494 2457 2250 2296
575 1569 1365 1667 2704 2487 2482 2270 2286
576 1572 1367 1673 2711 2496 2449 2286 2313
577 1579 1356 1668 2700 2504 2447 2281 2324
578 1595 1348 1654 2679 2498 2448 2270 2253
579 1598 1343 1635 2688 2501 2446 2251 2177
580 1608 1341 1635 2680 2474 2476 2241 2176
581 1598 1342 1624 2684 2452 2458 2236 2192
582 1587 1346 1634 2688 2476 2471 2245 2204
583 1586 1339 1641 2687 2471 2470 2247 2193
584 1581 1338 1638 2680 2487 2432 2257 2178
585 1579 1331 1640 2686 2475 2453 2256 2177
586 1578 1329 1644 2672 2470 2440 2256 2147
587 1575 1323 1636 2687 2472 2447 2256 2132
588 1574 1322 1648 2695 2449 2446 2259 2135
589 1573 1321 1650 2703 2460 2440 2262 2147
590 1571 1318 1650 2675 2470 2455 2250 2182
591 1563 1319 1648 2677 2448 2434 2248 2177
592 1556 1315 1651 2689 2440 2433 2244 2187
593 1552 1321 1650 2702 2440 2413 2248 2191
594 1553 1323 1648 2673 2473 2434 2254 2184
595 1553 1322 1636 2678 2459 2438 2246 2201
596 1554 1325 1647 2691 2462 2428 2249 2206
597 1552 1318 1648 2687 2463 2437 2244 2238
598 1557 1324 1643 2699 2435 2424 2254 2244
599 1551 1330 1647 2684 2462 2417 2250 2240
600 1551 1331 1650 2674 2456 2439 2255 2253
601 1557 1330 1647 2685 2464 2419 2257 2250
602 1560 1336 1648 2672 2465 2427 2257 2268
603 1568 1338 1649 2673 2456 2420 2246 2250
604 1560 1342 1649 2678 2481 2451 2237 2239
605 1565 1345 1655 2693 2463 2438 2239 2238
606 1570 1348 1654 2685 2485 2458 2240 2227
607 1576 1347 1655 2691 2498 2408 2250 2233
608 1567 1347 1646 2680 2453 2445 2247 2206
609 1574 1346 1649 2709 2472 2463 2251 2195
610 1579 1346 1650 2689 2485 2476 2258 2196
611 1582 1344 1639 2679 2479 2447 2263 2191
612 1572 1344 1642 2683 2499 2469 2273 2210
613 1568 1343 1648 2698 2487 2462 2267 2202
614 1572 1343 1648 2690 2499 2467 2263 2203
615 1570 1337 1651 2689 2503 2487 2259 2218
616 1563 1340 1648 2675 2478 2470 2256 2225
617 1570 1341 1644 2693 2483 2459 2250 2249
618 1563 1330 1647 2688 2477 2483 2238 2237
619 1557 1335 1648 2700 2483 2467 2236 2248
620 1561 1330 1646 2693 2479 2478 2234 2256
621 1560 1329 1639 2696 2485 2492 2243 2253
622 1564 1325 1641 2700 2487 2454 2253 2265
623 1566 1329 1639 2695 2508 2456 2268 2235
624 1568 1339 1640 2690 2487 2458 2284 2219
625 1568 1347 1635 2685 2486 2463 2293 2200
626 1577 1354 1648 2664 2468 2437 2287 2192
627 1574 1362 1662 2694 2464 2463 2256 2196
628 1561 1365 1666 2696 2495 2449 2246 2175
629 1559 1357 1660 2693 2487 2463 2236 2195
630 1554 1350 1648 2700 2507 2457 2233 2209
631 1560 1343 1641 2681 2484 2437 2225 2213
632 1566 1331 1629 2690 2482 2453 2216 2218
633 1576 1313 1621 2672 2451 2432 2218 2198
634 1587 1314 1619 2676 2461 2452 2230 2214
635 1589 1315 1626 2668 2463 2424 2249 2204
636 1592 1323 1642 2685 2474 2413 2272 2196
637 1596 1331 1658 2684 2453 2455 2292 2202
638 1586 1340 1664 2686 2477 2480 2289 2186
639 1575 1347 1677 2708 2486 2442 2267 2186
640 1576 1342 1667 2689 2448 2426 2247 2163
641 1570 1338 1647 2686 2468 2458 2240 2167
642 1565 1330 1637 2691 2488 2461 2228 2204
643 1559 1322 1631 2689 2493 2474 2223 2226
644 1561 1318 1629 2699 2476 2453 2232 2239
645 1562 1313 1627 2695 2505 2461 2247 2247
646 1565 1306 1621 2673 2481 2478 2257 2267
647 1569 1304 1630 2686 2526 2468 2252 2266
648 1567 1314 1643 2673 2489 2486 2246 2233
649 1557 1320 1648 2689 2479 2478 2222 2228
650 1555 1332 1652 2701 2484 2489 2222 2197
651 1555 1336 1661 2704 2502 2505 2241 2178
652 1551 1344 1660 2697 2518 2490 2262 2190
653 1551 1335 1653 2699 2512 2495 2275 2199
654 1547 1340 1641 2707 2499 2483 2260 2219
655 1552 1335 1631 2702 2508 2514 2245 2203
656 1557 1325 1615 2691 2518 2496 2224 2188
657 1566 1321 1625 2689 2525 2520 2231 2192
658 1572 1329 1638 2695 2512 2495 2244 2225
659 1570 1326 1647 2707 2513 2511 2250 2252
660 1569 1333 1649 2699 2526 2495 2261 2243
661 1566 1336 1646 2692 2501 2485 2260 2242
662 1573 1343 1655 2697 2495 2509 2267 2244
663 1574 1354 1658 2693 2520 2525 2252 2235
664 1572 1359 1660 2703 2537 2514 2248 2235
665 1575 1361 1655 2706 2530 2527 2235 2223
666 1572 1358 1644 2701 2553 2542 2230 2223
667 1580 1350 1630 2689 2545 2518 2222 2183
668 1575 1344 1635 2686 2540 2541 2222 2178
669 1579 1340 1638 2716 2545 2550 2235 2209
670 1576 1337 1645 2706 2543 2527 2241 2212
671 1572 1336 1635 2717 2541 2524 2256 2206
672 1572 1326 1652 2709 2571 2543 2259 2175
673 1563 1328 1649 2700 2562 2540 2271 2174
674 1564 1331 1664 2706 2582 2543 2272 2202
675 1557 1325 1657 2701 2559 2556 2273 2213
676 1551 1329 1646 2707 2556 2551 2260 2230
677 1542 1327 1645 2713 2539 2538 2235 2221
678 1547 1331 1640 2702 2548 2546 2232 2231
679 1539 1333 1636 2709 2565 2535 2226 2252
680 1556 1331 1636 2702 2546 2528 2231 2253
681 1552 1329 1637 2706 2553 2556 2223 2255
682 1549 1331 1637 2700 2537 2538 2235 2248
683 1558 1329 1643 2714 2545 2527 2238 2253
684 1564 1325 1641 2714 2551 2544 2245 2265
685 1555 1326 1647 2706 2555 2543 2247 2256
686 1559 1321 1644 2694 2543 2544 2240 2267
687 1566 1322 1642 2707 2560 2535 2238 2243
688 1577 1322 1641 2705 2553 2531 2237 2242
689 1577 1325 1641 2696 2517 2543 2240 2231
690 1586 1326 1642 2720 2528 2516 2241 2219
691 1592 1329 1645 2703 2543 2543 2241 2216
692 1587 1338 1647 2709 2530 2533 2247 2190
693 1584 1339 1650 2694 2543 2512 2251 2180
694 1578 1347 1641 2688 2519 2523 2251 2167
695 1577 1350 1647 2695 2518 2518 2248 2162
696 1573 1353 1651 2676 2514 2500 2219 2144
697 1569 1348 1645 2707 2562 2556 2237 2160
698 1568 1338 1642 2708 2576 2570 2237 2175
699 1566 1333 1637 2707 2577 2540 2231 2190
700 1564 1322 1633 2713 2570 2552 2237 2218
701 1562 1324 1638 2716 2593 2571 2237 2249
702 1573 1321 1638 2700 2603 2597 2236 2236
703 1571 1323 1639 2717 2601 2595 2233 2224
704 1564 1334 1636 2720 2622 2611 2235 2210
705 1561 1345 1643 2721 2601 2600 2247 2216
706 1566 1345 1655 2718 2599 2594 2250 2228
707 1559 1353 1654 2702 2610 2615 2258 2200
708 1556 1358 1646 2717 2608 2604 2259 2188
709 1552 1355 1644 2719 2609 2623 2256 2185
710 1540 1345 1645 2721 2615 2607 2251 2199
711 1546 1344 1640 2722 2619 2624 2245 2212
712 1547 1335 1634 2721 2625 2627 2242 2201
713 1542 1332 1638 2721 2615 2608 2229 2227
714 1544 1326 1641 2724 2625 2617 2236 2246
715 1546 1325 1645 2718 2628 2622 2237 2256
716 1544 1323 1646 2704 2629 2604 2243 2291
717 1552 1319 1644 2714 2621 2626 2250 2269
718 1549 1325 1645 2717 2630 2623 2246 2280
719 1558 1328 1635 2711 2636 2621 2247 2277
720 1564 1335 1638 2710 2633 2617 2243 2282
721 1574 1342 1637 2720 2619 2624 2249 2273
722 1576 1340 1641 2724 2626 2630 2236 2247
723 1586 1344 1647 2723 2625 2630 2238 2245
724 1587 1347 1650 2722 2646 2633 2235 2226
725 1587 1341 1641 2713 2630 2625 2243 2221
726 1589 1344 1648 2726 2637 2625 2246 2210
727 1580 1342 1642 2710 2633 2631 2243 2191
728 1577 1344 1642 2719 2633 2627 2244 2189
729 1592 1343 1644 2729 2643 2627 2241 2176
730 1582 1340 1646 2717 2631 2633 2246 2180
731 1579 1336 1642 2724 2629 2637 2247 2180
732 1576 1334 1646 2716 2638 2638 2249 2169
733 1572 1336 1639 2724 2635 2625 2247 2181
734 1575 1326 1640 2721 2632 2627 2250 2179
735 1565 1334 1635 2720 2624 2636 2247 2196
736 1559 1334 1645 2714 2638 2629 2242 2200
737 1564 1332 1641 2712 2634 2636 2241 2193
738 1561 1329 1643 2714 2627 2629 2242 2209
739 1562 1328 1641 2723 2613 2616 2247 2208
740 1561 1329 1642 2716 2616 2626 2245 2230
741 1561 1321 1643 2705 2621 2623 2244 2227
742 1560 1324 1643 2723 2620 2620 2242 2222
743 1557 1332 1647 2723 2627 2629 2241 2231
744 1556 1333 1644 2718 2604 2612 2244 2226
745 1565 1331 1642 2732 2610 2618 2238 2245
746 1556 1331 1641 2726 2623 2614 2242 2228
747 1564 1329 1643 2712 2620 2595 2239 2226
748 1564 1334 1642 2712 2612 2602 2241 2227
749 1568 1325 1643 2713 2597 2591 2243 2222
750 1567 1332 1645 2707 2606 2595 2243 2233
751 1568 1333 1641 2706 2596 2570 2243 2216
752 1573 1335 1643 2705 2582 2572 2244 2214
753 1569 1337 1646 2714 2559 2562 2246 2212
754 1571 1333 1642 2706 2541 2521 2241 2208
755 1570 1333 1643 2699 2548 2542 2240 2215
756 1575 1331 1641 2684 2538 2513 2242 2202
757 1575 1333 1647 2716 2563 2562 2255 2186
758 1570 1349 1646 2730 2614 2628 2269 2185
759 1561 1357 1653 2721 2647 2648 2261 2167
760 1561 1359 1655 2729 2655 2651 2248 2155
761 1546 1365 1653 2734 2662 2671 2238 2136
762 1530 1362 1654 2737 2671 2688 2257 2184
763 1532 1354 1646 2730 2688 2701 2252 2222
764 1531 1347 1641 2732 2701 2716 2240 2252
765 1533 1331 1632 2734 2702 2710 2215 2281
766 1540 1321 1631 2745 2713 2719 2198 2265
767 1553 1309 1630 2736 2713 2725 2201 2285
768 1558 1299 1629 2738 2713 2727 2207 2305
769 1572 1292 1637 2741 2711 2721 2227 2326
770 1582 1292 1644 2746 2709 2723 2235 2336
771 1579 1298 1646 2742 2712 2728 2257 2313
772 1597 1307 1644 2743 2714 2725 2257 2288
773 1603 1321 1646 2739 2711 2728 2267 2253
774 1605 1335 1642 2732 2720 2733 2261 2217
775 1599 1347 1637 2735 2718 2726 2260 2199
776 1596 1360 1647 2734 2721 2735 2256 2151
777 1587 1366 1643 2733 2722 2727 2244 2141
778 1585 1366 1645 2741 2723 2731 2241 2125
779 1583 1359 1645 2741 2721 2726 2231 2132
780 1569 1359 1641 2735 2716 2729 2238 2145
781 1569 1348 1630 2733 2716 2726 2230 2133
782 1563 1334 1640 2740 2715 2726 2229 2159
783 1558 1333 1639 2742 2718 2738 2229 2169
784 1552 1324 1638 2747 2725 2731 2230 2193
785 1552 1322 1643 2747 2721 2728 2241 2223
786 1550 1314 1644 2739 2721 2730 2238 2225
787 1545 1319 1645 2742 2725 2729 2242 2252
788 1550 1321 1639 2739 2725 2736 2235 2245
789 1551 1326 1635 2738 2722 2734 2240 2257
790 1551 1328 1640 2738 2726 2730 2233 2261
791 1552 1326 1639 2737 2723 2733 2229 2244
792 1552 1334 1640 2739 2724 2732 2230 2244
793 1566 1334 1646 2745 2726 2733 2232 2241
794 1560 1335 1648 2741 2715 2738 2242 2249
795 1562 1337 1643 2745 2719 2735 2237 2241
796 1567 1337 1643 2739 2720 2731 2241 2226
797 1568 1335 1648 2739 2725 2726 2235 2224
798 1566 1327 1643 2741 2721 2728 2241 2216
799 1572 1326 1641 2745 2716 2729 2235 2221
800 1574 1330 1633 2737 2721 2728 2233 2220
801 1566 1336 1642 2740 2723 2729 2239 2204
802 1573 1336 1644 2737 2723 2729 2238 2214
803 1578 1338 1646 2736 2725 2734 2239 2202
804 1579 1340 1650 2742 2720 2735 2237 2216
805 1574 1342 1644 2742 2718 2731 2241 2209
806 1566 1339 1646 2738 2719 2733 2234 2198
807 1565 1344 1643 2740 2722 2724 2241 2210
808 1572 1343 1646 2748 2724 2731 2239 2202
809 1568 1338 1637 2739 2727 2735 2233 2220
810 1561 1335 1647 2741 2724 2738 2233 2211
811 1562 1340 1641 2739 2727 2731 2233 2210
812 1560 1343 1643 2745 2722 2736 2238 2220
813 1569 1340 1647 2745 2726 2732 2234 2220
814 1564 1339 1646 2740 2723 2733 2233 2233
815 1566 1338 1641 2736 2720 2730 2237 2227
816 1561 1336 1641 2740 2727 2737 2238 2221
817 1565 1338 1645 2741 2717 2738 2241 2231
818 1558 1327 1639 2749 2726 2730 2234 2222
819 1564 1334 1647 2741 2720 2737 2237 2237
820 1565 1334 1642 2740 2726 2731 2234 2219
821 1564 1336 1646 2745 2720 2735 2239 2220
822 1568 1334 1645 2737 2723 2735 2237 2223
823 1571 1335 1635 2741 2721 2733 2237 2218
824 1570 1329 1645 2741 2724 2730 2238 2228
825 1572 1333 1638 2739 2722 2729 2237 2213
826 1567 1334 1642 2732 2719 2729 2243 2213
827 1570 1327 1646 2746 2726 2729 2234 2214
828 1561 1332 1644 2739 2723 2739 2239 2215
829 1565 1334 1638 2740 2724 2733 2233 2226
830 1566 1337 1638 2720 2697 2722 2213 2188
831 1570 1329 1642 2738 2722 2734 2239 2213
832 1559 1330 1644 2749 2722 2735 2238 2216
833 1559 1336 1641 2741 2724 2731 2236 2214
834 1557 1332 1645 2744 2731 2733 2238 2231
835 1573 1336 1640 2740 2718 2729 2240 2213
836 1567 1340 1640 2744 2725 2735 2237 2218
837 1559 1338 1646 2738 2722 2737 2236 2219
838 1567 1336 1642 2740 2717 2737 2237 2222
839 1567 1339 1643 2745 2727 2735 2238 2231
840 1563 1340 1641 2743 2724 2732 2239 2217
841 1562 1343 1643 2738 2723 2733 2235 2218
842 1559 1337 1644 2744 2723 2730 2241 2221
843 1569 1337 1644 2742 2722 2727 2238 2222
844 1569 1338 1638 2746 2722 2734 2243 2232
845 1569 1334 1647 2736 2726 2733 2235 2213
846 1564 1338 1639 2745 2727 2737 2236 2218
847 1570 1335 1641 2745 2725 2737 2239 2216
848 1568 1335 1644 2740 2723 2738 2242 2215
849 1570 1334 1643 2748 2716 2731 2242 2225
850 1567 1327 1640 2738 2717 2729 2237 2205
851 1566 1334 1644 2744 2719 2729 2240 2216
852 1558 1334 1645 2743 2718 2735 2239 2213
853 1562 1335 1648 2737 2722 2737 2244 2217
854 1563 1334 1644 2743 2726 2729 2237 2226
855 1559 1334 1640 2733 2723 2732 2236 2207
856 1565 1335 1645 2739 2726 2732 2239 2219
857 1565 1332 1640 2737 2713 2731 2241 2214
858 1563 1335 1640 2738 2714 2735 2241 2220
859 1560 1333 1640 2741 2726 2728 2237 2227
860 1561 1333 1641 2741 2720 2733 2237 2209
861 1562 1330 1639 2743 2722 2730 2236 2222
862 1561 1336 1642 2739 2724 2733 2244 2217
863 1560 1335 1640 2734 2718 2730 2235 2225
864 1561 1337 1642 2740 2722 2739 2237 2230
865 1554 1333 1640 2739 2725 2741 2233 2212
866 1557 1335 1644 2739 2717 2732 2239 2224
867 1556 1340 1642 2739 2720 2732 2242 2215
868 1560 1331 1639 2738 2724 2735 2235 2229
869 1552 1337 1638 2740 2726 2735 2240 2227
870 1554 1335 1642 2742 2725 2737 2238 2213
871 1566 1331 1638 2739 2720 2729 2240 2226
872 1567 1330 1634 2734 2725 2733 2234 2213
873 1557 1335 1640 2738 2719 2731 2236 2226
874 1556 1332 1636 2739 2720 2727 2239 2222
875 1567 1334 1644 2735 2719 2728 2235 2211
876 1562 1337 1644 2743 2723 2730 2244 2220
877 1573 1336 1633 2741 2718 2736 2233 2209
878 1569 1333 1640 2737 2715 2741 2239 2226
879 1571 1333 1639 2738 2722 2739 2240 2219
880 1573 1330 1641 2743 2725 2734 2242 2210
881 1569 1338 1635 2740 2725 2732 2239 2221
882 1567 1336 1643 2737 2716 2729 2236 2211
883 1570 1331 1641 2743 2727 2735 2239 2228
884 1563 1335 1641 2744 2718 2734 2235 2214
885 1566 1336 1642 2733 2721 2731 2245 2212
886 1561 1330 1646 2747 2728 2736 2237 2218
887 1570 1332 1641 2739 2722 2732 2236 2213
888 1564 1334 1637 2743 2727 2728 2237 2230
889 1565 1335 1644 2743 2719 2735 2244 2219
890 1564 1333 1644 2740 2725 2730 2238 2214
891 1565 1336 1638 2741 2717 2737 2236 2223
892 1560 1335 1638 2740 2723 2739 2236 2215
893 1565 1330 1641 2736 2729 2734 2239 2232
894 1561 1330 1641 2742 2720 2733 2243 2215
895 1564 1334 1644 2740 2723 2731 2238 2215
896 1567 1336 1641 2741 2722 2737 2235 2216
897 1568 1331 1647 2742 2718 2736 2237 2220
898 1563 1339 1643 2744 2721 2728 2238 2231
899 1559 1336 1643 2751 2722 2730 2242 2214
900 1567 1342 1642 2739 2722 2736 2237 2213
901 1566 1339 1643 2745 2713 2731 2240 2214
902 1570 1336 1640 2744 2723 2739 2238 2214
903 1566 1337 1645 2744 2722 2735 2243 2230
904 1560 1338 1645 2744 2725 2731 2239 2211
905 1565 1338 1638 2742 2726 2734 2233 2211
906 1561 1328 1643 2749 2719 2731 2238 2217
907 1569 1331 1646 2741 2726 2739 2236 2214
908 1572 1335 1646 2738 2717 2734 2243 2230
909 1572 1341 1644 2739 2718 2730 2234 2209
910 1571 1336 1646 2740 2724 2739 2240 2218
911 1562 1339 1639 2748 2718 2733 2237 2217
912 1561 1334 1641 2743 2723 2731 2240 2217
913 1563 1336 1643 2743 2715 2735 2237 2233
914 1559 1327 1638 2738 2718 2728 2234 2212
915 1564 1328 1637 2734 2716 2729 2238 2218
916 1565 1334 1643 2747 2719 2731 2238 2214
917 1561 1338 1641 2739 2725 2740 2244 2219
918 1559 1331 1641 2740 2724 2731 2235 2232
919 1557 1335 1646 2741 2727 2733 2235 2208
920 1564 1335 1638 2739 2720 2732 2237 2218
921 1558 1333 1645 2744 2727 2734 2238 2213
922 1562 1337 1636 2744 2723 2734 2239 2222
923 1564 1334 1642 2744 2719 2733 2237 2228
924 1561 1336 1645 2734 2720 2731 2238 2209
925 1563 1336 1645 2741 2716 2734 2241 2220
926 1554 1331 1643 2740 2725 2735 2242 2212
927 1569 1334 1638 2736 2724 2732 2236 2222
928 1576 1335 1638 2738 2725 2732 2238 2226
929 1564 1331 1637 2747 2724 2730 2238 2211
930 1564 1327 1640 2738 2724 2733 2243 2221
931 1564 1338 1642 2741 2727 2732 2238 2213
932 1568 1338 1639 2742 2716 2734 2238 2226
933 1555 1334 1641 2743 2721 2737 2239 2224
934 1563 1332 1647 2749 2724 2740 2241 2211
935 1565 1335 1640 2747 2718 2728 2239 2217
936 1567 1330 1643 2746 2722 2730 2235 2213
937 1566 1337 1638 2745 2728 2729 2239 2222
938 1562 1336 1641 2744 2720 2727 2237 2223
939 1559 1332 1643 2743 2719 2733 2241 2212
940 1561 1335 1646 2739 2718 2733 2238 2221
941 1557 1340 1647 2745 2724 2730 2237 2215
942 1557 1337 1643 2741 2726 2739 2237 2224
943 1561 1334 1642 2737 2727 2725 2237 2223
944 1562 1335 1642 2739 2723 2731 2243 2212
945 1564 1335 1644 2735 2722 2733 2237 2220
946 1560 1340 1643 2741 2724 2738 2237 2212
947 1565 1335 1645 2740 2724 2734 2240 2226
948 1558 1336 1643 2743 2724 2734 2235 2218
949 1564 1337 1641 2738 2724 2732 2241 2211
950 1568 1334 1637 2748 2719 2737 2238 2218
951 1570 1333 1638 2743 2716 2734 2238 2210
952 1550 1334 1641 2741 2723 2729 2239 2229
953 1565 1337 1641 2734 2719 2733 2243 2218
954 1566 1337 1638 2738 2717 2727 2239 2213
955 1565 1334 1644 2743 2719 2734 2237 2218
956 1569 1330 1644 2737 2721 2733 2239 2214
957 1568 1335 1637 2739 2723 2729 2237 2224
958 1567 1332 1640 2744 2727 2730 2243 2216
959 1562 1335 1638 2731 2722 2732 2234 2209
960 1556 1335 1642 2740 2723 2727 2239 2219
961 1564 1337 1641 2739 2721 2732 2237 2211
962 1568 1335 1642 2742 2726 2736 2245 2229
963 1565 1333 1646 2737 2729 2732 2240 2215
964 1567 1335 1640 2731 2721 2728 2236 2214
965 1563 1339 1635 2745 2720 2732 2241 2219
966 1563 1333 1637 2749 2722 2733 2238 2214
967 1565 1340 1646 2743 2721 2736 2244 2231
968 1563 1333 1642 2743 2729 2739 2237 2215
969 1560 1339 1645 2744 2727 2734 2240 2215
970 1564 1333 1640 2740 2725 2734 2232 2216
971 1558 1335 1640 2740 2725 2735 2242 2217
972 1576 1335 1644 2736 2728 2731 2238 2228
973 1571 1337 1641 2742 2723 2733 2237 2215
974 1565 1332 1640 2740 2721 2733 2237 2214
975 1567 1336 1647 2738 2724 2733 2239 2219
976 1569 1335 1640 2747 2725 2730 2241 2215
977 1569 1336 1641 2742 2719 2730 2237 2230
978 1556 1339 1644 2743 2722 2737 2235 2208
979 1566 1334 1644 2750 2716 2729 2236 2216
980 1567 1335 1642 2743 2721 2739 2242 2218
981 1566 1326 1640 2745 2728 2733 2237 2214
982 1562 1333 1641 2740 2717 2729 2235 2230
983 1564 1336 1642 2748 2719 2731 2236 2212
984 1570 1337 1644 2747 2724 2727 2238 2219
985 1570 1332 1643 2745 2717 2736 2242 2215
986 1565 1338 1647 2739 2724 2735 2237 2221
987 1561 1338 1642 2745 2720 2738 2236 2231
988 1565 1339 1643 2738 2714 2733 2236 2213
989 1565 1337 1643 2738 2722 2735 2239 2217
990 1573 1336 1645 2737 2718 2735 2241 2217
991 1567 1333 1641 2747 2723 2735 2236 2218
992 1569 1333 1634 2736 2722 2732 2239 2228
993 1566 1337 1642 2745 2719 2735 2240 2214
994 1567 1333 1643 2738 2721 2726 2241 2217
995 1565 1329 1636 2743 2729 2737 2237 2215
996 1567 1338 1642 2745 2728 2735 2235 2220
997 1569 1332 1643 2742 2721 2732 2239 2228
998 1572 1336 1641 2737 2715 2729 2237 2207
999 1569 1334 1639 2744 2723 2731 2242 2219
1000 1569 1337 1641 2734 2726 2727 2233 2210
1001 1562 1335 1646 2737 2724 2732 2241 2222
1002 1567 1338 1644 2738 2719 2729 2235 2225
1003 1566 1333 1641 2736 2723 2736 2244 2211
1004 1562 1337 1642 2743 2722 2733 2237 2216
1005 1558 1338 1636 2743 2717 2735 2238 2212
1006 1565 1334 1642 2742 2714 2738 2239 2222
1007 1567 1336 1645 2740 2720 2735 2239 2224
1008 1568 1333 1645 2739 2729 2738 2245 2211
1009 1567 1337 1639 2745 2718 2730 2234 2219
1010 1565 1335 1647 2746 2727 2733 2241 2214
1011 1563 1333 1644 2747 2725 2734 2234 2225
1012 1567 1335 1637 2746 2726 2731 2244 2224
1013 1564 1329 1636 2734 2714 2735 2233 2210
1014 1562 1333 1634 2740 2724 2729 2237 2220
1015 1559 1337 1642 2742 2724 2733 2241 2214
1016 1560 1333 1643 2742 2719 2727 2236 2226
1017 1561 1336 1638 2743 2715 2735 2242 2222
1018 1568 1334 1639 2743 2727 2735 2233 2209
1019 1569 1336 1642 2736 2722 2739 2214 2192
1020 1561 1338 1643 2716 2711 2713 2212 2184
1021 1556 1337 1645 2729 2701 2712 2215 2192
1022 1548 1340 1647 2746 2729 2722 2216 2199
1023 1543 1344 1646 2727 2712 2720 2204 2187
