0 1561 1331 1617 2741 2726 2737 2233 2211
1 1556 1339 1612 2745 2723 2726 2239 2218
2 1554 1342 1611 2741 2720 2735 2232 2215
3 1558 1337 1612 2741 2720 2735 2235 2220
4 1559 1334 1614 2745 2721 2733 2234 2229
5 1563 1332 1611 2741 2724 2736 2237 2212
6 1556 1340 1610 2747 2723 2734 2236 2218
7 1562 1340 1614 2748 2720 2736 2233 2217
8 1564 1338 1609 2742 2729 2738 2238 2216
9 1559 1338 1607 2744 2721 2726 2234 2232
10 1558 1337 1616 2737 2721 2732 2241 2217
11 1557 1335 1614 2737 2728 2736 2237 2219
12 1551 1341 1618 2736 2718 2738 2236 2220
13 1550 1339 1617 2737 2726 2735 2234 2217
14 1559 1333 1617 2737 2720 2734 2236 2232
15 1554 1340 1607 2743 2726 2731 2240 2213
16 1563 1338 1618 2741 2719 2733 2234 2219
17 1562 1339 1613 2745 2719 2723 2233 2215
18 1551 1335 1616 2742 2721 2735 2236 2220
19 1557 1342 1617 2746 2718 2727 2233 2230
20 1562 1339 1606 2746 2731 2704 2237 2215
21 1560 1338 1619 2741 2721 2734 2238 2218
22 1559 1334 1613 2741 2717 2733 2234 2217
23 1560 1332 1611 2748 2726 2730 2235 2222
24 1551 1339 1617 2745 2721 2735 2240 2230
25 1555 1338 1614 2740 2728 2730 2237 2216
26 1558 1339 1619 2744 2723 2734 2232 2215
27 1556 1336 1615 2742 2717 2734 2235 2220
28 1557 1341 1616 2743 2719 2735 2236 2218
29 1560 1340 1615 2742 2724 2736 2240 2232
30 1566 1338 1617 2738 2725 2732 2235 2216
31 1556 1338 1607 2736 2724 2731 2237 2218
32 1555 1342 1612 2745 2718 2736 2236 2221
33 1559 1341 1615 2747 2718 2730 2239 2218
34 1555 1339 1610 2749 2724 2734 2240 2234
35 1554 1339 1609 2747 2727 2736 2231 2214
36 1557 1338 1615 2738 2724 2733 2238 2217
37 1558 1338 1613 2740 2723 2739 2237 2218
38 1560 1334 1614 2743 2725 2730 2240 2219
39 1560 1337 1616 2744 2721 2734 2235 2230
40 1551 1336 1616 2733 2722 2738 2235 2215
41 1560 1335 1616 2749 2718 2730 2237 2217
42 1549 1341 1611 2745 2724 2734 2237 2220
43 1555 1330 1607 2742 2722 2732 2239 2214
44 1559 1337 1620 2745 2728 2739 2234 2232
45 1559 1337 1617 2743 2717 2730 2238 2217
46 1563 1339 1606 2741 2722 2730 2233 2216
47 1559 1338 1616 2747 2720 2733 2241 2221
48 1561 1339 1618 2741 2729 2736 2233 2217
49 1556 1339 1617 2745 2723 2733 2237 2233
50 1557 1341 1612 2745 2719 2732 2234 2215
51 1556 1338 1606 2740 2723 2740 2238 2218
52 1563 1338 1615 2746 2722 2732 2241 2219
53 1558 1333 1617 2741 2728 2733 2234 2215
54 1555 1338 1613 2736 2718 2730 2238 2232
55 1558 1339 1618 2752 2718 2738 2236 2218
56 1562 1338 1613 2746 2718 2733 2240 2214
57 1565 1332 1610 2741 2723 2734 2239 2221
58 1565 1329 1608 2745 2725 2730 2235 2216
59 1559 1340 1614 2741 2726 2730 2235 2231
60 1553 1338 1614 2736 2728 2735 2236 2218
61 1560 1339 1617 2741 2723 2731 2240 2215
62 1562 1340 1613 2744 2723 2731 2235 2217
63 1566 1340 1618 2744 2721 2727 2237 2217
64 1560 1340 1618 2734 2724 2734 2234 2230
65 1565 1339 1616 2745 2721 2738 2239 2217
66 1560 1338 1616 2743 2726 2740 2239 2215
67 1551 1342 1614 2743 2724 2739 2235 2219
68 1553 1343 1618 2742 2718 2735 2236 2219
69 1559 1339 1608 2745 2727 2734 2230 2228
70 1560 1336 1617 2738 2722 2734 2238 2219
71 1564 1333 1615 2740 2725 2729 2234 2214
72 1562 1340 1616 2737 2725 2734 2235 2220
73 1564 1340 1613 2746 2719 2733 2236 2215
74 1560 1333 1617 2739 2728 2732 2235 2232
75 1556 1341 1617 2746 2728 2731 2239 2214
76 1551 1341 1622 2742 2722 2739 2236 2217
77 1555 1337 1608 2738 2717 2739 2236 2217
78 1557 1339 1618 2745 2725 2732 2236 2216
79 1553 1334 1609 2739 2720 2732 2236 2228
80 1552 1339 1612 2742 2715 2734 2241 2217
81 1562 1339 1618 2744 2722 2729 2232 2214
82 1566 1337 1620 2748 2726 2734 2236 2220
83 1562 1338 1616 2739 2728 2734 2233 2215
84 1561 1339 1612 2740 2722 2732 2241 2232
85 1554 1332 1615 2747 2727 2733 2232 2216
86 1553 1339 1610 2748 2720 2732 2236 2217
87 1560 1342 1618 2739 2726 2733 2235 2221
88 1559 1332 1611 2737 2730 2733 2238 2217
89 1563 1340 1615 2735 2716 2729 2236 2228
90 1553 1335 1611 2739 2715 2735 2234 2221
91 1562 1339 1621 2742 2722 2734 2240 2214
92 1556 1340 1616 2737 2725 2736 2234 2222
93 1557 1335 1615 2745 2723 2736 2235 2215
94 1560 1340 1618 2743 2723 2742 2239 2231
95 1560 1341 1609 2744 2721 2733 2232 2216
96 1554 1333 1612 2741 2727 2739 2238 2216
97 1563 1334 1617 2739 2717 2739 2237 2221
98 1561 1340 1617 2742 2725 2733 2242 2216
99 1568 1338 1620 2737 2727 2737 2236 2231
100 1558 1337 1613 2747 2729 2734 2234 2216
101 1564 1338 1611 2738 2726 2731 2236 2217
102 1553 1337 1615 2740 2722 2733 2234 2220
103 1561 1341 1610 2745 2723 2734 2243 2218
104 1560 1334 1616 2736 2717 2738 2231 2229
105 1572 1340 1614 2742 2724 2731 2238 2219
106 1556 1342 1620 2736 2723 2736 2233 2213
107 1565 1339 1613 2747 2719 2736 2242 2222
108 1559 1340 1612 2738 2725 2740 2236 2213
109 1558 1340 1616 2741 2719 2731 2234 2230
110 1549 1337 1617 2737 2725 2735 2236 2217
111 1549 1338 1619 2745 2722 2737 2235 2215
112 1557 1339 1611 2736 2722 2730 2237 2219
113 1559 1339 1616 2740 2721 2731 2234 2217
114 1563 1339 1617 2743 2722 2732 2235 2228
115 1563 1339 1612 2744 2721 2735 2236 2220
116 1561 1337 1608 2740 2723 2740 2236 2211
117 1555 1342 1612 2737 2720 2738 2239 2222
118 1561 1337 1612 2745 2725 2729 2232 2214
119 1565 1340 1617 2749 2721 2728 2239 2230
120 1561 1336 1605 2747 2716 2731 2232 2218
121 1556 1334 1614 2739 2726 2736 2242 2216
122 1561 1339 1613 2741 2722 2733 2232 2220
123 1559 1343 1613 2740 2721 2735 2236 2217
124 1553 1330 1611 2740 2722 2729 2235 2229
125 1566 1341 1616 2736 2720 2738 2237 2219
126 1562 1341 1613 2744 2725 2737 2241 2213
127 1562 1338 1615 2738 2723 2733 2235 2222
128 1558 1344 1611 2747 2719 2735 2235 2214
129 1557 1339 1614 2744 2722 2735 2237 2231
130 1558 1343 1616 2738 2718 2735 2239 2221
131 1559 1341 1615 2752 2722 2736 2241 2215
132 1550 1339 1608 2742 2722 2738 2232 2220
133 1556 1334 1618 2740 2728 2737 2238 2217
134 1565 1337 1616 2744 2725 2737 2234 2229
135 1560 1339 1617 2742 2724 2731 2243 2222
136 1564 1338 1615 2745 2716 2733 2234 2213
137 1557 1339 1613 2744 2730 2732 2236 2223
138 1557 1340 1621 2743 2726 2736 2234 2214
139 1558 1339 1617 2738 2727 2737 2240 2230
140 1552 1338 1616 2746 2717 2736 2235 2217
141 1554 1338 1620 2745 2722 2743 2234 2216
142 1562 1340 1615 2741 2722 2736 2236 2221
143 1562 1337 1618 2741 2722 2735 2235 2217
144 1553 1340 1617 2741 2715 2736 2238 2228
145 1558 1336 1616 2736 2719 2737 2236 2222
146 1558 1339 1617 2740 2716 2732 2235 2213
147 1561 1341 1617 2738 2723 2734 2239 2222
148 1562 1337 1618 2737 2723 2734 2234 2215
149 1565 1336 1617 2746 2721 2727 2242 2229
150 1564 1339 1614 2739 2725 2737 2233 2221
151 1565 1336 1610 2747 2726 2732 2238 2215
152 1557 1338 1617 2743 2725 2731 2232 2222
153 1562 1339 1619 2746 2719 2732 2240 2214
154 1563 1330 1610 2747 2727 2734 2238 2228
155 1559 1338 1614 2744 2718 2735 2231 2220
156 1558 1336 1615 2737 2722 2734 2237 2214
157 1556 1334 1612 2736 2723 2740 2231 2220
158 1560 1339 1617 2742 2725 2733 2241 2216
159 1562 1337 1619 2739 2716 2732 2235 2226
160 1559 1338 1609 2739 2719 2732 2234 2225
161 1565 1341 1614 2733 2722 2732 2237 2214
162 1560 1336 1617 2746 2721 2734 2237 2222
163 1560 1334 1615 2739 2716 2732 2241 2214
164 1554 1339 1616 2742 2722 2733 2233 2225
165 1553 1337 1618 2743 2723 2731 2237 2222
166 1555 1338 1612 2736 2721 2736 2233 2209
167 1563 1340 1615 2742 2722 2732 2240 2223
168 1556 1339 1617 2742 2723 2739 2235 2211
169 1558 1342 1617 2744 2719 2735 2234 2228
170 1557 1338 1616 2741 2720 2727 2236 2218
171 1551 1336 1616 2740 2729 2731 2235 2212
172 1561 1337 1617 2748 2725 2731 2237 2219
173 1557 1338 1613 2748 2725 2737 2235 2215
174 1558 1336 1617 2746 2725 2732 2235 2225
175 1561 1333 1618 2745 2721 2735 2235 2225
176 1561 1341 1610 2748 2721 2728 2236 2211
177 1557 1340 1614 2744 2719 2730 2241 2225
178 1563 1340 1610 2739 2721 2729 2233 2213
179 1560 1332 1614 2750 2725 2729 2239 2229
180 1561 1339 1614 2742 2720 2733 2233 2222
181 1559 1339 1613 2746 2728 2738 2242 2215
182 1547 1338 1615 2742 2721 2733 2232 2219
183 1561 1336 1617 2739 2725 2734 2235 2216
184 1556 1338 1615 2746 2722 2737 2238 2226
185 1549 1338 1616 2748 2721 2731 2237 2224
186 1553 1342 1616 2744 2720 2732 2241 2213
187 1549 1335 1611 2744 2723 2734 2234 2223
188 1545 1341 1616 2746 2725 2734 2237 2214
189 1551 1338 1618 2739 2717 2729 2234 2225
190 1558 1340 1613 2737 2723 2731 2241 2225
191 1555 1338 1616 2738 2719 2736 2237 2213
192 1559 1335 1615 2737 2724 2737 2235 2219
193 1559 1340 1612 2742 2722 2737 2238 2213
194 1557 1334 1617 2747 2716 2733 2230 2224
195 1568 1341 1616 2744 2718 2737 2241 2227
196 1564 1338 1608 2749 2723 2736 2232 2211
197 1559 1338 1614 2751 2719 2730 2238 2222
198 1565 1339 1620 2743 2722 2735 2234 2216
199 1563 1330 1619 2746 2723 2733 2238 2227
200 1562 1330 1620 2736 2725 2731 2239 2226
201 1557 1332 1619 2736 2717 2736 2233 2214
202 1558 1336 1614 2747 2723 2733 2235 2219
203 1558 1330 1608 2738 2723 2727 2235 2214
204 1556 1333 1611 2742 2722 2730 2238 2225
205 1556 1337 1617 2740 2721 2727 2235 2228
206 1555 1340 1610 2743 2722 2736 2237 2215
207 1557 1340 1614 2744 2720 2731 2237 2223
208 1558 1337 1616 2743 2715 2738 2237 2218
209 1561 1338 1618 2746 2724 2735 2241 2227
210 1560 1340 1611 2741 2717 2731 2236 2229
211 1556 1338 1618 2742 2725 2737 2237 2212
212 1560 1339 1614 2744 2719 2727 2237 2224
213 1562 1337 1615 2740 2725 2735 2240 2214
214 1560 1331 1616 2747 2727 2737 2239 2226
215 1562 1337 1616 2737 2715 2736 2233 2226
216 1558 1338 1618 2740 2725 2734 2238 2215
217 1560 1338 1617 2745 2725 2735 2234 2220
218 1559 1340 1616 2740 2725 2737 2241 2215
219 1561 1335 1616 2744 2726 2732 2236 2224
220 1556 1338 1608 2749 2722 2732 2235 2228
221 1558 1342 1616 2739 2719 2732 2235 2213
222 1559 1332 1615 2740 2724 2728 2239 2222
223 1558 1333 1614 2741 2720 2736 2240 2213
224 1562 1340 1618 2736 2719 2732 2233 2224
225 1555 1340 1613 2746 2718 2737 2238 2227
226 1555 1335 1612 2735 2718 2734 2234 2213
227 1557 1335 1615 2743 2721 2733 2241 2223
228 1557 1334 1617 2741 2720 2732 2236 2216
229 1564 1332 1615 2737 2719 2733 2233 2223
230 1571 1340 1615 2745 2714 2734 2239 2230
231 1556 1332 1615 2745 2721 2739 2233 2209
232 1564 1342 1614 2745 2722 2735 2242 2220
233 1558 1337 1619 2741 2722 2730 2236 2213
234 1559 1338 1614 2742 2716 2734 2236 2225
235 1561 1338 1615 2745 2729 2733 2238 2229
236 1550 1337 1614 2747 2723 2733 2238 2212
237 1554 1343 1618 2742 2730 2731 2244 2222
238 1558 1340 1618 2743 2722 2739 2232 2217
239 1550 1339 1617 2736 2717 2735 2238 2225
240 1556 1342 1617 2739 2716 2739 2231 2227
241 1557 1341 1612 2740 2723 2729 2241 2213
242 1561 1337 1610 2742 2723 2731 2236 2219
243 1565 1339 1619 2739 2722 2736 2235 2217
244 1551 1341 1616 2738 2721 2737 2235 2223
245 1557 1341 1618 2740 2723 2730 2238 2230
246 1555 1339 1606 2747 2718 2732 2236 2212
247 1558 1337 1617 2743 2730 2736 2235 2220
248 1560 1340 1608 2736 2719 2731 2237 2216
249 1550 1336 1610 2741 2719 2735 2233 2223
250 1557 1341 1617 2742 2719 2731 2239 2230
251 1556 1341 1610 2746 2724 2728 2235 2212
252 1555 1336 1615 2742 2729 2734 2236 2220
253 1559 1340 1614 2741 2720 2735 2234 2214
254 1551 1343 1609 2739 2728 2731 2235 2224
255 1557 1341 1614 2739 2725 2734 2239 2230
256 1550 1342 1618 2743 2715 2731 2235 2213
257 1556 1342 1615 2741 2722 2730 2234 2219
258 1551 1339 1616 2743 2726 2733 2235 2217
259 1557 1334 1605 2749 2726 2732 2233 2222
260 1549 1337 1619 2747 2719 2728 2241 2230
261 1545 1338 1604 2736 2721 2728 2233 2210
262 1553 1341 1615 2742 2724 2735 2236 2220
263 1553 1335 1613 2743 2720 2734 2236 2217
264 1546 1339 1618 2740 2724 2736 2239 2222
265 1550 1341 1612 2739 2726 2736 2236 2228
266 1563 1340 1619 2737 2717 2737 2235 2215
267 1559 1337 1618 2738 2720 2732 2232 2219
268 1558 1339 1612 2744 2721 2728 2237 2218
269 1567 1334 1607 2744 2719 2735 2239 2222
270 1568 1337 1619 2739 2720 2733 2235 2233
271 1554 1338 1614 2742 2718 2732 2234 2211
272 1559 1335 1619 2737 2720 2738 2233 2220
273 1552 1338 1611 2743 2719 2736 2238 2213
274 1562 1338 1611 2745 2721 2732 2240 2222
275 1560 1335 1615 2744 2718 2734 2233 2231
276 1561 1336 1615 2745 2719 2726 2236 2209
277 1559 1341 1614 2738 2722 2742 2235 2220
278 1565 1337 1617 2741 2723 2731 2238 2216
279 1566 1339 1620 2740 2725 2733 2236 2222
280 1567 1339 1613 2745 2724 2736 2235 2229
281 1561 1338 1618 2743 2720 2737 2238 2215
282 1555 1335 1614 2737 2719 2734 2235 2219
283 1563 1339 1618 2746 2721 2733 2240 2217
284 1557 1332 1615 2742 2728 2732 2231 2219
285 1559 1335 1614 2737 2728 2735 2239 2231
286 1556 1341 1614 2738 2723 2734 2237 2214
287 1561 1340 1614 2741 2721 2733 2239 2219
288 1557 1338 1619 2737 2721 2735 2237 2215
289 1565 1338 1618 2744 2718 2730 2234 2221
290 1558 1340 1612 2746 2727 2736 2239 2233
291 1559 1338 1617 2748 2721 2728 2235 2213
292 1555 1334 1607 2747 2718 2735 2244 2220
293 1563 1336 1615 2742 2722 2735 2233 2217
294 1561 1342 1608 2744 2725 2735 2238 2223
295 1548 1335 1611 2740 2719 2736 2234 2232
296 1561 1332 1612 2746 2726 2732 2239 2215
297 1554 1339 1611 2742 2719 2738 2238 2219
298 1556 1341 1618 2739 2723 2738 2236 2218
299 1557 1337 1613 2743 2718 2733 2239 2220
300 1568 1337 1620 2736 2716 2733 2231 2229
301 1559 1339 1620 2750 2719 2737 2241 2213
302 1561 1339 1616 2734 2719 2739 2234 2216
303 1560 1339 1614 2740 2722 2734 2235 2219
304 1559 1339 1614 2742 2724 2734 2236 2219
305 1558 1335 1618 2735 2722 2737 2234 2230
306 1557 1338 1607 2738 2723 2732 2242 2214
307 1557 1335 1613 2744 2723 2731 2232 2218
308 1561 1339 1607 2740 2722 2729 2237 2218
309 1559 1337 1613 2745 2724 2731 2232 2218
310 1557 1336 1611 2743 2722 2741 2239 2233
311 1557 1337 1613 2747 2727 2737 2236 2212
312 1560 1339 1614 2744 2715 2735 2233 2219
313 1561 1340 1615 2747 2727 2737 2238 2217
314 1558 1340 1614 2735 2725 2731 2237 2222
315 1559 1337 1617 2739 2722 2732 2241 2233
316 1560 1335 1617 2751 2725 2734 2234 2214
317 1557 1341 1616 2737 2720 2729 2234 2220
318 1559 1338 1618 2741 2723 2729 2233 2219
319 1561 1336 1612 2745 2722 2729 2237 2221
320 1557 1338 1614 2748 2726 2737 2238 2234
321 1552 1334 1616 2735 2716 2735 2235 2216
322 1548 1333 1619 2738 2727 2740 2234 2218
323 1557 1340 1618 2746 2731 2735 2234 2222
324 1554 1337 1610 2738 2726 2741 2236 2220
325 1555 1336 1614 2737 2721 2736 2236 2234
326 1560 1337 1612 2745 2723 2733 2229 2214
327 1549 1340 1613 2747 2729 2746 2234 2222
328 1556 1339 1616 2752 2725 2742 2232 2220
329 1560 1334 1614 2738 2727 2733 2240 2224
330 1548 1341 1617 2741 2730 2742 2233 2234
331 1559 1339 1608 2744 2728 2734 2236 2220
332 1559 1336 1611 2742 2721 2744 2229 2220
333 1556 1337 1610 2748 2722 2745 2236 2225
334 1562 1330 1616 2743 2726 2746 2237 2226
335 1555 1339 1608 2741 2732 2745 2227 2239
336 1561 1330 1610 2740 2731 2749 2229 2226
337 1557 1329 1615 2745 2724 2748 2223 2233
338 1550 1335 1614 2739 2728 2755 2231 2238
339 1556 1330 1616 2745 2730 2752 2217 2239
340 1553 1329 1610 2738 2732 2752 2218 2258
341 1550 1328 1617 2741 2726 2757 2216 2239
342 1553 1336 1615 2744 2733 2754 2220 2239
343 1550 1330 1615 2736 2728 2761 2225 2257
344 1543 1334 1617 2743 2729 2761 2212 2260
345 1549 1322 1616 2740 2719 2757 2197 2303
346 1532 1300 1596 2741 2727 2761 2125 2338
347 1520 1272 1590 2745 2728 2768 2091 2358
348 1509 1259 1597 2741 2725 2756 2067 2392
349 1496 1260 1610 2738 2743 2788 2102 2407
350 1493 1259 1618 2748 2733 2780 2114 2473
351 1489 1278 1630 2744 2732 2793 2120 2477
352 1481 1252 1624 2761 2764 2867 2049 2540
353 1443 1191 1595 2753 2743 2928 1857 2618
354 1383 1073 1556 2762 2792 2885 1631 2680
355 1335 1026 1555 2750 2740 2901 1655 2693
356 1291 1039 1610 2748 2750 2898 1885 2866
357 1274 1098 1609 2793 2755 2871 2153 3085
358 1317 1134 1612 2754 2766 2899 2203 3032
359 1409 1158 1614 2732 2724 2860 2081 2756
360 1485 1157 1606 2746 2786 2901 1990 2539
361 1540 1195 1624 2744 2725 2845 2075 2410
362 1546 1268 1631 2747 2750 2899 2245 2500
363 1549 1282 1644 2762 2784 2928 2371 2747
364 1564 1239 1647 2742 2740 2873 2346 2822
365 1575 1203 1630 2771 2709 2863 2208 2590
366 1615 1223 1581 2751 2733 2863 2078 2317
367 1641 1241 1531 2742 2749 2868 2029 2176
368 1661 1329 1531 2740 2749 2848 2053 2144
369 1666 1416 1545 2723 2732 2837 2012 2178
370 1679 1452 1559 2735 2780 2887 1949 2136
371 1701 1454 1577 2731 2744 2861 1854 2023
372 1704 1475 1607 2753 2749 2860 1820 1883
373 1692 1513 1672 2737 2759 2851 1945 1783
374 1678 1521 1700 2729 2711 2849 2080 1804
375 1667 1523 1709 2750 2745 2895 2146 1876
376 1650 1509 1705 2722 2728 2898 2115 1815
377 1624 1485 1677 2744 2736 2885 2102 1782
378 1627 1474 1644 2743 2756 2886 2115 1859
379 1607 1448 1596 2756 2778 2884 2124 1956
380 1613 1431 1608 2733 2743 2862 2185 1987
381 1602 1417 1601 2737 2738 2870 2239 1949
382 1590 1409 1631 2762 2721 2877 2257 2026
383 1555 1433 1678 2744 2750 2880 2247 2365
384 1509 1387 1700 2739 2729 2848 2225 2673
385 1533 1393 1688 2756 2753 2856 2222 2652
386 1557 1369 1646 2729 2735 2840 2188 2509
387 1576 1380 1607 2753 2805 2821 2140 2437
388 1568 1391 1593 2742 2755 2843 2071 2614
389 1552 1412 1619 2722 2779 2902 2047 2806
390 1572 1420 1628 2745 2748 2848 2091 2800
391 1582 1423 1636 2731 2765 2893 2138 2643
392 1583 1412 1644 2744 2752 2930 2147 2534
393 1586 1392 1653 2748 2758 2879 2131 2519
394 1589 1371 1652 2747 2734 2923 2115 2515
395 1598 1366 1645 2756 2744 2881 2143 2466
396 1605 1354 1657 2765 2741 2861 2206 2343
397 1610 1332 1641 2740 2758 2897 2194 2298
398 1602 1297 1622 2732 2730 2872 2169 2298
399 1605 1292 1624 2749 2765 2877 2164 2238
400 1618 1281 1639 2768 2735 2806 2181 2148
401 1587 1263 1631 2765 2779 2850 2140 2083
402 1545 1247 1628 2717 2733 2883 2078 2141
403 1506 1241 1639 2751 2739 2867 2098 2257
404 1484 1224 1628 2733 2747 2900 2149 2302
405 1478 1197 1603 2745 2760 2884 2102 2262
406 1475 1184 1586 2751 2735 2829 1986 2227
407 1488 1130 1544 2747 2768 2872 1833 2302
408 1480 1071 1557 2739 2744 2866 1816 2333
409 1504 1110 1597 2775 2759 2823 1983 2399
410 1500 1128 1636 2769 2773 2818 2226 2510
411 1533 1189 1650 2739 2742 2880 2304 2555
412 1551 1208 1644 2746 2746 2841 2183 2523
413 1572 1223 1645 2761 2768 2848 2047 2427
414 1591 1263 1626 2752 2709 2854 2011 2340
415 1607 1307 1610 2763 2740 2875 2043 2288
416 1632 1354 1618 2762 2742 2868 2081 2200
417 1632 1378 1609 2732 2760 2859 2036 2074
418 1652 1395 1629 2735 2777 2877 1958 2045
419 1633 1401 1627 2726 2747 2881 1914 2078
420 1649 1396 1632 2751 2711 2890 1918 2147
421 1615 1378 1630 2759 2743 2869 1963 2233
422 1622 1332 1631 2748 2736 2896 1986 2137
423 1620 1338 1631 2750 2744 2878 2045 2098
424 1637 1320 1646 2743 2735 2833 2099 2113
425 1629 1336 1657 2750 2754 2878 2123 2251
426 1626 1351 1666 2750 2746 2828 2114 2266
427 1638 1363 1653 2745 2741 2830 2088 2239
428 1643 1362 1646 2740 2747 2823 2068 2154
429 1649 1383 1635 2735 2738 2807 2058 2102
430 1644 1406 1634 2755 2741 2812 2061 2114
431 1661 1428 1650 2739 2716 2813 2100 2113
432 1653 1445 1661 2746 2714 2799 2107 2143
433 1653 1441 1663 2748 2725 2791 2081 2154
434 1639 1436 1660 2744 2731 2806 2041 2150
435 1639 1426 1658 2726 2719 2773 2090 2152
436 1633 1439 1659 2738 2719 2755 2165 2114
437 1640 1460 1665 2736 2729 2767 2234 2060
438 1657 1459 1668 2725 2709 2745 2233 2024
439 1660 1466 1673 2733 2711 2753 2205 1993
440 1670 1476 1682 2741 2731 2755 2217 1969
441 1671 1473 1684 2739 2722 2761 2236 1919
442 1660 1475 1680 2742 2722 2753 2243 1896
443 1649 1465 1670 2739 2724 2753 2246 1893
444 1643 1460 1669 2737 2719 2745 2236 1900
445 1633 1446 1658 2747 2720 2741 2250 1927
446 1623 1437 1663 2733 2727 2750 2270 1976
447 1609 1438 1667 2739 2724 2753 2295 2008
448 1583 1433 1684 2747 2729 2749 2302 2057
449 1568 1415 1677 2737 2723 2749 2308 2110
450 1558 1411 1668 2745 2719 2758 2308 2196
451 1544 1400 1674 2747 2728 2756 2312 2216
452 1543 1387 1668 2734 2722 2751 2308 2220
453 1534 1379 1655 2733 2724 2753 2306 2264
454 1529 1371 1673 2746 2727 2751 2328 2314
455 1522 1370 1679 2743 2719 2749 2349 2385
456 1525 1373 1680 2742 2714 2754 2368 2409
457 1531 1361 1679 2748 2729 2757 2373 2410
458 1530 1368 1671 2740 2722 2754 2374 2422
459 1528 1373 1660 2738 2727 2750 2369 2425
460 1521 1376 1659 2733 2721 2755 2361 2439
461 1525 1376 1654 2734 2722 2759 2363 2425
462 1539 1378 1653 2742 2723 2750 2366 2415
463 1545 1376 1648 2738 2731 2763 2372 2431
464 1550 1370 1660 2734 2731 2762 2365 2322
465 1551 1360 1677 2751 2721 2763 2366 2360
466 1545 1361 1642 2742 2718 2759 2313 2583
467 1544 1350 1619 2740 2724 2770 2207 2594
468 1605 1330 1642 2747 2724 2755 2187 2230
469 1645 1297 1654 2739 2722 2757 2253 1941
470 1646 1294 1662 2745 2727 2759 2345 2080
471 1621 1283 1672 2743 2730 2763 2386 2305
472 1605 1270 1663 2736 2722 2759 2387 2281
473 1606 1255 1657 2741 2725 2757 2348 2125
474 1601 1255 1660 2743 2723 2759 2356 2088
475 1578 1262 1648 2736 2722 2767 2367 2263
476 1564 1281 1637 2738 2727 2759 2356 2327
477 1571 1283 1621 2742 2721 2753 2351 2175
478 1597 1276 1615 2743 2720 2754 2338 1953
479 1581 1311 1657 2737 2719 2757 2386 2003
480 1558 1313 1677 2748 2720 2763 2394 2325
481 1546 1320 1684 2742 2719 2757 2368 2440
482 1557 1318 1662 2737 2723 2758 2353 2266
483 1582 1335 1637 2743 2729 2755 2373 2086
484 1581 1350 1633 2738 2721 2751 2387 2103
485 1572 1373 1637 2738 2724 2760 2379 2284
486 1560 1381 1638 2740 2724 2752 2352 2336
487 1568 1378 1643 2740 2721 2754 2328 2252
488 1570 1381 1649 2741 2722 2753 2325 2218
489 1573 1380 1653 2737 2725 2750 2333 2251
490 1570 1378 1642 2739 2719 2751 2343 2320
491 1579 1370 1659 2739 2723 2757 2346 2307
492 1582 1364 1658 2734 2723 2753 2329 2223
493 1599 1359 1657 2737 2716 2748 2330 2210
494 1596 1361 1651 2741 2721 2757 2331 2251
495 1605 1353 1649 2737 2725 2760 2346 2315
496 1607 1345 1639 2735 2719 2763 2332 2307
497 1600 1333 1640 2745 2729 2758 2327 2262
498 1620 1335 1645 2738 2722 2752 2337 2231
499 1614 1329 1641 2739 2724 2745 2357 2215
500 1616 1331 1644 2742 2724 2745 2361 2231
501 1618 1327 1640 2736 2719 2752 2357 2220
502 1618 1335 1641 2741 2721 2756 2358 2178
503 1616 1335 1647 2734 2723 2751 2366 2177
504 1609 1336 1645 2743 2724 2748 2379 2170
505 1613 1338 1651 2742 2726 2749 2379 2184
506 1615 1341 1649 2740 2726 2744 2374 2168
507 1610 1334 1640 2742 2718 2745 2366 2117
508 1614 1337 1642 2742 2725 2748 2361 2112
509 1609 1340 1643 2739 2720 2751 2361 2112
510 1606 1343 1644 2735 2721 2750 2365 2156
511 1592 1345 1646 2741 2715 2726 2369 2178
512 1591 1350 1637 2740 2726 2734 2394 2158
513 1604 1361 1650 2742 2715 2739 2412 2138
514 1602 1364 1649 2739 2717 2733 2408 2128
515 1609 1370 1646 2740 2713 2745 2377 2155
516 1609 1368 1640 2743 2720 2743 2380 2170
517 1611 1374 1621 2739 2718 2734 2396 2133
518 1624 1378 1618 2734 2719 2741 2425 2103
519 1626 1385 1632 2733 2723 2732 2423 2083
520 1613 1384 1636 2741 2725 2733 2399 2131
521 1599 1385 1652 2740 2712 2724 2361 2191
522 1607 1370 1691 2742 2722 2733 2288 2299
523 1602 1344 1697 2732 2716 2732 2222 2408
524 1623 1308 1634 2741 2716 2734 2214 2168
525 1683 1313 1599 2741 2713 2728 2281 1732
526 1702 1335 1584 2741 2726 2720 2345 1554
527 1666 1359 1573 2738 2718 2730 2301 1739
528 1615 1373 1607 2734 2722 2743 2281 2015
529 1567 1364 1655 2737 2719 2731 2322 2074
530 1536 1320 1671 2742 2720 2740 2349 2061
531 1514 1288 1660 2747 2717 2723 2381 2020
532 1515 1256 1644 2740 2733 2731 2393 2017
533 1518 1236 1621 2743 2718 2740 2359 2109
534 1521 1235 1614 2744 2729 2740 2270 2178
535 1535 1246 1596 2741 2724 2727 2205 2160
536 1563 1279 1600 2742 2721 2725 2251 2065
537 1574 1309 1621 2745 2709 2727 2343 2025
538 1572 1341 1639 2734 2714 2720 2374 2102
539 1568 1355 1647 2746 2715 2735 2351 2169
540 1568 1366 1661 2751 2693 2704 2334 2133
541 1588 1363 1664 2758 2721 2708 2342 2042
542 1598 1355 1647 2735 2729 2691 2340 2008
543 1608 1349 1634 2724 2721 2714 2338 2091
544 1616 1338 1621 2741 2716 2712 2330 2112
545 1619 1330 1614 2738 2714 2718 2309 2085
546 1618 1319 1621 2729 2713 2722 2289 2081
547 1609 1327 1626 2740 2710 2697 2316 2081
548 1613 1338 1623 2734 2725 2708 2358 2100
549 1608 1340 1627 2738 2703 2726 2337 2184
550 1590 1335 1644 2734 2693 2711 2327 2139
551 1598 1352 1648 2734 2696 2715 2324 2059
552 1588 1365 1634 2730 2703 2727 2306 2078
553 1578 1368 1642 2730 2697 2713 2342 2143
554 1574 1361 1631 2740 2693 2710 2346 2182
555 1566 1349 1621 2751 2688 2713 2329 2163
556 1577 1329 1631 2743 2712 2706 2318 2106
557 1577 1321 1646 2732 2685 2711 2307 2140
558 1556 1312 1645 2744 2698 2702 2325 2269
559 1541 1311 1636 2731 2704 2692 2290 2251
560 1548 1331 1618 2729 2694 2712 2294 2065
561 1549 1352 1602 2729 2698 2699 2298 1957
562 1546 1368 1614 2734 2680 2697 2296 1995
563 1527 1368 1640 2735 2698 2721 2293 2119
564 1511 1347 1653 2739 2699 2709 2299 2143
565 1514 1324 1663 2731 2699 2698 2325 2074
566 1530 1305 1656 2742 2690 2702 2358 2072
567 1526 1285 1650 2733 2688 2709 2366 2141
568 1523 1281 1632 2741 2686 2720 2352 2199
569 1529 1283 1630 2736 2693 2711 2344 2156
570 1539 1297 1623 2733 2696 2717 2307 2173
571 1531 1308 1620 2734 2700 2704 2306 2240
572 1551 1312 1625 2740 2699 2714 2313 2273
573 1555 1316 1605 2740 2685 2693 2335 2264
574 1569 1320 1614 2733 2691 2700 2361 2175
575 1577 1331 1618 2733 2701 2710 2351 2165
576 1574 1350 1626 2726 2677 2700 2322 2208
577 1572 1366 1632 2743 2698 2687 2299 2194
578 1568 1357 1636 2730 2693 2709 2301 2142
579 1583 1365 1633 2734 2689 2710 2311 2085
580 1580 1359 1629 2731 2681 2710 2299 2089
581 1577 1339 1626 2742 2694 2701 2294 2107
582 1583 1336 1625 2735 2697 2716 2288 2095
583 1577 1332 1625 2730 2681 2699 2301 2123
584 1575 1326 1625 2742 2698 2697 2310 2114
585 1573 1323 1618 2734 2689 2699 2316 2120
586 1562 1314 1626 2741 2687 2694 2320 2141
587 1560 1311 1629 2730 2679 2711 2322 2140
588 1562 1306 1620 2737 2695 2702 2327 2156
589 1552 1318 1623 2729 2702 2712 2319 2149
590 1559 1319 1626 2731 2688 2704 2317 2151
591 1547 1323 1626 2743 2694 2691 2305 2175
592 1555 1323 1622 2734 2692 2700 2302 2149
593 1553 1319 1619 2737 2693 2696 2305 2149
594 1542 1313 1614 2737 2695 2702 2296 2158
595 1543 1307 1618 2730 2700 2699 2296 2166
596 1543 1301 1617 2744 2698 2693 2289 2160
597 1548 1307 1619 2735 2700 2714 2292 2147
598 1551 1311 1626 2736 2690 2706 2299 2152
599 1556 1314 1622 2747 2695 2698 2319 2151
600 1572 1316 1624 2731 2691 2710 2314 2147
601 1560 1315 1619 2737 2687 2706 2311 2152
602 1569 1308 1616 2741 2699 2697 2300 2118
603 1567 1317 1614 2730 2695 2719 2294 2119
604 1569 1313 1617 2739 2711 2711 2294 2135
605 1569 1306 1618 2734 2704 2708 2285 2146
606 1553 1307 1621 2735 2697 2715 2302 2123
607 1565 1315 1613 2741 2696 2724 2321 2082
608 1552 1331 1613 2745 2702 2732 2324 2095
609 1558 1325 1619 2735 2711 2714 2301 2088
610 1552 1318 1625 2736 2706 2716 2292 2052
611 1547 1308 1613 2737 2704 2718 2284 2090
612 1536 1308 1608 2725 2695 2695 2271 2099
613 1528 1303 1615 2742 2713 2720 2295 2114
614 1535 1313 1614 2733 2705 2721 2295 2120
615 1527 1303 1603 2739 2715 2726 2264 2186
616 1528 1295 1605 2737 2709 2732 2250 2202
617 1535 1296 1605 2744 2702 2719 2253 2184
618 1536 1290 1610 2738 2715 2726 2253 2242
619 1533 1287 1613 2736 2718 2727 2245 2255
620 1532 1287 1616 2739 2712 2722 2253 2264
621 1530 1294 1619 2741 2710 2732 2253 2252
622 1531 1315 1628 2744 2721 2718 2274 2231
623 1541 1334 1626 2741 2714 2728 2271 2229
624 1547 1340 1622 2740 2713 2727 2264 2217
625 1554 1340 1609 2740 2713 2727 2245 2192
626 1561 1342 1611 2744 2716 2717 2242 2191
627 1564 1350 1611 2743 2712 2728 2249 2174
628 1565 1353 1617 2735 2714 2732 2252 2185
629 1574 1347 1616 2734 2720 2724 2237 2190
630 1568 1344 1616 2744 2717 2724 2226 2190
631 1556 1334 1615 2739 2700 2714 2220 2209
632 1562 1329 1620 2743 2715 2728 2232 2196
633 1557 1328 1616 2736 2711 2717 2233 2224
634 1562 1326 1613 2746 2714 2728 2237 2230
635 1560 1326 1614 2743 2721 2727 2227 2225
636 1563 1321 1614 2739 2712 2724 2235 2245
637 1556 1329 1619 2732 2714 2717 2241 2233
638 1570 1337 1621 2742 2720 2723 2255 2222
639 1566 1337 1617 2738 2715 2717 2247 2203
640 1568 1343 1615 2737 2715 2712 2237 2206
641 1571 1343 1619 2744 2721 2726 2239 2223
642 1559 1338 1621 2735 2710 2720 2238 2207
643 1560 1330 1613 2741 2711 2717 2243 2213
644 1558 1335 1613 2738 2716 2716 2222 2237
645 1555 1322 1611 2743 2707 2716 2218 2256
646 1557 1320 1608 2738 2704 2715 2220 2281
647 1553 1323 1613 2742 2709 2724 2227 2275
648 1552 1321 1606 2737 2699 2714 2221 2254
649 1553 1333 1619 2736 2710 2715 2224 2233
650 1547 1335 1627 2732 2704 2713 2225 2226
651 1563 1344 1628 2736 2702 2710 2231 2236
652 1558 1342 1625 2741 2702 2707 2234 2216
653 1568 1345 1620 2739 2699 2707 2231 2218
654 1548 1336 1601 2729 2696 2695 2225 2232
655 1557 1332 1613 2737 2710 2695 2217 2231
656 1553 1327 1611 2730 2693 2712 2211 2240
657 1553 1321 1605 2736 2683 2702 2214 2226
658 1549 1333 1623 2733 2697 2689 2215 2226
659 1566 1338 1618 2732 2690 2706 2232 2229
660 1563 1341 1628 2749 2725 2756 2221 2218
661 1562 1336 1622 2743 2734 2752 2225 2223
662 1553 1340 1631 2747 2724 2722 2224 2211
663 1550 1348 1621 2741 2707 2725 2233 2240
664 1550 1347 1618 2734 2725 2730 2254 2245
665 1560 1345 1618 2745 2723 2740 2241 2225
666 1558 1346 1609 2743 2716 2719 2225 2231
667 1552 1344 1612 2738 2718 2734 2223 2239
668 1551 1337 1625 2749 2727 2732 2233 2278
669 1552 1336 1623 2734 2726 2729 2229 2262
670 1557 1331 1608 2739 2715 2737 2227 2193
671 1565 1336 1612 2739 2719 2730 2230 2205
672 1560 1333 1617 2735 2718 2733 2216 2219
673 1565 1333 1619 2737 2717 2723 2231 2237
674 1567 1339 1617 2743 2719 2740 2244 2229
675 1561 1336 1620 2743 2726 2735 2256 2223
676 1552 1333 1620 2737 2719 2726 2240 2240
677 1548 1337 1619 2742 2727 2736 2229 2230
678 1554 1339 1615 2743 2729 2737 2231 2234
679 1553 1335 1610 2742 2713 2724 2227 2241
680 1555 1331 1612 2740 2717 2735 2226 2239
681 1551 1325 1611 2740 2726 2734 2216 2242
682 1557 1324 1614 2735 2721 2723 2225 2242
683 1552 1328 1616 2742 2720 2727 2226 2257
684 1551 1327 1605 2746 2726 2738 2224 2257
685 1554 1336 1621 2744 2717 2735 2225 2247
686 1545 1335 1613 2737 2719 2730 2210 2256
687 1556 1339 1608 2739 2720 2737 2218 2246
688 1554 1341 1606 2745 2723 2734 2216 2238
689 1563 1342 1609 2743 2725 2731 2229 2242
690 1565 1340 1619 2748 2723 2738 2221 2232
691 1565 1346 1615 2746 2726 2733 2228 2249
692 1568 1343 1623 2739 2722 2731 2225 2225
693 1562 1343 1613 2739 2721 2734 2232 2223
694 1566 1338 1616 2737 2718 2729 2235 2229
695 1558 1341 1617 2742 2723 2733 2223 2221
696 1566 1336 1617 2741 2723 2732 2228 2240
697 1562 1339 1615 2743 2729 2737 2228 2225
698 1558 1331 1620 2740 2724 2735 2234 2226
699 1556 1336 1615 2744 2723 2735 2229 2234
700 1557 1335 1617 2743 2729 2730 2229 2231
701 1558 1335 1616 2740 2716 2728 2226 2244
702 1553 1338 1613 2742 2722 2734 2228 2234
703 1559 1337 1615 2746 2726 2736 2232 2231
704 1554 1336 1620 2747 2718 2733 2227 2238
705 1551 1338 1608 2743 2722 2731 2229 2231
706 1557 1341 1617 2745 2721 2732 2227 2247
707 1558 1341 1613 2747 2719 2737 2228 2233
708 1555 1335 1620 2744 2716 2733 2233 2227
709 1556 1336 1622 2735 2716 2736 2228 2231
710 1557 1337 1617 2745 2723 2732 2230 2227
711 1562 1337 1621 2741 2726 2729 2230 2240
712 1557 1340 1615 2737 2721 2728 2232 2226
713 1561 1336 1619 2741 2719 2733 2233 2226
714 1553 1339 1617 2747 2722 2731 2230 2231
715 1566 1340 1622 2743 2721 2729 2231 2220
716 1557 1339 1615 2735 2726 2740 2233 2240
717 1555 1342 1616 2735 2726 2737 2233 2229
718 1555 1339 1620 2742 2722 2732 2227 2228
719 1555 1337 1617 2742 2722 2737 2228 2230
720 1558 1342 1617 2745 2725 2733 2230 2230
721 1560 1334 1609 2743 2727 2726 2235 2242
722 1556 1342 1618 2739 2724 2732 2232 2234
723 1563 1335 1622 2737 2729 2733 2232 2227
724 1561 1337 1617 2741 2718 2735 2230 2232
725 1556 1341 1622 2741 2718 2735 2232 2227
726 1559 1338 1615 2735 2721 2741 2237 2239
727 1564 1338 1621 2740 2724 2730 2232 2231
728 1559 1335 1613 2748 2730 2737 2231 2221
729 1563 1338 1621 2736 2721 2738 2234 2234
730 1563 1336 1623 2740 2721 2738 2232 2224
731 1553 1337 1616 2741 2723 2728 2236 2239
732 1563 1342 1618 2739 2725 2734 2230 2228
733 1566 1338 1621 2734 2722 2729 2235 2223
734 1569 1337 1620 2738 2719 2735 2231 2232
735 1555 1338 1617 2748 2718 2736 2237 2224
736 1564 1339 1615 2740 2715 2734 2231 2239
737 1562 1332 1620 2745 2720 2732 2233 2229
738 1561 1334 1618 2735 2722 2735 2232 2223
739 1560 1342 1620 2743 2724 2729 2235 2232
740 1556 1340 1609 2744 2723 2730 2239 2223
741 1561 1339 1614 2742 2724 2738 2234 2241
742 1560 1339 1616 2743 2721 2737 2235 2230
743 1561 1341 1616 2749 2723 2735 2233 2222
744 1564 1337 1618 2747 2720 2728 2236 2228
745 1565 1334 1619 2743 2714 2731 2240 2226
746 1564 1339 1620 2749 2725 2736 2232 2235
747 1562 1337 1615 2740 2721 2734 2236 2231
748 1559 1335 1619 2737 2726 2738 2232 2221
749 1559 1334 1615 2746 2725 2732 2239 2230
750 1557 1337 1615 2741 2727 2732 2230 2219
751 1549 1337 1607 2745 2716 2731 2235 2236
752 1559 1340 1617 2740 2722 2737 2231 2228
753 1555 1335 1612 2739 2718 2730 2236 2221
754 1561 1335 1617 2744 2722 2735 2237 2228
755 1555 1338 1613 2742 2720 2735 2233 2222
756 1557 1338 1618 2746 2721 2731 2232 2234
757 1553 1338 1613 2738 2723 2737 2236 2230
758 1560 1343 1619 2742 2726 2739 2237 2219
759 1553 1331 1610 2746 2721 2737 2237 2229
760 1555 1342 1616 2745 2722 2739 2233 2221
761 1552 1339 1617 2741 2723 2734 2237 2236
762 1554 1343 1618 2739 2717 2738 2233 2226
763 1551 1341 1611 2743 2717 2733 2239 2221
764 1561 1338 1616 2745 2718 2730 2230 2226
765 1559 1340 1617 2742 2726 2731 2234 2220
766 1556 1341 1611 2743 2725 2736 2229 2230
767 1558 1340 1616 2741 2719 2732 2235 2228
768 1557 1333 1614 2739 2725 2731 2236 2217
769 1560 1339 1613 2744 2726 2727 2234 2229
770 1565 1338 1617 2737 2726 2737 2233 2220
771 1567 1333 1614 2741 2725 2734 2235 2234
772 1568 1340 1613 2743 2722 2741 2236 2225
773 1560 1342 1608 2749 2726 2733 2234 2219
774 1560 1341 1617 2740 2726 2737 2236 2227
775 1557 1337 1613 2745 2716 2731 2232 2219
776 1555 1342 1611 2746 2719 2733 2235 2234
777 1554 1339 1608 2741 2722 2734 2238 2226
778 1557 1337 1617 2744 2723 2733 2233 2218
779 1552 1334 1618 2745 2725 2733 2238 2226
780 1553 1341 1608 2748 2721 2737 2235 2220
781 1555 1339 1616 2739 2722 2727 2241 2234
782 1555 1335 1609 2747 2724 2737 2236 2230
783 1557 1329 1617 2744 2724 2733 2237 2220
784 1557 1341 1617 2742 2727 2731 2236 2226
785 1555 1338 1610 2745 2725 2728 2235 2219
786 1561 1342 1618 2741 2721 2740 2240 2232
787 1556 1342 1621 2739 2718 2733 2235 2229
788 1558 1332 1619 2748 2725 2730 2238 2218
789 1556 1337 1616 2741 2721 2738 2236 2228
790 1560 1339 1621 2742 2721 2738 2237 2220
791 1556 1341 1619 2745 2724 2738 2242 2231
792 1555 1334 1613 2746 2718 2733 2232 2230
793 1553 1343 1620 2746 2721 2735 2238 2219
794 1557 1340 1620 2735 2727 2728 2234 2226
795 1554 1338 1620 2749 2729 2733 2239 2218
796 1553 1339 1622 2739 2720 2728 2237 2230
797 1558 1342 1611 2737 2721 2731 2233 2226
798 1551 1335 1616 2742 2721 2737 2236 2215
799 1554 1339 1620 2735 2717 2734 2236 2224
800 1566 1339 1620 2741 2725 2732 2242 2219
801 1561 1330 1612 2744 2723 2731 2233 2226
802 1563 1338 1610 2737 2722 2732 2236 2229
803 1559 1340 1614 2740 2718 2736 2235 2214
804 1558 1334 1616 2747 2725 2733 2233 2220
805 1558 1340 1620 2743 2719 2732 2238 2221
806 1552 1336 1617 2742 2719 2729 2232 2227
807 1559 1338 1617 2745 2723 2738 2239 2232
808 1565 1335 1615 2738 2729 2737 2235 2214
809 1553 1337 1613 2734 2723 2733 2242 2227
810 1552 1338 1618 2735 2721 2734 2233 2216
811 1547 1343 1620 2742 2724 2738 2237 2231
812 1553 1338 1612 2740 2718 2733 2236 2230
813 1565 1341 1620 2744 2722 2734 2239 2217
814 1559 1335 1613 2745 2729 2734 2240 2224
815 1558 1341 1613 2743 2729 2732 2235 2221
816 1555 1338 1614 2749 2722 2734 2236 2229
817 1554 1342 1617 2744 2723 2736 2235 2229
818 1561 1340 1614 2748 2721 2739 2237 2212
819 1562 1336 1614 2736 2725 2743 2240 2227
820 1555 1342 1616 2740 2728 2735 2235 2218
821 1550 1334 1615 2743 2720 2731 2238 2229
822 1554 1343 1615 2743 2716 2740 2237 2231
823 1559 1338 1615 2743 2721 2730 2243 2216
824 1563 1341 1616 2736 2718 2730 2236 2224
825 1560 1333 1616 2747 2726 2730 2235 2219
826 1555 1333 1609 2739 2723 2732 2236 2229
827 1559 1339 1613 2742 2729 2730 2237 2229
828 1559 1338 1614 2740 2725 2741 2241 2214
829 1560 1332 1611 2743 2721 2736 2233 2222
830 1554 1337 1617 2740 2727 2731 2239 2219
831 1554 1336 1615 2733 2718 2735 2233 2224
832 1549 1340 1615 2744 2727 2734 2240 2230
833 1557 1340 1615 2743 2725 2737 2234 2211
834 1558 1339 1613 2746 2722 2739 2235 2225
835 1556 1341 1618 2741 2717 2734 2240 2219
836 1552 1335 1611 2737 2723 2733 2235 2225
837 1556 1339 1612 2744 2719 2733 2242 2234
838 1564 1340 1615 2737 2727 2738 2233 2213
839 1562 1339 1616 2741 2727 2732 2239 2225
840 1556 1341 1609 2744 2717 2734 2232 2217
841 1562 1341 1611 2742 2721 2737 2241 2227
842 1563 1332 1612 2734 2720 2730 2235 2228
843 1566 1332 1617 2742 2728 2739 2235 2215
844 1560 1338 1603 2747 2725 2735 2234 2223
845 1559 1337 1609 2737 2715 2731 2238 2218
846 1556 1338 1617 2733 2732 2739 2245 2224
847 1553 1339 1611 2748 2728 2734 2235 2230
848 1549 1339 1615 2746 2723 2736 2238 2216
849 1562 1340 1612 2743 2723 2736 2236 2223
850 1559 1331 1620 2745 2719 2729 2240 2218
851 1558 1330 1607 2745 2727 2737 2240 2228
852 1561 1339 1618 2741 2727 2726 2231 2230
853 1566 1344 1613 2741 2730 2742 2237 2216
854 1554 1333 1616 2743 2726 2742 2239 2226
855 1565 1341 1619 2742 2722 2736 2240 2218
856 1557 1338 1615 2744 2728 2735 2239 2226
857 1556 1341 1619 2735 2723 2733 2236 2230
858 1554 1342 1620 2747 2723 2737 2239 2218
859 1555 1340 1611 2745 2717 2726 2234 2221
860 1554 1341 1612 2744 2726 2728 2244 2218
861 1557 1336 1617 2742 2724 2740 2234 2224
862 1564 1337 1607 2746 2718 2730 2239 2232
863 1567 1336 1620 2746 2725 2736 2235 2214
864 1562 1339 1616 2736 2727 2736 2242 2225
865 1564 1340 1616 2740 2725 2729 2239 2216
866 1554 1337 1616 2743 2722 2733 2235 2227
867 1563 1333 1620 2738 2721 2738 2237 2229
868 1562 1340 1613 2745 2728 2736 2236 2215
869 1557 1339 1615 2745 2719 2731 2240 2221
870 1554 1339 1615 2744 2721 2740 2236 2220
871 1558 1341 1614 2738 2723 2733 2237 2221
872 1559 1333 1609 2738 2725 2735 2236 2232
873 1559 1339 1615 2746 2724 2733 2239 2215
874 1556 1341 1608 2744 2726 2729 2240 2221
875 1559 1338 1610 2745 2724 2740 2237 2221
876 1557 1333 1620 2746 2729 2733 2235 2222
877 1559 1338 1617 2743 2722 2738 2237 2234
878 1552 1337 1617 2751 2717 2742 2239 2215
879 1554 1337 1615 2740 2720 2733 2238 2223
880 1555 1340 1617 2747 2723 2734 2236 2217
881 1556 1340 1612 2753 2724 2731 2236 2223
882 1555 1341 1617 2741 2720 2726 2237 2233
883 1553 1340 1617 2741 2723 2726 2241 2215
884 1557 1339 1618 2739 2724 2737 2236 2224
885 1558 1337 1619 2745 2725 2733 2237 2218
886 1564 1341 1617 2740 2724 2741 2239 2225
887 1562 1333 1615 2743 2719 2733 2237 2232
888 1559 1337 1616 2745 2721 2734 2241 2216
889 1559 1342 1610 2746 2726 2740 2233 2222
890 1558 1342 1619 2750 2721 2737 2242 2220
891 1555 1340 1612 2748 2719 2737 2233 2221
892 1556 1341 1616 2740 2725 2732 2241 2233
893 1560 1335 1618 2741 2728 2742 2235 2213
894 1558 1333 1612 2740 2721 2734 2237 2222
895 1551 1340 1608 2742 2723 2733 2239 2219
896 1556 1340 1611 2736 2721 2729 2234 2221
897 1551 1339 1612 2735 2722 2734 2243 2233
898 1559 1337 1612 2742 2707 2733 2234 2213
899 1555 1339 1608 2739 2725 2729 2238 2220
900 1553 1342 1608 2741 2725 2730 2234 2215
901 1556 1334 1617 2742 2727 2738 2240 2222
902 1555 1334 1615 2748 2725 2739 2241 2233
903 1548 1337 1614 2738 2718 2737 2235 2216
904 1568 1335 1605 2732 2724 2733 2236 2217
905 1561 1335 1617 2741 2724 2732 2238 2220
906 1562 1340 1619 2739 2719 2735 2239 2216
907 1564 1333 1608 2742 2726 2728 2236 2233
908 1564 1338 1607 2743 2725 2733 2237 2215
909 1555 1337 1611 2740 2723 2726 2237 2220
910 1555 1339 1610 2744 2721 2732 2239 2221
911 1556 1336 1613 2742 2728 2736 2240 2221
912 1555 1339 1607 2740 2722 2732 2234 2232
913 1558 1339 1612 2747 2724 2737 2237 2215
914 1558 1338 1618 2745 2724 2727 2234 2218
915 1555 1336 1618 2739 2723 2735 2242 2221
916 1549 1331 1618 2744 2723 2728 2239 2221
917 1556 1340 1616 2735 2716 2727 2236 2231
918 1556 1338 1615 2746 2718 2733 2237 2216
919 1558 1341 1613 2738 2717 2736 2238 2221
920 1553 1337 1615 2743 2728 2736 2242 2219
921 1554 1342 1615 2742 2724 2739 2236 2221
922 1559 1338 1613 2740 2720 2734 2234 2229
923 1553 1338 1616 2735 2730 2735 2235 2217
924 1562 1344 1623 2737 2721 2736 2239 2220
925 1555 1339 1611 2742 2723 2736 2241 2220
926 1561 1335 1619 2744 2722 2730 2233 2219
927 1558 1340 1618 2740 2722 2739 2238 2236
928 1556 1341 1612 2746 2722 2737 2235 2213
929 1555 1339 1611 2735 2724 2731 2242 2220
930 1559 1341 1615 2742 2718 2735 2238 2217
931 1553 1338 1615 2745 2723 2731 2235 2220
932 1561 1335 1613 2738 2727 2735 2237 2229
933 1565 1340 1615 2746 2728 2729 2237 2216
934 1561 1336 1620 2743 2721 2739 2243 2219
935 1556 1338 1618 2732 2726 2725 2232 2218
936 1559 1339 1615 2740 2721 2736 2238 2220
937 1557 1341 1616 2746 2719 2732 2233 2229
938 1554 1337 1620 2735 2725 2734 2240 2216
939 1552 1341 1619 2744 2722 2737 2235 2215
940 1546 1342 1611 2734 2726 2731 2236 2221
941 1552 1339 1615 2738 2724 2737 2238 2217
942 1561 1340 1618 2738 2726 2730 2236 2232
943 1560 1342 1620 2741 2725 2733 2242 2217
944 1556 1341 1616 2741 2726 2727 2234 2219
945 1559 1334 1618 2743 2727 2740 2238 2221
946 1556 1338 1615 2741 2721 2729 2235 2220
947 1558 1339 1622 2743 2722 2738 2239 2229
948 1559 1340 1614 2742 2721 2731 2240 2218
949 1560 1340 1613 2736 2721 2732 2233 2219
950 1560 1338 1619 2735 2723 2738 2238 2221
951 1559 1338 1616 2743 2721 2735 2234 2216
952 1553 1338 1616 2739 2730 2736 2241 2233
953 1560 1337 1614 2738 2724 2735 2234 2215
954 1570 1338 1617 2743 2716 2732 2237 2218
955 1567 1339 1615 2739 2723 2734 2234 2220
956 1567 1342 1617 2736 2728 2732 2238 2222
957 1562 1335 1608 2743 2726 2729 2238 2230
958 1552 1337 1614 2746 2721 2735 2236 2219
959 1559 1337 1617 2734 2716 2735 2234 2217
960 1556 1337 1613 2738 2725 2729 2236 2221
961 1562 1342 1609 2738 2728 2741 2241 2217
962 1561 1330 1609 2741 2723 2736 2239 2231
963 1563 1336 1617 2737 2721 2731 2235 2219
964 1564 1333 1609 2741 2723 2731 2236 2216
965 1558 1339 1613 2736 2727 2739 2237 2222
966 1567 1336 1613 2742 2721 2735 2241 2217
967 1564 1341 1616 2744 2719 2733 2238 2234
968 1567 1333 1615 2739 2727 2735 2237 2216
969 1566 1334 1619 2744 2721 2735 2240 2218
970 1563 1338 1609 2741 2723 2733 2238 2220
971 1561 1335 1620 2742 2723 2735 2243 2220
972 1564 1335 1617 2740 2721 2732 2234 2231
973 1559 1342 1615 2745 2726 2735 2240 2219
974 1562 1339 1615 2749 2722 2731 2232 2214
975 1559 1335 1614 2742 2716 2735 2243 2223
976 1561 1335 1615 2744 2724 2731 2234 2214
977 1556 1338 1615 2743 2719 2727 2237 2234
978 1564 1339 1611 2738 2721 2738 2234 2213
979 1554 1338 1617 2746 2728 2730 2237 2218
980 1554 1340 1604 2738 2723 2736 2245 2223
981 1554 1339 1618 2740 2721 2741 2234 2217
982 1553 1339 1616 2735 2725 2734 2240 2235
983 1562 1338 1612 2734 2725 2740 2236 2218
984 1554 1338 1619 2740 2721 2735 2241 2217
985 1552 1338 1617 2740 2729 2733 2238 2220
986 1549 1339 1613 2740 2723 2733 2234 2218
987 1554 1340 1616 2742 2719 2729 2237 2232
988 1552 1339 1616 2735 2724 2737 2238 2220
989 1555 1341 1607 2745 2724 2735 2238 2216
990 1557 1342 1615 2740 2722 2732 2237 2225
991 1565 1342 1617 2745 2720 2731 2234 2218
992 1555 1335 1618 2745 2727 2728 2238 2235
993 1560 1342 1619 2741 2722 2733 2235 2216
994 1558 1341 1615 2744 2723 2732 2242 2219
995 1564 1336 1620 2736 2722 2736 2234 2223
996 1557 1344 1616 2743 2718 2736 2239 2220
997 1559 1335 1616 2737 2724 2741 2236 2231
998 1564 1337 1609 2746 2731 2735 2240 2220
999 1564 1339 1615 2734 2721 2732 2238 2215
1000 1561 1342 1615 2742 2725 2735 2235 2225
1001 1562 1330 1605 2744 2726 2732 2237 2217
1002 1561 1338 1619 2743 2723 2731 2235 2229
1003 1552 1341 1607 2741 2722 2730 2242 2219
1004 1562 1336 1617 2746 2721 2735 2239 2218
1005 1560 1329 1616 2735 2722 2730 2237 2221
1006 1559 1338 1617 2738 2716 2730 2238 2217
1007 1566 1339 1619 2747 2717 2731 2236 2233
1008 1563 1336 1613 2745 2726 2730 2241 2219
1009 1561 1339 1618 2741 2719 2733 2234 2213
1010 1558 1333 1613 2737 2724 2738 2239 2224
1011 1555 1338 1619 2739 2721 2730 2234 2215
1012 1558 1339 1605 2741 2715 2734 2241 2233
1013 1560 1330 1619 2735 2728 2727 2238 2218
1014 1560 1339 1618 2745 2717 2735 2236 2216
1015 1559 1337 1616 2743 2721 2738 2242 2224
1016 1557 1338 1617 2748 2725 2735 2237 2217
1017 1562 1339 1618 2737 2727 2734 2243 2231
1018 1565 1336 1611 2741 2722 2743 2233 2218
1019 1559 1336 1619 2746 2719 2738 2234 2191
1020 1553 1338 1621 2712 2697 2723 2207 2203
1021 1545 1339 1617 2741 2710 2730 2210 2185
1022 1553 1334 1613 2738 2706 2712 2216 2208
1023 1561 1343 1612 2743 2714 2731 2217 2188
