0 1564 1334 1621 2735 2717 2731 2236 2221
1 1558 1342 1609 2743 2727 2734 2241 2217
2 1553 1337 1616 2739 2724 2728 2232 2224
3 1554 1337 1614 2743 2726 2731 2235 2228
4 1555 1338 1613 2738 2716 2734 2233 2211
5 1554 1335 1611 2737 2715 2727 2239 2223
6 1547 1338 1614 2743 2720 2735 2236 2215
7 1555 1340 1621 2744 2727 2739 2233 2225
8 1559 1335 1615 2739 2724 2736 2237 2228
9 1548 1338 1619 2743 2719 2730 2233 2210
10 1555 1340 1616 2735 2719 2741 2240 2221
11 1553 1340 1610 2739 2721 2729 2235 2216
12 1550 1333 1621 2735 2717 2733 2235 2226
13 1556 1341 1618 2737 2720 2728 2234 2228
14 1558 1340 1617 2742 2718 2734 2233 2212
15 1549 1340 1616 2743 2722 2732 2241 2220
16 1559 1332 1609 2743 2721 2729 2236 2218
17 1561 1335 1618 2739 2725 2733 2234 2225
18 1559 1336 1617 2737 2724 2736 2237 2228
19 1553 1338 1604 2744 2721 2736 2238 2209
20 1552 1338 1616 2739 2724 2736 2233 2221
21 1556 1335 1618 2744 2724 2733 2234 2219
22 1559 1337 1612 2744 2719 2738 2231 2224
23 1560 1341 1613 2744 2724 2731 2235 2228
24 1558 1333 1620 2736 2721 2731 2240 2214
25 1561 1340 1617 2747 2727 2732 2232 2222
26 1555 1339 1619 2738 2724 2736 2232 2214
27 1566 1339 1615 2746 2730 2730 2234 2226
28 1562 1341 1616 2740 2723 2731 2238 2227
29 1555 1342 1615 2748 2719 2734 2236 2210
30 1558 1332 1617 2745 2726 2740 2234 2223
31 1557 1342 1615 2739 2714 2733 2236 2218
32 1557 1339 1616 2746 2723 2730 2233 2223
33 1550 1338 1617 2737 2715 2737 2242 2227
34 1554 1337 1608 2742 2719 2733 2236 2211
35 1556 1332 1616 2747 2723 2731 2235 2222
36 1556 1335 1618 2740 2719 2734 2237 2218
37 1559 1342 1615 2749 2725 2735 2234 2225
38 1558 1339 1614 2746 2717 2742 2239 2228
39 1561 1338 1610 2738 2723 2740 2233 2216
40 1557 1340 1618 2743 2723 2728 2234 2222
41 1562 1340 1616 2740 2712 2735 2235 2215
42 1549 1341 1613 2745 2726 2732 2237 2223
43 1558 1337 1617 2742 2722 2733 2236 2226
44 1547 1342 1621 2744 2727 2735 2235 2215
45 1558 1331 1607 2743 2721 2732 2234 2220
46 1553 1340 1617 2745 2721 2726 2234 2216
47 1558 1337 1618 2750 2716 2725 2239 2225
48 1557 1340 1620 2745 2724 2741 2233 2226
49 1557 1337 1621 2744 2721 2729 2237 2215
50 1558 1334 1614 2744 2726 2736 2235 2222
51 1555 1339 1614 2742 2722 2728 2237 2216
52 1547 1336 1615 2739 2719 2731 2236 2225
53 1555 1338 1616 2747 2725 2732 2233 2225
54 1553 1340 1621 2743 2726 2736 2239 2214
55 1558 1338 1613 2739 2718 2736 2234 2221
56 1550 1341 1612 2737 2718 2726 2240 2216
57 1555 1333 1618 2740 2721 2733 2233 2227
58 1563 1339 1619 2745 2723 2734 2234 2225
59 1553 1337 1611 2745 2726 2735 2237 2213
60 1559 1337 1612 2737 2726 2729 2237 2222
61 1559 1342 1616 2744 2724 2735 2242 2215
62 1556 1340 1618 2742 2719 2733 2230 2226
63 1555 1342 1622 2739 2721 2735 2237 2223
64 1560 1334 1615 2749 2719 2734 2233 2212
65 1557 1339 1622 2746 2723 2729 2237 2220
66 1558 1337 1619 2749 2725 2732 2238 2217
67 1554 1333 1615 2739 2721 2731 2227 2225
68 1555 1342 1619 2741 2716 2737 2236 2224
69 1561 1335 1617 2741 2720 2731 2236 2215
70 1549 1338 1616 2743 2720 2729 2240 2222
71 1555 1339 1619 2740 2728 2738 2234 2216
72 1551 1344 1618 2749 2716 2736 2234 2226
73 1558 1340 1620 2740 2728 2730 2235 2223
74 1555 1334 1619 2743 2720 2728 2235 2216
75 1558 1340 1614 2745 2723 2735 2239 2222
76 1547 1340 1616 2739 2722 2736 2232 2214
77 1553 1339 1610 2740 2724 2732 2237 2230
78 1560 1342 1618 2744 2717 2738 2231 2221
79 1561 1335 1619 2741 2718 2733 2239 2215
80 1556 1338 1618 2741 2722 2735 2236 2225
81 1555 1334 1613 2741 2718 2737 2233 2218
82 1559 1339 1615 2741 2725 2733 2237 2229
83 1559 1337 1620 2743 2715 2737 2235 2222
84 1561 1342 1617 2735 2721 2735 2241 2215
85 1560 1341 1617 2748 2722 2730 2233 2220
86 1557 1339 1618 2748 2725 2732 2236 2214
87 1554 1343 1616 2741 2721 2730 2235 2230
88 1556 1339 1620 2739 2720 2733 2236 2222
89 1560 1338 1618 2745 2724 2728 2239 2215
90 1554 1336 1614 2742 2723 2730 2234 2219
91 1561 1335 1620 2743 2721 2735 2236 2216
92 1560 1338 1615 2740 2724 2732 2236 2230
93 1553 1338 1620 2744 2717 2736 2240 2221
94 1561 1339 1619 2745 2722 2735 2234 2217
95 1560 1338 1616 2738 2728 2729 2233 2221
96 1553 1334 1615 2739 2725 2727 2237 2217
97 1556 1330 1616 2742 2722 2731 2233 2227
98 1554 1334 1617 2742 2722 2736 2238 2222
99 1561 1337 1616 2744 2721 2733 2232 2217
100 1558 1339 1618 2739 2723 2739 2233 2222
101 1556 1337 1613 2736 2724 2732 2234 2216
102 1555 1339 1617 2744 2720 2735 2240 2232
103 1553 1339 1614 2739 2722 2731 2238 2222
104 1551 1340 1618 2740 2728 2735 2233 2215
105 1556 1343 1617 2751 2722 2732 2237 2220
106 1547 1340 1618 2743 2729 2735 2233 2217
107 1557 1331 1619 2747 2726 2733 2241 2233
108 1555 1338 1607 2746 2721 2737 2231 2218
109 1553 1339 1618 2742 2724 2729 2234 2214
110 1552 1340 1618 2741 2725 2732 2235 2224
111 1553 1330 1616 2749 2713 2737 2238 2214
112 1552 1337 1612 2743 2730 2735 2238 2231
113 1553 1339 1612 2742 2725 2738 2233 2222
114 1555 1338 1614 2742 2729 2733 2236 2214
115 1553 1338 1612 2738 2719 2739 2234 2223
116 1556 1337 1620 2748 2727 2739 2241 2217
117 1550 1338 1615 2749 2722 2738 2232 2229
118 1553 1336 1617 2743 2721 2738 2234 2220
119 1558 1340 1620 2745 2732 2737 2236 2215
120 1555 1339 1617 2739 2725 2742 2234 2222
121 1557 1336 1616 2741 2720 2749 2240 2218
122 1555 1337 1617 2745 2715 2740 2231 2230
123 1550 1340 1617 2744 2723 2738 2235 2220
124 1550 1335 1616 2744 2725 2748 2237 2217
125 1556 1336 1614 2741 2721 2748 2236 2222
126 1553 1338 1616 2742 2727 2745 2236 2218
127 1560 1335 1619 2750 2731 2750 2231 2229
128 1556 1340 1616 2742 2728 2753 2234 2219
129 1561 1336 1620 2745 2725 2751 2235 2217
130 1563 1330 1617 2739 2726 2748 2239 2223
131 1557 1340 1617 2738 2730 2753 2233 2219
132 1553 1334 1620 2739 2721 2756 2233 2228
133 1557 1339 1617 2745 2729 2762 2232 2219
134 1556 1340 1615 2740 2724 2767 2237 2215
135 1550 1330 1619 2733 2724 2764 2237 2218
136 1555 1340 1621 2743 2726 2776 2233 2216
137 1556 1341 1618 2738 2721 2770 2238 2232
138 1557 1340 1622 2737 2730 2785 2232 2219
139 1548 1334 1619 2741 2733 2794 2240 2216
140 1552 1335 1621 2741 2728 2799 2235 2219
141 1562 1337 1621 2736 2725 2824 2234 2216
142 1561 1339 1619 2736 2729 2845 2230 2228
143 1558 1339 1615 2734 2723 2860 2232 2218
144 1558 1337 1618 2750 2754 2898 2237 2218
145 1552 1336 1619 2747 2760 2932 2228 2219
146 1551 1338 1615 2747 2751 2958 2233 2219
147 1551 1338 1613 2745 2774 2987 2230 2238
148 1550 1339 1619 2740 2779 3023 2231 2222
149 1549 1340 1616 2766 2760 3053 2236 2216
150 1554 1343 1622 2756 2779 3078 2230 2219
151 1554 1344 1622 2749 2792 3095 2236 2220
152 1554 1335 1623 2749 2801 3131 2228 2233
153 1553 1335 1617 2758 2826 3136 2233 2219
154 1548 1335 1606 2756 2814 3137 2230 2227
155 1552 1343 1612 2774 2777 3126 2235 2228
156 1555 1337 1613 2762 2807 3171 2233 2232
157 1554 1341 1613 2743 2809 3186 2229 2245
158 1561 1336 1614 2737 2800 3186 2218 2221
159 1553 1340 1607 2777 2786 3192 2219 2215
160 1567 1336 1616 2742 2800 3185 2229 2218
161 1557 1336 1621 2752 2793 3217 2229 2208
162 1564 1333 1619 2775 2815 3198 2232 2213
163 1560 1326 1613 2754 2844 3242 2225 2188
164 1563 1336 1616 2745 2825 3206 2235 2200
165 1566 1333 1609 2732 2862 3236 2235 2212
166 1565 1328 1609 2709 2822 3216 2226 2204
167 1562 1331 1609 2738 2802 3198 2225 2225
168 1561 1329 1610 2771 2823 3226 2216 2218
169 1554 1329 1613 2734 2801 3218 2222 2221
170 1550 1329 1618 2745 2820 3223 2225 2225
171 1556 1328 1611 2726 2813 3188 2226 2216
172 1554 1338 1623 2716 2815 3213 2229 2227
173 1562 1343 1617 2741 2817 3216 2225 2203
174 1561 1335 1616 2778 2803 3191 2231 2202
175 1554 1344 1615 2779 2808 3198 2226 2220
176 1554 1340 1600 2719 2830 3202 2235 2246
177 1554 1338 1600 2732 2803 3183 2198 2219
178 1562 1333 1612 2727 2813 3162 2175 2126
179 1560 1327 1616 2728 2850 3182 2190 2125
180 1556 1332 1624 2752 2785 3145 2233 2160
181 1552 1331 1625 2751 2823 3162 2248 2168
182 1543 1330 1625 2734 2810 3138 2232 2185
183 1542 1328 1622 2760 2802 3129 2226 2185
184 1540 1332 1612 2746 2817 3126 2236 2222
185 1537 1329 1613 2762 2769 3114 2250 2249
186 1549 1332 1618 2767 2776 3114 2245 2254
187 1549 1344 1611 2753 2791 3085 2229 2306
188 1551 1341 1610 2725 2807 3104 2209 2261
189 1560 1356 1613 2752 2797 3098 2204 2240
190 1560 1347 1628 2760 2770 3071 2218 2250
191 1566 1350 1628 2755 2807 3081 2237 2248
192 1575 1343 1620 2775 2752 3072 2242 2232
193 1581 1349 1619 2727 2777 3072 2233 2192
194 1573 1348 1613 2769 2766 3058 2226 2191
195 1570 1345 1604 2776 2810 3044 2227 2191
196 1567 1338 1615 2747 2787 3037 2235 2202
197 1563 1335 1620 2735 2788 3043 2239 2221
198 1557 1329 1612 2741 2773 3026 2237 2216
199 1560 1328 1617 2753 2747 3005 2232 2223
200 1554 1320 1618 2748 2753 3023 2223 2237
201 1558 1327 1614 2748 2764 3030 2229 2243
202 1556 1337 1619 2772 2749 3017 2233 2261
203 1555 1335 1616 2769 2775 3024 2236 2249
204 1549 1331 1615 2757 2780 3023 2234 2246
205 1550 1342 1620 2719 2781 3000 2226 2248
206 1553 1343 1623 2734 2793 3008 2227 2237
207 1558 1343 1621 2745 2776 2989 2237 2248
208 1559 1342 1616 2741 2787 2990 2241 2225
209 1558 1342 1624 2753 2769 2975 2230 2217
210 1554 1344 1624 2759 2766 2983 2229 2215
211 1551 1341 1619 2741 2789 2993 2233 2215
212 1546 1334 1616 2768 2767 2980 2239 2236
213 1550 1335 1621 2761 2786 2981 2243 2216
214 1553 1340 1618 2780 2773 2965 2234 2217
215 1550 1340 1621 2749 2730 2954 2239 2233
216 1552 1335 1621 2743 2751 2942 2234 2230
217 1553 1323 1616 2717 2785 2971 2229 2241
218 1555 1332 1612 2733 2770 2958 2237 2228
219 1553 1342 1620 2733 2765 2948 2237 2240
220 1552 1342 1623 2753 2755 2949 2240 2243
221 1558 1339 1625 2733 2747 2949 2232 2236
222 1555 1334 1617 2751 2758 2944 2232 2245
223 1559 1334 1613 2728 2778 2945 2237 2240
224 1551 1334 1611 2757 2785 2939 2241 2244
225 1552 1332 1615 2753 2756 2937 2239 2241
226 1558 1339 1615 2747 2755 2953 2240 2234
227 1560 1339 1617 2751 2755 2948 2241 2242
228 1561 1345 1612 2734 2765 2939 2241 2219
229 1569 1341 1618 2736 2769 2947 2242 2213
230 1561 1346 1612 2755 2766 2943 2244 2205
231 1572 1348 1622 2743 2766 2947 2247 2201
232 1561 1345 1621 2748 2758 2939 2248 2208
233 1569 1350 1614 2766 2741 2936 2238 2190
234 1572 1341 1617 2750 2754 2933 2244 2196
235 1565 1335 1617 2741 2766 2945 2246 2204
236 1563 1336 1609 2727 2762 2947 2245 2211
237 1562 1338 1615 2756 2763 2943 2238 2219
238 1568 1340 1615 2756 2760 2941 2236 2188
239 1565 1341 1615 2745 2746 2944 2239 2192
240 1562 1343 1623 2743 2761 2931 2245 2193
241 1559 1337 1613 2737 2751 2940 2251 2200
242 1551 1335 1613 2743 2746 2925 2239 2209
243 1552 1330 1615 2750 2774 2940 2235 2196
244 1551 1326 1613 2744 2752 2949 2230 2206
245 1552 1326 1611 2752 2745 2936 2232 2213
246 1550 1315 1615 2755 2759 2943 2223 2231
247 1550 1319 1612 2739 2747 2944 2216 2244
248 1544 1312 1617 2746 2761 2958 2217 2231
249 1539 1320 1612 2761 2754 2918 2216 2238
250 1548 1321 1621 2748 2754 2956 2232 2245
251 1535 1329 1611 2740 2745 2943 2227 2244
252 1545 1331 1611 2743 2761 2941 2229 2252
253 1540 1331 1622 2737 2774 2932 2222 2235
254 1549 1330 1617 2744 2742 2937 2221 2238
255 1546 1332 1615 2753 2750 2931 2224 2244
256 1554 1332 1619 2754 2748 2937 2218 2242
257 1550 1335 1620 2739 2751 2947 2224 2252
258 1558 1332 1621 2747 2766 2936 2222 2234
259 1558 1343 1616 2751 2772 2961 2227 2237
260 1559 1342 1606 2737 2751 2948 2222 2244
261 1553 1333 1609 2745 2756 2946 2200 2241
262 1555 1335 1614 2728 2761 2951 2203 2239
263 1550 1333 1616 2745 2747 2928 2211 2234
264 1548 1339 1624 2723 2763 2946 2238 2258
265 1560 1343 1620 2725 2794 2963 2231 2242
266 1565 1339 1627 2748 2758 2955 2223 2224
267 1565 1345 1612 2758 2765 2966 2216 2221
268 1559 1343 1619 2758 2746 2962 2230 2219
269 1550 1333 1622 2742 2777 2965 2217 2237
270 1559 1333 1618 2733 2760 2972 2204 2218
271 1557 1327 1615 2751 2764 2969 2209 2229
272 1556 1320 1619 2767 2753 2984 2214 2248
273 1555 1328 1619 2758 2738 2974 2220 2227
274 1560 1329 1618 2737 2761 2987 2213 2227
275 1549 1333 1620 2747 2785 2977 2216 2221
276 1553 1326 1614 2721 2768 2986 2217 2241
277 1554 1336 1614 2743 2748 2995 2209 2233
278 1555 1331 1618 2738 2777 2998 2209 2194
279 1550 1331 1622 2751 2792 3009 2212 2222
280 1556 1336 1620 2741 2766 2988 2220 2239
281 1558 1333 1622 2742 2757 2983 2221 2232
282 1554 1337 1618 2749 2751 2989 2216 2230
283 1553 1334 1619 2749 2787 3023 2211 2225
284 1551 1335 1620 2750 2762 3008 2217 2237
285 1553 1333 1620 2730 2821 3006 2216 2233
286 1549 1333 1611 2702 2780 3008 2220 2243
287 1552 1333 1619 2733 2768 3011 2221 2244
288 1546 1346 1619 2758 2773 3028 2224 2249
289 1551 1335 1618 2745 2775 3034 2214 2279
290 1565 1337 1618 2743 2776 3034 2203 2241
291 1565 1326 1606 2730 2780 3025 2201 2204
292 1567 1324 1621 2736 2794 3036 2205 2218
293 1564 1317 1618 2727 2783 3029 2217 2238
294 1573 1323 1623 2757 2772 3046 2211 2223
295 1565 1330 1614 2746 2790 3038 2209 2201
296 1556 1333 1623 2751 2764 3026 2220 2212
297 1551 1337 1626 2742 2777 3041 2220 2240
298 1556 1331 1620 2743 2779 3053 2225 2221
299 1550 1329 1614 2755 2760 3049 2217 2236
300 1553 1330 1621 2759 2810 3070 2221 2247
301 1546 1329 1622 2748 2785 3052 2215 2259
302 1553 1334 1618 2755 2771 3057 2210 2271
303 1557 1332 1617 2749 2762 3032 2212 2249
304 1558 1328 1620 2741 2772 3060 2210 2256
305 1558 1338 1619 2752 2754 3061 2216 2254
306 1558 1342 1615 2737 2775 3067 2211 2262
307 1554 1341 1626 2742 2802 3080 2212 2261
308 1562 1340 1619 2711 2813 3081 2214 2248
309 1567 1338 1616 2729 2797 3063 2219 2250
310 1560 1340 1622 2758 2797 3064 2219 2244
311 1554 1342 1621 2750 2795 3058 2212 2244
312 1559 1341 1620 2735 2774 3053 2210 2237
313 1561 1345 1617 2755 2778 3063 2211 2229
314 1564 1342 1618 2739 2788 3067 2215 2238
315 1566 1338 1621 2743 2774 3060 2208 2226
316 1565 1343 1613 2741 2768 3064 2203 2227
317 1553 1341 1622 2762 2778 3086 2205 2226
318 1557 1338 1623 2780 2806 3068 2213 2220
319 1553 1329 1617 2741 2796 3073 2217 2235
320 1556 1329 1621 2762 2800 3076 2209 2230
321 1556 1335 1628 2740 2791 3079 2216 2238
322 1560 1334 1624 2715 2780 3073 2210 2243
323 1562 1332 1623 2765 2782 3067 2223 2236
324 1562 1333 1623 2722 2797 3074 2221 2247
325 1559 1333 1618 2719 2794 3093 2208 2231
326 1563 1329 1620 2733 2770 3077 2216 2245
327 1559 1337 1624 2726 2844 3102 2210 2248
328 1567 1332 1624 2746 2795 3062 2207 2223
329 1561 1336 1615 2762 2793 3087 2203 2225
330 1561 1337 1626 2760 2801 3094 2202 2222
331 1554 1336 1617 2743 2792 3092 2197 2242
332 1551 1326 1624 2751 2787 3088 2194 2246
333 1552 1322 1619 2746 2775 3076 2206 2230
334 1551 1322 1623 2738 2783 3081 2203 2241
335 1547 1326 1625 2713 2804 3103 2208 2250
336 1548 1324 1629 2717 2823 3080 2212 2253
337 1551 1319 1617 2745 2786 3075 2213 2262
338 1554 1313 1619 2764 2767 3069 2205 2253
339 1554 1324 1622 2753 2774 3098 2201 2247
340 1552 1331 1622 2761 2778 3061 2210 2246
341 1556 1328 1623 2757 2811 3076 2205 2266
342 1560 1335 1623 2748 2775 3077 2200 2263
343 1551 1334 1625 2731 2790 3074 2190 2234
344 1559 1335 1620 2727 2806 3056 2197 2242
345 1557 1331 1622 2739 2793 3089 2211 2250
346 1562 1341 1626 2741 2783 3087 2209 2257
347 1568 1330 1624 2772 2790 3074 2201 2246
348 1566 1339 1618 2753 2819 3101 2191 2210
349 1566 1341 1625 2745 2748 3073 2204 2233
350 1564 1343 1627 2791 2759 3086 2210 2226
351 1572 1346 1624 2759 2792 3094 2217 2230
352 1572 1339 1623 2767 2811 3108 2205 2220
353 1568 1347 1617 2734 2798 3079 2203 2207
354 1575 1341 1626 2724 2797 3088 2208 2229
355 1572 1340 1624 2760 2783 3057 2218 2213
356 1572 1345 1619 2748 2741 3070 2222 2218
357 1566 1343 1625 2742 2771 3087 2208 2222
358 1572 1345 1620 2721 2797 3081 2203 2209
359 1561 1345 1626 2752 2795 3081 2199 2214
360 1555 1338 1620 2757 2802 3096 2208 2214
361 1563 1340 1622 2760 2760 3064 2200 2222
362 1551 1338 1621 2732 2756 3069 2189 2218
363 1553 1335 1629 2701 2788 3101 2208 2229
364 1552 1326 1631 2740 2767 3079 2221 2258
365 1552 1330 1630 2752 2801 3084 2218 2239
366 1555 1331 1624 2741 2792 3108 2204 2232
367 1555 1328 1620 2761 2778 3083 2200 2243
368 1551 1323 1618 2734 2794 3091 2188 2243
369 1543 1319 1621 2759 2786 3071 2195 2240
370 1545 1323 1620 2740 2817 3099 2206 2244
371 1552 1324 1623 2762 2784 3095 2212 2279
372 1544 1328 1631 2752 2792 3081 2211 2265
373 1554 1333 1630 2726 2789 3096 2201 2228
374 1561 1329 1621 2747 2766 3081 2205 2223
375 1567 1326 1619 2761 2789 3070 2199 2223
376 1562 1338 1631 2751 2791 3094 2207 2229
377 1562 1340 1630 2773 2802 3089 2204 2227
378 1559 1339 1625 2771 2777 3080 2197 2224
379 1563 1337 1630 2761 2796 3096 2205 2232
380 1561 1334 1623 2753 2777 3076 2200 2233
381 1570 1331 1629 2751 2775 3085 2206 2247
382 1567 1331 1630 2760 2789 3112 2194 2238
383 1554 1332 1626 2785 2773 3096 2199 2235
384 1560 1332 1623 2741 2801 3117 2196 2258
385 1562 1332 1624 2739 2808 3113 2186 2252
386 1551 1331 1628 2750 2806 3090 2194 2264
387 1559 1333 1627 2732 2787 3073 2202 2265
388 1555 1337 1631 2735 2800 3108 2210 2265
389 1550 1331 1628 2734 2795 3106 2200 2266
390 1564 1341 1624 2748 2814 3122 2195 2243
391 1558 1337 1628 2759 2791 3114 2196 2255
392 1564 1341 1627 2748 2801 3118 2198 2247
393 1559 1337 1626 2741 2796 3110 2196 2233
394 1561 1334 1627 2730 2750 3097 2189 2241
395 1564 1337 1626 2732 2774 3111 2187 2230
396 1569 1335 1619 2747 2777 3109 2188 2239
397 1565 1333 1625 2774 2776 3128 2200 2218
398 1563 1335 1624 2756 2803 3125 2202 2209
399 1559 1334 1630 2737 2831 3143 2202 2228
400 1568 1333 1632 2751 2840 3135 2195 2213
401 1569 1326 1630 2748 2797 3105 2194 2217
402 1566 1321 1623 2731 2806 3124 2199 2220
403 1570 1325 1630 2746 2790 3096 2204 2217
404 1569 1330 1628 2747 2766 3112 2210 2233
405 1564 1323 1621 2777 2782 3106 2200 2229
406 1562 1333 1632 2738 2805 3110 2199 2239
407 1560 1335 1625 2714 2779 3137 2201 2235
408 1555 1339 1621 2746 2775 3113 2203 2246
409 1563 1341 1632 2762 2782 3141 2199 2249
410 1559 1342 1635 2753 2778 3142 2205 2242
411 1557 1342 1624 2742 2796 3153 2211 2265
412 1559 1337 1632 2737 2796 3127 2206 2264
413 1561 1341 1636 2746 2822 3162 2204 2251
414 1560 1350 1633 2765 2802 3170 2195 2255
415 1561 1353 1632 2766 2831 3164 2209 2254
416 1565 1349 1631 2788 2815 3147 2214 2269
417 1567 1347 1636 2752 2811 3132 2207 2263
418 1566 1343 1631 2741 2817 3145 2202 2246
419 1572 1345 1632 2740 2792 3131 2198 2247
420 1574 1335 1629 2745 2802 3149 2206 2245
421 1576 1340 1638 2733 2834 3174 2214 2261
422 1572 1334 1636 2761 2819 3150 2201 2264
423 1573 1330 1629 2754 2814 3151 2184 2222
424 1565 1334 1622 2762 2812 3146 2199 2235
425 1563 1325 1627 2755 2818 3166 2222 2253
426 1565 1322 1641 2736 2850 3182 2223 2262
427 1554 1323 1621 2724 2801 3162 2205 2238
428 1556 1333 1629 2739 2827 3141 2203 2207
429 1553 1340 1638 2767 2825 3150 2237 2232
430 1557 1330 1630 2726 2808 3158 2222 2245
431 1557 1338 1618 2777 2777 3136 2207 2255
432 1557 1333 1631 2763 2775 3146 2219 2243
433 1555 1335 1635 2743 2804 3132 2209 2266
434 1549 1320 1626 2719 2824 3170 2183 2299
435 1551 1303 1626 2747 2781 3123 2145 2282
436 1547 1300 1618 2741 2804 3157 2154 2283
437 1545 1304 1622 2740 2791 3141 2187 2306
438 1543 1303 1630 2758 2801 3139 2192 2338
439 1549 1301 1635 2777 2794 3147 2178 2336
440 1550 1299 1635 2753 2815 3139 2161 2303
441 1555 1302 1630 2803 2773 3127 2184 2321
442 1557 1303 1631 2765 2806 3166 2213 2316
443 1557 1308 1617 2753 2792 3153 2201 2279
444 1557 1315 1622 2771 2805 3123 2170 2244
445 1552 1312 1619 2714 2826 3161 2153 2253
446 1552 1322 1629 2754 2802 3140 2145 2315
447 1551 1314 1633 2745 2823 3130 2164 2321
448 1552 1315 1632 2730 2828 3167 2198 2270
449 1558 1316 1626 2760 2827 3144 2180 2207
450 1571 1319 1630 2741 2819 3119 2183 2256
451 1557 1311 1624 2788 2804 3149 2141 2302
452 1555 1314 1626 2755 2808 3135 2132 2282
453 1557 1313 1634 2745 2799 3093 2171 2266
454 1561 1317 1639 2711 2836 3065 2192 2297
455 1557 1326 1645 2733 2795 3025 2203 2327
456 1560 1333 1643 2742 2781 3022 2184 2335
457 1561 1329 1626 2735 2788 3046 2163 2291
458 1568 1341 1639 2752 2777 3010 2174 2270
459 1572 1350 1629 2764 2733 2957 2187 2288
460 1573 1354 1629 2719 2765 2942 2195 2288
461 1583 1354 1633 2755 2758 2934 2190 2292
462 1592 1372 1637 2727 2754 2908 2200 2246
463 1600 1381 1646 2734 2757 2899 2194 2236
464 1605 1387 1644 2721 2760 2874 2222 2233
465 1609 1401 1641 2718 2765 2879 2222 2220
466 1603 1402 1646 2749 2736 2847 2224 2212
467 1605 1413 1647 2750 2728 2854 2219 2193
468 1615 1399 1643 2754 2746 2839 2225 2205
469 1620 1404 1645 2743 2744 2820 2243 2209
470 1624 1400 1646 2732 2751 2830 2244 2190
471 1624 1403 1638 2743 2743 2810 2251 2182
472 1627 1410 1641 2748 2716 2782 2238 2164
473 1624 1414 1649 2729 2733 2799 2239 2172
474 1613 1415 1645 2740 2733 2792 2237 2169
475 1619 1408 1649 2733 2725 2782 2249 2151
476 1605 1404 1647 2734 2725 2782 2252 2161
477 1605 1389 1647 2734 2724 2772 2257 2167
478 1603 1386 1649 2748 2722 2772 2262 2184
479 1588 1368 1643 2711 2720 2784 2255 2183
480 1597 1364 1641 2747 2729 2767 2269 2173
481 1590 1354 1637 2743 2720 2761 2256 2203
482 1591 1344 1640 2737 2697 2765 2254 2212
483 1581 1335 1641 2743 2716 2765 2260 2216
484 1578 1332 1644 2739 2732 2761 2264 2205
485 1574 1325 1636 2738 2725 2768 2258 2196
486 1559 1319 1644 2747 2728 2759 2253 2217
487 1566 1320 1635 2744 2732 2776 2247 2197
488 1562 1309 1634 2740 2722 2773 2245 2187
489 1559 1303 1627 2743 2727 2763 2243 2177
490 1559 1299 1635 2740 2717 2759 2246 2175
491 1556 1298 1633 2745 2717 2766 2241 2189
492 1547 1292 1635 2744 2721 2762 2238 2174
493 1548 1292 1625 2741 2714 2760 2238 2167
494 1552 1293 1637 2744 2725 2769 2250 2153
495 1554 1290 1637 2744 2728 2764 2244 2145
496 1549 1294 1639 2750 2725 2762 2241 2165
497 1545 1300 1642 2740 2726 2764 2235 2160
498 1536 1300 1635 2737 2717 2769 2234 2165
499 1543 1300 1640 2732 2724 2762 2243 2169
500 1537 1301 1643 2735 2713 2755 2240 2156
501 1540 1314 1634 2727 2722 2764 2239 2180
502 1535 1315 1632 2737 2729 2756 2237 2204
503 1535 1316 1639 2736 2717 2755 2234 2230
504 1543 1321 1638 2739 2722 2755 2227 2228
505 1547 1321 1626 2735 2723 2762 2226 2206
506 1551 1331 1641 2737 2726 2762 2236 2221
507 1560 1338 1636 2731 2722 2761 2243 2230
508 1552 1345 1648 2745 2722 2756 2244 2243
509 1563 1350 1644 2736 2718 2760 2243 2235
510 1561 1357 1645 2732 2720 2753 2244 2219
511 1569 1353 1641 2737 2718 2753 2242 2234
512 1571 1361 1642 2744 2717 2756 2253 2229
513 1575 1360 1644 2734 2717 2755 2245 2225
514 1576 1361 1641 2736 2719 2752 2244 2216
515 1579 1363 1636 2742 2721 2755 2252 2212
516 1585 1361 1644 2737 2720 2754 2250 2233
517 1586 1358 1632 2741 2726 2762 2256 2228
518 1576 1355 1633 2740 2716 2756 2250 2221
519 1577 1358 1640 2737 2723 2754 2249 2217
520 1584 1351 1640 2738 2720 2765 2252 2207
521 1580 1348 1638 2739 2728 2760 2254 2224
522 1578 1348 1639 2738 2722 2763 2261 2208
523 1575 1346 1642 2746 2719 2758 2257 2203
524 1574 1348 1631 2741 2725 2752 2257 2199
525 1567 1341 1645 2741 2718 2760 2258 2217
526 1562 1338 1645 2745 2725 2761 2263 2227
527 1573 1332 1637 2736 2722 2758 2265 2180
528 1573 1330 1638 2735 2721 2755 2264 2170
529 1570 1330 1630 2734 2725 2760 2253 2197
530 1568 1331 1633 2732 2725 2754 2258 2220
531 1567 1325 1637 2742 2718 2752 2261 2223
532 1559 1332 1639 2735 2722 2752 2252 2185
533 1566 1331 1632 2742 2720 2761 2258 2185
534 1566 1332 1640 2737 2724 2759 2257 2208
535 1564 1329 1637 2746 2725 2750 2265 2219
536 1568 1334 1641 2741 2724 2758 2262 2219
537 1568 1324 1644 2742 2722 2746 2262 2198
538 1573 1338 1643 2741 2722 2755 2259 2196
539 1575 1337 1638 2737 2719 2753 2262 2205
540 1575 1344 1642 2733 2725 2748 2271 2201
541 1578 1344 1640 2739 2717 2757 2265 2208
542 1585 1344 1637 2736 2715 2755 2267 2187
543 1584 1349 1634 2735 2720 2748 2266 2183
544 1582 1351 1640 2741 2717 2753 2274 2184
545 1581 1355 1637 2741 2717 2749 2279 2175
546 1584 1355 1637 2740 2721 2744 2274 2185
547 1584 1347 1626 2737 2723 2746 2277 2166
548 1576 1357 1635 2740 2714 2750 2266 2162
549 1577 1357 1637 2736 2721 2747 2268 2165
550 1577 1356 1641 2738 2725 2744 2270 2176
551 1570 1351 1642 2744 2722 2748 2270 2195
552 1568 1349 1651 2736 2726 2744 2282 2178
553 1566 1347 1651 2741 2717 2743 2289 2175
554 1562 1355 1642 2742 2720 2746 2296 2193
555 1559 1345 1629 2740 2726 2740 2283 2211
556 1559 1343 1634 2741 2717 2743 2276 2224
557 1550 1341 1639 2738 2725 2741 2267 2200
558 1554 1338 1637 2741 2717 2741 2272 2209
559 1566 1338 1642 2738 2728 2742 2277 2234
560 1567 1335 1643 2735 2725 2734 2275 2241
561 1566 1336 1641 2742 2721 2737 2282 2248
562 1566 1335 1642 2739 2719 2742 2275 2216
563 1569 1327 1636 2746 2724 2731 2277 2220
564 1562 1338 1639 2743 2723 2739 2268 2222
565 1570 1335 1638 2744 2722 2736 2267 2218
566 1568 1330 1636 2742 2725 2733 2271 2229
567 1570 1326 1641 2736 2718 2729 2270 2200
568 1565 1320 1634 2744 2725 2733 2276 2205
569 1571 1326 1639 2738 2717 2730 2269 2195
570 1575 1327 1638 2741 2711 2734 2273 2191
571 1574 1329 1634 2741 2711 2719 2273 2194
572 1575 1323 1639 2738 2721 2728 2277 2168
573 1580 1328 1635 2739 2721 2726 2276 2169
574 1577 1324 1637 2740 2717 2720 2269 2165
575 1573 1327 1630 2743 2712 2721 2265 2163
576 1569 1327 1640 2733 2712 2723 2261 2175
577 1575 1333 1640 2738 2713 2716 2257 2154
578 1570 1335 1640 2737 2707 2711 2247 2159
579 1567 1330 1637 2739 2695 2703 2241 2160
580 1576 1326 1630 2741 2695 2699 2230 2181
581 1578 1314 1630 2729 2697 2705 2231 2202
582 1568 1303 1628 2735 2688 2691 2230 2192
583 1582 1297 1628 2724 2680 2678 2240 2200
584 1576 1297 1623 2728 2656 2652 2245 2213
585 1574 1306 1616 2720 2638 2653 2244 2228
586 1576 1309 1634 2720 2642 2646 2264 2223
587 1573 1325 1634 2720 2619 2613 2266 2200
588 1568 1325 1640 2718 2608 2610 2254 2196
589 1564 1337 1632 2709 2594 2605 2232 2156
590 1570 1337 1632 2706 2592 2576 2224 2113
591 1573 1339 1623 2700 2571 2587 2256 2113
592 1565 1343 1630 2709 2574 2568 2269 2114
593 1568 1342 1636 2700 2543 2527 2268 2123
594 1571 1345 1633 2706 2560 2544 2262 2105
595 1562 1348 1631 2710 2557 2532 2265 2109
596 1552 1347 1632 2697 2550 2518 2261 2131
597 1549 1342 1638 2702 2537 2519 2261 2130
598 1536 1348 1636 2698 2546 2534 2258 2145
599 1533 1342 1639 2689 2552 2523 2257 2157
600 1534 1340 1632 2710 2520 2499 2263 2192
601 1528 1328 1634 2717 2533 2484 2250 2229
602 1534 1330 1630 2702 2530 2495 2259 2235
603 1533 1325 1632 2700 2502 2471 2258 2248
604 1530 1325 1628 2699 2512 2454 2259 2254
605 1535 1322 1633 2689 2504 2477 2255 2288
606 1535 1319 1634 2693 2493 2478 2243 2314
607 1533 1321 1637 2698 2520 2469 2250 2306
608 1541 1325 1635 2675 2497 2478 2242 2308
609 1549 1320 1633 2692 2495 2467 2247 2297
610 1547 1326 1632 2689 2510 2452 2239 2288
611 1553 1320 1626 2700 2486 2447 2234 2279
612 1558 1324 1634 2693 2487 2465 2239 2249
613 1562 1320 1644 2686 2497 2469 2245 2241
614 1564 1317 1633 2688 2468 2456 2249 2224
615 1566 1318 1642 2684 2487 2451 2248 2226
616 1574 1313 1635 2689 2487 2457 2247 2225
617 1573 1317 1634 2690 2518 2471 2248 2199
618 1563 1312 1630 2691 2508 2465 2253 2197
619 1567 1319 1624 2683 2490 2437 2252 2204
620 1566 1320 1631 2699 2477 2439 2245 2206
621 1563 1327 1628 2674 2475 2448 2229 2215
622 1562 1333 1631 2674 2496 2452 2227 2199
623 1574 1334 1635 2678 2483 2466 2241 2179
624 1568 1331 1644 2692 2447 2446 2255 2168
625 1572 1345 1657 2688 2475 2464 2267 2196
626 1561 1349 1654 2678 2449 2454 2270 2247
627 1545 1350 1644 2693 2456 2453 2265 2251
628 1551 1352 1640 2690 2483 2460 2259 2263
629 1555 1353 1630 2685 2448 2452 2241 2259
630 1556 1357 1626 2677 2461 2455 2228 2270
631 1559 1362 1628 2693 2466 2473 2229 2282
632 1565 1365 1625 2694 2469 2433 2239 2258
633 1572 1369 1638 2680 2487 2441 2249 2262
634 1575 1368 1643 2686 2469 2460 2257 2247
635 1581 1364 1648 2699 2483 2429 2263 2240
636 1590 1355 1650 2687 2497 2470 2268 2230
637 1584 1365 1644 2684 2491 2486 2275 2196
638 1586 1350 1640 2683 2469 2472 2267 2189
639 1588 1357 1635 2693 2510 2451 2267 2178
640 1588 1352 1630 2701 2496 2478 2257 2175
641 1586 1343 1626 2698 2509 2487 2260 2177
642 1579 1346 1628 2683 2511 2488 2259 2163
643 1572 1342 1625 2696 2498 2478 2250 2178
644 1567 1331 1634 2693 2481 2495 2253 2182
645 1571 1333 1632 2714 2499 2480 2250 2191
646 1571 1325 1628 2677 2511 2500 2257 2207
647 1566 1321 1629 2682 2492 2481 2256 2199
648 1564 1310 1633 2689 2496 2486 2251 2214
649 1563 1314 1628 2701 2499 2485 2252 2214
650 1561 1312 1624 2689 2516 2492 2252 2220
651 1552 1313 1626 2710 2520 2492 2257 2227
652 1554 1315 1625 2692 2547 2467 2253 2212
653 1551 1319 1631 2689 2490 2476 2252 2220
654 1551 1322 1630 2697 2496 2486 2253 2221
655 1557 1324 1638 2696 2516 2465 2255 2222
656 1558 1330 1629 2698 2514 2455 2257 2216
657 1559 1335 1629 2693 2543 2468 2258 2201
658 1556 1334 1628 2682 2526 2480 2250 2223
659 1570 1327 1626 2695 2511 2489 2252 2214
660 1572 1333 1626 2701 2532 2516 2259 2214
661 1575 1334 1630 2702 2496 2491 2252 2217
662 1580 1331 1635 2699 2519 2514 2246 2205
663 1570 1335 1634 2709 2539 2522 2242 2218
664 1583 1335 1631 2700 2554 2528 2244 2204
665 1576 1322 1634 2697 2554 2513 2242 2201
666 1571 1328 1631 2694 2540 2527 2245 2209
667 1562 1322 1629 2700 2533 2527 2246 2194
668 1563 1328 1625 2711 2538 2535 2236 2196
669 1568 1327 1626 2710 2538 2525 2241 2192
670 1566 1328 1632 2702 2553 2549 2235 2210
671 1568 1325 1627 2702 2566 2551 2239 2222
672 1557 1327 1633 2710 2562 2553 2242 2216
673 1563 1323 1631 2717 2560 2541 2241 2222
674 1556 1325 1633 2701 2568 2553 2248 2217
675 1561 1324 1617 2704 2542 2551 2241 2229
676 1562 1319 1617 2711 2565 2549 2242 2223
677 1559 1331 1626 2711 2560 2554 2245 2207
678 1559 1334 1622 2710 2593 2559 2250 2210
679 1556 1337 1630 2695 2553 2557 2247 2205
680 1565 1344 1633 2699 2553 2561 2251 2212
681 1572 1345 1635 2721 2569 2565 2252 2208
682 1573 1348 1633 2705 2583 2568 2255 2195
683 1573 1345 1627 2702 2552 2548 2261 2200
684 1582 1345 1623 2708 2566 2551 2256 2189
685 1581 1353 1627 2711 2579 2550 2256 2173
686 1576 1341 1632 2703 2559 2560 2250 2185
687 1572 1355 1636 2705 2572 2562 2249 2224
688 1569 1350 1645 2712 2572 2582 2263 2233
689 1572 1349 1645 2724 2571 2554 2263 2197
690 1566 1341 1634 2698 2567 2565 2258 2211
691 1562 1343 1626 2705 2576 2555 2255 2231
692 1560 1338 1628 2703 2548 2562 2249 2230
693 1554 1330 1622 2696 2572 2552 2234 2247
694 1557 1327 1617 2695 2565 2562 2235 2218
695 1555 1325 1640 2705 2555 2558 2243 2242
696 1545 1338 1642 2716 2566 2562 2260 2322
697 1551 1324 1634 2689 2574 2546 2251 2276
698 1564 1328 1621 2704 2555 2544 2237 2183
699 1567 1328 1617 2707 2555 2530 2235 2150
700 1561 1327 1626 2697 2570 2529 2232 2220
701 1557 1329 1631 2720 2560 2547 2246 2235
702 1556 1320 1639 2710 2546 2529 2258 2198
703 1554 1320 1641 2691 2540 2526 2256 2199
704 1554 1313 1634 2714 2528 2513 2252 2197
705 1561 1317 1629 2710 2539 2531 2248 2213
706 1563 1318 1631 2698 2530 2522 2245 2205
707 1557 1326 1629 2709 2538 2487 2237 2193
708 1561 1329 1621 2702 2530 2485 2240 2205
709 1566 1328 1631 2687 2522 2476 2242 2201
710 1565 1336 1636 2682 2513 2498 2247 2221
711 1562 1340 1637 2683 2513 2491 2235 2219
712 1563 1332 1637 2697 2530 2530 2228 2211
713 1555 1336 1643 2703 2536 2525 2226 2230
714 1568 1329 1633 2695 2534 2505 2230 2242
715 1570 1326 1621 2697 2541 2502 2240 2254
716 1577 1320 1628 2702 2514 2497 2230 2240
717 1573 1326 1629 2700 2527 2550 2224 2213
718 1565 1334 1631 2713 2543 2564 2228 2231
719 1567 1339 1623 2726 2579 2571 2243 2228
720 1572 1345 1634 2712 2590 2583 2249 2227
721 1575 1344 1632 2729 2613 2585 2236 2191
722 1581 1347 1642 2703 2615 2605 2238 2166
723 1569 1357 1631 2714 2605 2602 2241 2178
724 1564 1348 1628 2708 2608 2614 2244 2176
725 1565 1348 1627 2714 2608 2610 2241 2187
726 1563 1339 1624 2715 2611 2617 2238 2174
727 1560 1338 1619 2718 2612 2619 2242 2158
728 1550 1335 1633 2716 2619 2622 2250 2176
729 1550 1334 1639 2720 2626 2621 2260 2183
730 1545 1336 1635 2720 2633 2634 2254 2223
731 1542 1334 1634 2733 2631 2609 2251 2238
732 1536 1332 1633 2724 2646 2659 2250 2253
733 1541 1332 1623 2713 2632 2641 2247 2276
734 1554 1329 1622 2723 2641 2641 2237 2278
735 1557 1323 1623 2718 2647 2650 2224 2296
736 1555 1330 1617 2723 2635 2644 2218 2290
737 1559 1324 1624 2717 2645 2631 2220 2278
738 1559 1328 1625 2728 2644 2638 2233 2276
739 1565 1338 1629 2726 2659 2652 2231 2257
740 1575 1337 1625 2734 2650 2649 2236 2248
741 1577 1337 1631 2723 2650 2664 2241 2224
742 1580 1338 1637 2711 2647 2658 2243 2199
743 1581 1336 1637 2719 2647 2657 2246 2189
744 1576 1336 1633 2724 2640 2657 2244 2173
745 1572 1337 1634 2727 2648 2651 2252 2184
746 1571 1338 1635 2720 2647 2658 2241 2172
747 1565 1335 1630 2721 2651 2662 2248 2166
748 1558 1331 1630 2716 2652 2665 2238 2175
749 1561 1332 1628 2724 2650 2659 2240 2180
750 1557 1337 1631 2718 2653 2652 2243 2206
751 1551 1335 1627 2726 2658 2656 2238 2208
752 1551 1329 1631 2716 2636 2654 2240 2215
753 1547 1328 1628 2725 2644 2663 2237 2236
754 1543 1321 1625 2728 2651 2655 2238 2232
755 1545 1336 1625 2721 2636 2644 2241 2245
756 1538 1341 1639 2718 2647 2639 2245 2231
757 1544 1349 1631 2712 2648 2645 2254 2236
758 1550 1352 1632 2726 2655 2648 2251 2251
759 1565 1353 1629 2709 2640 2650 2250 2243
760 1570 1354 1637 2726 2648 2651 2244 2254
761 1572 1348 1634 2717 2646 2649 2240 2258
762 1577 1335 1629 2732 2641 2650 2231 2263
763 1575 1329 1625 2720 2652 2652 2221 2268
764 1583 1327 1618 2731 2647 2651 2213 2244
765 1580 1322 1620 2727 2651 2647 2219 2224
766 1582 1325 1629 2730 2645 2641 2232 2190
767 1579 1330 1641 2718 2626 2635 2246 2173
768 1576 1336 1648 2722 2618 2626 2268 2178
769 1577 1335 1645 2717 2626 2623 2276 2171
770 1567 1343 1635 2719 2637 2633 2276 2184
771 1567 1339 1631 2720 2624 2634 2257 2171
772 1563 1334 1623 2713 2626 2624 2246 2169
773 1556 1338 1607 2714 2611 2608 2235 2179
774 1559 1335 1617 2716 2608 2609 2229 2187
775 1554 1330 1620 2717 2606 2604 2231 2215
776 1549 1329 1620 2730 2595 2597 2228 2216
777 1539 1330 1619 2714 2593 2580 2236 2225
778 1540 1324 1633 2694 2558 2555 2237 2234
779 1548 1324 1626 2703 2563 2551 2247 2230
780 1556 1325 1632 2711 2563 2586 2250 2244
781 1557 1331 1626 2725 2629 2629 2239 2224
782 1560 1328 1634 2733 2646 2662 2241 2212
783 1555 1338 1631 2735 2665 2660 2243 2227
784 1555 1332 1631 2740 2667 2678 2250 2227
785 1557 1336 1631 2734 2684 2686 2247 2247
786 1554 1333 1625 2731 2701 2708 2236 2253
787 1558 1332 1622 2730 2707 2708 2226 2252
788 1566 1328 1622 2734 2704 2709 2225 2270
789 1568 1324 1621 2739 2706 2725 2225 2271
790 1560 1327 1622 2743 2720 2725 2215 2285
791 1559 1320 1625 2742 2715 2731 2219 2244
792 1568 1332 1623 2739 2713 2728 2223 2220
793 1575 1330 1636 2737 2708 2728 2242 2222
794 1575 1334 1631 2736 2710 2719 2250 2216
795 1578 1337 1636 2739 2709 2731 2249 2222
796 1571 1335 1633 2741 2720 2732 2236 2194
797 1583 1333 1625 2740 2719 2735 2236 2181
798 1579 1336 1635 2743 2721 2729 2243 2184
799 1574 1335 1632 2737 2722 2733 2238 2187
800 1573 1338 1629 2744 2716 2729 2236 2200
801 1573 1341 1631 2738 2726 2730 2228 2183
802 1567 1338 1632 2734 2721 2730 2236 2187
803 1555 1336 1630 2745 2721 2733 2239 2199
804 1559 1336 1622 2736 2721 2725 2234 2205
805 1549 1337 1624 2744 2717 2733 2236 2226
806 1552 1334 1632 2741 2721 2736 2234 2220
807 1553 1332 1630 2733 2721 2727 2241 2233
808 1553 1332 1634 2742 2723 2735 2241 2246
809 1560 1335 1634 2749 2715 2735 2234 2242
810 1560 1333 1625 2742 2719 2731 2233 2256
811 1557 1335 1627 2742 2725 2729 2232 2241
812 1564 1331 1625 2743 2715 2737 2233 2232
813 1565 1339 1622 2740 2715 2732 2229 2233
814 1565 1339 1631 2745 2719 2730 2231 2224
815 1565 1339 1629 2747 2724 2733 2237 2239
816 1572 1343 1626 2743 2715 2737 2239 2217
817 1570 1337 1633 2744 2719 2726 2244 2209
818 1569 1334 1628 2747 2725 2738 2239 2209
819 1575 1339 1629 2743 2719 2732 2240 2198
820 1564 1338 1627 2736 2717 2735 2240 2213
821 1567 1341 1627 2744 2726 2732 2244 2194
822 1563 1337 1628 2744 2719 2737 2237 2197
823 1564 1330 1623 2744 2730 2728 2240 2208
824 1563 1330 1630 2736 2718 2736 2233 2202
825 1553 1335 1632 2741 2726 2730 2237 2223
826 1561 1334 1627 2741 2727 2733 2237 2211
827 1557 1331 1626 2737 2725 2735 2235 2215
828 1546 1330 1627 2740 2720 2730 2239 2225
829 1556 1328 1625 2746 2726 2734 2233 2223
830 1557 1327 1617 2738 2721 2729 2240 2239
831 1561 1331 1625 2735 2726 2737 2236 2227
832 1559 1333 1626 2735 2722 2732 2232 2225
833 1559 1335 1625 2741 2728 2733 2234 2230
834 1557 1337 1630 2738 2726 2730 2231 2224
835 1554 1330 1622 2747 2718 2737 2241 2240
836 1552 1336 1629 2746 2722 2735 2235 2225
837 1555 1328 1627 2741 2720 2736 2236 2217
838 1555 1336 1623 2741 2723 2741 2236 2222
839 1559 1332 1629 2743 2725 2739 2241 2219
840 1565 1338 1623 2741 2718 2734 2237 2229
841 1566 1336 1626 2743 2723 2732 2234 2216
842 1564 1336 1629 2749 2722 2739 2234 2211
843 1565 1339 1633 2741 2725 2739 2234 2217
844 1569 1339 1628 2735 2720 2733 2242 2214
845 1567 1337 1625 2744 2717 2733 2234 2229
846 1565 1337 1630 2733 2719 2734 2235 2214
847 1563 1337 1630 2743 2722 2728 2234 2213
848 1562 1330 1634 2740 2726 2742 2240 2219
849 1566 1340 1633 2736 2723 2738 2242 2209
850 1560 1335 1629 2743 2725 2737 2233 2233
851 1563 1333 1629 2751 2725 2729 2239 2217
852 1557 1333 1628 2738 2727 2730 2232 2216
853 1560 1329 1625 2746 2718 2733 2240 2223
854 1562 1334 1634 2741 2728 2731 2237 2222
855 1560 1335 1629 2745 2720 2736 2232 2233
856 1567 1333 1633 2732 2718 2734 2237 2219
857 1562 1337 1630 2748 2723 2732 2235 2219
858 1559 1335 1636 2746 2727 2734 2241 2223
859 1565 1335 1630 2743 2730 2737 2236 2221
860 1567 1336 1628 2742 2722 2731 2236 2232
861 1567 1338 1632 2747 2727 2736 2238 2216
862 1558 1332 1629 2743 2723 2735 2242 2219
863 1562 1331 1626 2738 2719 2729 2239 2218
864 1564 1329 1632 2738 2718 2740 2236 2216
865 1557 1336 1626 2740 2726 2734 2235 2227
866 1555 1337 1632 2739 2720 2733 2238 2213
867 1557 1335 1622 2744 2718 2735 2243 2217
868 1566 1330 1630 2747 2728 2734 2234 2213
869 1565 1337 1631 2736 2722 2736 2237 2213
870 1559 1337 1633 2740 2720 2737 2238 2228
871 1566 1337 1622 2744 2725 2728 2237 2210
872 1558 1335 1633 2743 2722 2736 2243 2215
873 1562 1337 1620 2735 2716 2728 2232 2212
874 1565 1335 1628 2744 2723 2733 2239 2219
875 1568 1334 1628 2743 2727 2739 2235 2226
876 1568 1335 1630 2745 2727 2732 2241 2213
877 1562 1336 1626 2743 2715 2733 2238 2219
878 1558 1334 1631 2738 2723 2729 2236 2217
879 1561 1337 1630 2743 2729 2736 2238 2220
880 1561 1339 1628 2737 2718 2731 2234 2230
881 1561 1336 1629 2744 2721 2737 2241 2216
882 1555 1335 1627 2743 2724 2734 2237 2221
883 1560 1331 1623 2736 2723 2739 2236 2216
884 1562 1335 1627 2740 2720 2737 2239 2221
885 1561 1339 1627 2740 2721 2730 2241 2230
886 1557 1337 1631 2744 2717 2732 2241 2214
887 1565 1333 1628 2744 2719 2735 2235 2218
888 1560 1337 1622 2744 2725 2737 2235 2215
889 1561 1334 1624 2740 2721 2733 2236 2220
890 1550 1332 1622 2745 2715 2736 2241 2230
891 1556 1336 1627 2737 2724 2729 2234 2214
892 1564 1336 1629 2747 2729 2730 2236 2219
893 1563 1336 1630 2738 2726 2737 2234 2218
894 1565 1336 1630 2736 2723 2731 2237 2220
895 1563 1334 1617 2743 2716 2736 2237 2229
896 1564 1335 1627 2740 2723 2730 2234 2216
897 1566 1338 1627 2738 2723 2737 2239 2217
898 1559 1335 1628 2745 2719 2736 2235 2218
899 1561 1334 1629 2743 2726 2732 2242 2222
900 1560 1330 1619 2745 2720 2734 2239 2231
901 1564 1338 1633 2744 2727 2731 2234 2214
902 1560 1338 1628 2738 2725 2737 2239 2221
903 1557 1334 1624 2736 2725 2740 2233 2215
904 1561 1333 1628 2733 2724 2738 2242 2220
905 1565 1332 1629 2740 2715 2735 2236 2233
906 1567 1337 1627 2739 2724 2729 2236 2213
907 1565 1336 1626 2747 2716 2731 2236 2220
908 1565 1331 1630 2736 2721 2738 2237 2214
909 1568 1338 1630 2748 2719 2735 2239 2223
910 1573 1333 1629 2744 2727 2741 2232 2228
911 1568 1336 1625 2738 2723 2732 2237 2213
912 1558 1337 1632 2746 2727 2738 2237 2219
913 1569 1338 1629 2742 2721 2734 2240 2215
914 1558 1335 1633 2741 2723 2731 2237 2221
915 1566 1337 1626 2744 2723 2727 2235 2227
916 1560 1337 1627 2739 2722 2738 2236 2214
917 1560 1336 1633 2741 2718 2735 2241 2219
918 1562 1333 1633 2745 2727 2739 2239 2215
919 1557 1335 1628 2747 2720 2729 2237 2221
920 1562 1337 1628 2738 2724 2737 2237 2228
921 1565 1331 1630 2745 2722 2733 2236 2213
922 1558 1336 1632 2742 2717 2734 2242 2220
923 1560 1336 1628 2742 2721 2733 2237 2212
924 1561 1335 1628 2740 2724 2732 2236 2220
925 1554 1334 1633 2741 2720 2729 2238 2232
926 1561 1339 1629 2745 2718 2734 2235 2211
927 1563 1337 1624 2742 2723 2730 2242 2218
928 1563 1337 1622 2745 2723 2733 2237 2218
929 1558 1337 1622 2744 2717 2735 2237 2219
930 1560 1337 1633 2736 2725 2736 2240 2229
931 1562 1337 1624 2741 2724 2734 2238 2209
932 1555 1336 1627 2743 2723 2736 2240 2217
933 1560 1333 1629 2747 2717 2737 2236 2217
934 1573 1336 1625 2737 2726 2734 2238 2220
935 1567 1330 1632 2739 2724 2734 2237 2230
936 1567 1330 1622 2745 2726 2734 2241 2212
937 1563 1339 1629 2745 2719 2734 2239 2219
938 1552 1340 1624 2741 2724 2737 2232 2213
939 1563 1337 1625 2743 2723 2738 2237 2221
940 1560 1336 1624 2744 2724 2729 2240 2231
941 1559 1330 1628 2746 2722 2735 2239 2210
942 1561 1334 1627 2744 2726 2738 2235 2222
943 1554 1336 1630 2746 2722 2732 2239 2216
944 1564 1335 1626 2738 2722 2729 2235 2221
945 1564 1336 1631 2748 2719 2735 2243 2230
946 1566 1339 1627 2739 2723 2733 2237 2209
947 1560 1333 1629 2740 2729 2731 2235 2222
948 1550 1338 1626 2742 2729 2742 2239 2217
949 1553 1337 1630 2748 2716 2736 2232 2220
950 1561 1338 1628 2736 2720 2734 2243 2232
951 1566 1330 1625 2737 2719 2736 2233 2212
952 1561 1339 1630 2737 2720 2735 2238 2221
953 1557 1330 1631 2737 2728 2737 2235 2215
954 1556 1332 1627 2743 2720 2734 2241 2223
955 1563 1334 1629 2739 2718 2733 2242 2230
956 1566 1331 1630 2742 2725 2733 2234 2212
957 1561 1337 1633 2739 2722 2735 2241 2222
958 1564 1338 1629 2743 2721 2737 2237 2215
959 1569 1337 1627 2746 2722 2741 2243 2223
960 1567 1335 1633 2742 2724 2731 2235 2225
961 1552 1337 1632 2740 2719 2735 2236 2214
962 1566 1338 1629 2737 2722 2732 2240 2220
963 1566 1337 1623 2741 2718 2736 2237 2217
964 1563 1340 1628 2740 2722 2735 2242 2224
965 1562 1338 1622 2744 2717 2736 2237 2229
966 1563 1337 1629 2742 2719 2740 2236 2211
967 1557 1334 1623 2737 2727 2730 2237 2220
968 1559 1331 1618 2745 2718 2730 2241 2209
969 1562 1327 1623 2748 2724 2729 2241 2225
970 1564 1332 1624 2744 2727 2728 2237 2228
971 1561 1334 1629 2743 2721 2730 2238 2210
972 1563 1337 1628 2740 2726 2728 2238 2222
973 1557 1334 1632 2739 2725 2730 2239 2212
974 1556 1338 1624 2743 2720 2735 2236 2223
975 1558 1330 1629 2742 2721 2734 2238 2230
976 1555 1333 1630 2746 2722 2728 2237 2212
977 1560 1336 1623 2742 2720 2740 2242 2220
978 1553 1328 1618 2735 2725 2730 2241 2213
979 1571 1338 1624 2739 2724 2733 2236 2222
980 1564 1336 1630 2744 2724 2734 2241 2229
981 1562 1328 1624 2746 2719 2739 2236 2211
982 1555 1336 1627 2743 2729 2741 2242 2220
983 1559 1339 1626 2741 2724 2741 2236 2212
984 1560 1336 1632 2744 2723 2739 2238 2222
985 1560 1333 1618 2731 2725 2741 2239 2228
986 1559 1334 1625 2740 2725 2735 2236 2210
987 1561 1334 1626 2743 2724 2734 2244 2222
988 1560 1335 1626 2731 2722 2736 2233 2212
989 1562 1334 1627 2749 2730 2734 2238 2225
990 1562 1335 1626 2748 2721 2731 2234 2226
991 1564 1330 1630 2738 2721 2732 2240 2213
992 1562 1338 1626 2746 2718 2727 2241 2219
993 1561 1327 1620 2736 2729 2736 2236 2217
994 1559 1331 1619 2741 2721 2740 2240 2225
995 1559 1330 1627 2742 2718 2736 2235 2227
996 1559 1332 1628 2746 2719 2741 2242 2213
997 1558 1335 1629 2741 2720 2731 2234 2218
998 1566 1336 1632 2738 2722 2734 2237 2218
999 1565 1331 1621 2740 2718 2733 2234 2223
1000 1564 1337 1620 2740 2722 2732 2240 2228
1001 1562 1333 1622 2749 2719 2729 2240 2210
1002 1564 1337 1628 2742 2722 2733 2233 2218
1003 1558 1332 1625 2748 2722 2736 2238 2218
1004 1563 1339 1630 2740 2718 2733 2233 2223
1005 1561 1336 1628 2739 2718 2732 2242 2228
1006 1560 1340 1626 2741 2717 2736 2239 2214
1007 1559 1338 1628 2739 2727 2728 2237 2222
1008 1563 1327 1623 2745 2717 2734 2241 2218
1009 1566 1336 1633 2739 2727 2736 2234 2223
1010 1567 1336 1631 2742 2723 2730 2244 2228
1011 1563 1338 1632 2742 2721 2731 2232 2209
1012 1555 1329 1625 2745 2722 2730 2238 2221
1013 1563 1328 1632 2739 2729 2734 2237 2215
1014 1562 1339 1618 2740 2724 2732 2239 2224
1015 1564 1334 1628 2738 2719 2739 2240 2226
1016 1565 1335 1623 2743 2726 2730 2234 2211
1017 1568 1332 1632 2745 2724 2735 2240 2223
1018 1562 1337 1631 2746 2726 2736 2238 2214
1019 1556 1337 1628 2742 2727 2732 2220 2192
1020 1562 1335 1626 2723 2708 2702 2203 2196
1021 1559 1330 1627 2732 2705 2713 2212 2186
1022 1554 1336 1630 2717 2718 2714 2214 2199
1023 1561 1335 1631 2731 2718 2725 2223 2185
