0 1558 1340 1619 2734 2730 2761 2234 2216
1 1559 1339 1618 2739 2730 2763 2235 2227
2 1554 1329 1615 2737 2730 2774 2234 2219
3 1560 1338 1620 2738 2721 2774 2242 2233
4 1567 1338 1623 2739 2722 2774 2233 2227
5 1556 1341 1618 2733 2726 2782 2237 2218
6 1553 1339 1618 2736 2731 2785 2231 2224
7 1557 1339 1622 2735 2729 2803 2237 2221
8 1554 1338 1615 2742 2731 2818 2236 2229
9 1558 1340 1619 2738 2732 2843 2233 2228
10 1561 1335 1623 2734 2726 2881 2234 2216
11 1554 1337 1621 2743 2758 2934 2235 2227
12 1549 1342 1621 2745 2781 2995 2239 2215
13 1555 1337 1621 2755 2758 3044 2236 2229
14 1552 1339 1627 2756 2783 3085 2234 2232
15 1541 1339 1618 2731 2766 3086 2228 2220
16 1537 1332 1611 2731 2779 3076 2218 2221
17 1533 1326 1608 2749 2786 3063 2205 2208
18 1528 1324 1604 2764 2798 3071 2200 2259
19 1532 1312 1622 2733 2783 3049 2220 2283
20 1537 1317 1620 2752 2791 3074 2230 2257
21 1548 1328 1626 2759 2763 3053 2225 2253
22 1548 1339 1615 2735 2777 3038 2222 2241
23 1563 1339 1615 2733 2771 3035 2224 2227
24 1560 1346 1630 2738 2777 3014 2237 2209
25 1571 1346 1621 2749 2741 2999 2251 2209
26 1562 1346 1623 2740 2790 3026 2265 2229
27 1550 1350 1625 2736 2750 2995 2250 2235
28 1560 1354 1613 2741 2769 2990 2245 2252
29 1553 1355 1621 2740 2758 2971 2241 2250
30 1559 1350 1615 2727 2770 2975 2239 2253
31 1550 1346 1613 2747 2781 2985 2239 2276
32 1544 1337 1613 2750 2783 2981 2228 2276
33 1553 1321 1607 2758 2771 2964 2230 2307
34 1548 1316 1605 2759 2761 2937 2221 2307
35 1551 1316 1606 2737 2771 2939 2223 2283
36 1555 1318 1609 2749 2753 2950 2217 2281
37 1568 1318 1617 2748 2770 2925 2225 2262
38 1561 1322 1618 2735 2765 2925 2228 2269
39 1559 1324 1617 2734 2756 2910 2231 2263
40 1567 1333 1618 2745 2770 2910 2236 2266
41 1559 1326 1609 2750 2768 2902 2225 2260
42 1569 1339 1611 2752 2763 2880 2222 2244
43 1567 1341 1610 2743 2758 2886 2219 2258
44 1558 1342 1616 2736 2755 2866 2224 2257
45 1577 1344 1618 2741 2746 2868 2221 2239
46 1564 1347 1613 2732 2756 2863 2222 2245
47 1574 1352 1613 2741 2730 2849 2228 2237
48 1572 1343 1619 2737 2739 2840 2227 2245
49 1573 1353 1618 2741 2731 2833 2232 2226
50 1573 1344 1607 2746 2740 2819 2220 2210
51 1567 1344 1613 2747 2730 2824 2224 2215
52 1578 1344 1614 2743 2723 2820 2222 2202
53 1582 1333 1617 2741 2727 2822 2225 2218
54 1579 1335 1617 2740 2729 2805 2218 2202
55 1575 1334 1618 2747 2738 2813 2217 2203
56 1569 1330 1612 2754 2734 2800 2224 2215
57 1567 1336 1617 2741 2734 2795 2221 2210
58 1567 1331 1617 2747 2734 2790 2228 2224
59 1556 1334 1621 2749 2720 2781 2224 2221
60 1559 1332 1618 2739 2731 2787 2225 2227
61 1557 1331 1619 2743 2728 2784 2227 2239
62 1560 1337 1621 2740 2723 2777 2228 2237
63 1564 1331 1623 2738 2720 2780 2230 2256
64 1559 1338 1625 2742 2726 2776 2223 2241
65 1552 1338 1613 2749 2722 2769 2222 2239
66 1550 1334 1618 2743 2720 2767 2217 2238
67 1553 1340 1621 2737 2731 2770 2230 2236
68 1553 1337 1622 2746 2719 2769 2226 2244
69 1566 1342 1617 2741 2727 2765 2226 2225
70 1567 1345 1625 2745 2729 2769 2229 2217
71 1566 1339 1625 2733 2722 2762 2231 2222
72 1567 1339 1616 2751 2720 2759 2232 2204
73 1567 1341 1622 2741 2723 2762 2225 2220
74 1565 1339 1621 2741 2721 2761 2230 2203
75 1556 1337 1619 2737 2724 2754 2226 2200
76 1568 1339 1618 2741 2717 2757 2232 2202
77 1559 1333 1614 2740 2717 2756 2229 2196
78 1569 1339 1619 2731 2718 2763 2228 2212
79 1569 1338 1629 2743 2721 2764 2230 2191
80 1560 1339 1623 2744 2727 2759 2236 2197
81 1564 1344 1625 2749 2732 2765 2242 2201
82 1560 1338 1620 2748 2727 2763 2234 2209
83 1562 1336 1620 2741 2717 2755 2228 2230
84 1558 1331 1618 2735 2719 2765 2221 2204
85 1557 1333 1609 2743 2728 2766 2229 2218
86 1553 1328 1618 2737 2722 2755 2237 2224
87 1542 1332 1626 2738 2721 2758 2232 2229
88 1558 1327 1623 2740 2731 2766 2235 2236
89 1544 1335 1622 2744 2721 2755 2235 2220
90 1547 1342 1615 2740 2719 2759 2239 2225
91 1557 1338 1617 2742 2719 2764 2237 2232
92 1560 1337 1616 2736 2722 2764 2235 2231
93 1561 1330 1620 2740 2726 2759 2231 2244
94 1557 1333 1620 2737 2719 2764 2232 2229
95 1558 1332 1619 2737 2725 2762 2237 2233
96 1558 1333 1624 2741 2720 2761 2232 2238
97 1555 1337 1610 2738 2720 2756 2233 2234
98 1565 1337 1621 2732 2726 2760 2232 2245
99 1561 1334 1616 2741 2720 2758 2235 2223
100 1559 1336 1619 2739 2727 2766 2235 2229
101 1557 1338 1624 2739 2723 2754 2229 2225
102 1562 1334 1620 2736 2720 2756 2232 2226
103 1559 1330 1618 2740 2728 2761 2232 2241
104 1558 1340 1621 2738 2724 2754 2236 2221
105 1560 1335 1619 2744 2719 2766 2233 2228
106 1560 1341 1622 2736 2723 2762 2231 2227
107 1558 1330 1619 2741 2724 2758 2233 2228
108 1555 1340 1619 2740 2727 2760 2231 2239
109 1561 1331 1622 2735 2722 2756 2236 2222
110 1566 1341 1623 2737 2715 2759 2229 2227
111 1557 1340 1622 2737 2727 2761 2235 2224
112 1556 1338 1622 2739 2720 2754 2227 2228
113 1555 1336 1621 2732 2722 2755 2237 2241
114 1560 1340 1615 2739 2717 2764 2232 2219
115 1562 1336 1623 2743 2729 2755 2233 2227
116 1565 1339 1608 2740 2716 2765 2233 2223
117 1571 1333 1620 2741 2719 2757 2233 2227
118 1558 1336 1614 2734 2730 2757 2236 2237
119 1555 1337 1621 2739 2725 2762 2230 2220
120 1558 1341 1618 2733 2721 2759 2234 2224
121 1564 1334 1617 2741 2722 2766 2230 2224
122 1556 1335 1612 2738 2718 2757 2238 2228
123 1561 1334 1622 2740 2726 2762 2230 2237
124 1566 1338 1622 2739 2725 2766 2229 2219
125 1565 1336 1621 2742 2719 2762 2228 2223
126 1561 1334 1622 2737 2722 2763 2227 2223
127 1567 1336 1623 2743 2729 2764 2233 2225
128 1565 1332 1621 2738 2722 2765 2230 2236
129 1568 1332 1618 2737 2725 2762 2230 2213
130 1572 1342 1622 2741 2724 2763 2234 2219
131 1563 1339 1619 2727 2725 2768 2235 2209
132 1565 1341 1624 2736 2719 2765 2237 2216
133 1558 1335 1616 2744 2727 2768 2229 2219
134 1563 1344 1621 2738 2725 2765 2230 2204
135 1557 1338 1621 2742 2726 2771 2226 2213
136 1543 1340 1624 2735 2721 2761 2229 2216
137 1549 1335 1624 2738 2722 2770 2227 2230
138 1547 1333 1614 2747 2726 2771 2224 2242
139 1555 1333 1615 2741 2719 2764 2228 2227
140 1551 1327 1618 2744 2729 2779 2225 2233
141 1556 1327 1623 2740 2718 2761 2234 2234
142 1551 1329 1619 2738 2725 2772 2227 2242
143 1559 1325 1620 2739 2729 2776 2230 2251
144 1556 1323 1618 2742 2729 2767 2230 2234
145 1559 1326 1623 2739 2723 2775 2230 2240
146 1562 1332 1620 2741 2727 2772 2230 2235
147 1563 1325 1624 2729 2717 2773 2223 2232
148 1556 1334 1618 2740 2723 2772 2228 2241
149 1551 1326 1613 2752 2732 2771 2229 2222
150 1567 1337 1622 2741 2730 2770 2235 2232
151 1563 1336 1624 2735 2724 2775 2229 2228
152 1555 1340 1614 2738 2719 2773 2231 2234
153 1560 1339 1623 2735 2725 2771 2232 2234
154 1564 1338 1620 2739 2722 2774 2234 2223
155 1572 1343 1624 2734 2725 2776 2228 2227
156 1562 1340 1625 2735 2717 2778 2227 2226
157 1570 1341 1623 2731 2725 2761 2227 2232
158 1563 1339 1617 2742 2728 2776 2228 2238
159 1561 1335 1616 2743 2714 2772 2231 2223
160 1557 1341 1624 2731 2722 2775 2227 2236
161 1555 1339 1616 2744 2725 2770 2230 2228
162 1559 1337 1624 2740 2718 2770 2225 2236
163 1568 1340 1625 2747 2714 2776 2225 2233
164 1560 1338 1624 2741 2728 2772 2230 2220
165 1573 1337 1619 2741 2726 2776 2219 2224
166 1567 1334 1618 2743 2730 2779 2226 2219
167 1566 1335 1621 2740 2726 2783 2227 2231
168 1555 1332 1618 2741 2723 2785 2227 2232
169 1559 1337 1620 2735 2732 2778 2225 2220
170 1552 1332 1616 2742 2717 2780 2224 2231
171 1562 1335 1623 2744 2727 2774 2224 2229
172 1564 1331 1619 2737 2721 2786 2222 2240
173 1577 1331 1624 2740 2728 2789 2229 2248
174 1568 1326 1618 2737 2717 2780 2215 2229
175 1563 1334 1621 2741 2725 2785 2218 2240
176 1554 1329 1617 2750 2730 2785 2214 2233
177 1558 1334 1623 2735 2724 2786 2217 2235
178 1557 1335 1622 2742 2716 2783 2218 2236
179 1562 1325 1617 2733 2719 2791 2214 2221
180 1568 1334 1623 2738 2719 2786 2218 2230
181 1570 1328 1617 2731 2734 2799 2217 2218
182 1565 1324 1623 2751 2717 2791 2222 2229
183 1561 1324 1619 2748 2725 2788 2217 2229
184 1563 1330 1615 2740 2734 2800 2215 2210
185 1562 1329 1622 2732 2723 2806 2216 2220
186 1563 1334 1617 2740 2721 2801 2217 2209
187 1559 1329 1617 2751 2737 2806 2220 2220
188 1560 1334 1625 2746 2732 2799 2216 2223
189 1555 1335 1627 2750 2734 2801 2219 2206
190 1550 1339 1623 2751 2741 2805 2220 2218
191 1548 1335 1627 2737 2745 2813 2226 2217
192 1546 1336 1627 2742 2733 2798 2225 2239
193 1544 1333 1612 2748 2731 2807 2220 2237
194 1553 1327 1621 2732 2750 2827 2219 2232
195 1551 1333 1623 2745 2735 2813 2216 2251
196 1550 1328 1610 2759 2726 2818 2217 2243
197 1555 1335 1623 2750 2724 2814 2211 2260
198 1559 1332 1624 2753 2719 2824 2210 2254
199 1558 1332 1622 2749 2733 2828 2210 2243
200 1560 1335 1627 2755 2725 2812 2216 2247
201 1561 1332 1623 2735 2738 2832 2216 2241
202 1560 1330 1628 2749 2733 2824 2217 2256
203 1565 1334 1627 2762 2720 2816 2219 2244
204 1570 1339 1627 2744 2735 2831 2222 2229
205 1556 1332 1628 2740 2742 2829 2223 2232
206 1567 1339 1625 2737 2728 2818 2221 2228
207 1560 1339 1616 2744 2730 2832 2221 2238
208 1561 1339 1624 2762 2732 2818 2221 2231
209 1578 1338 1621 2755 2721 2815 2219 2219
210 1570 1342 1625 2737 2734 2842 2221 2227
211 1568 1329 1612 2770 2731 2820 2213 2218
212 1569 1335 1620 2735 2725 2820 2217 2232
213 1567 1333 1614 2739 2748 2848 2217 2231
214 1566 1336 1628 2735 2730 2825 2220 2223
215 1566 1337 1619 2742 2723 2818 2219 2232
216 1563 1332 1622 2749 2743 2814 2217 2220
217 1561 1340 1614 2746 2719 2830 2220 2234
218 1556 1331 1623 2744 2737 2828 2218 2223
219 1565 1337 1625 2751 2727 2824 2224 2210
220 1561 1336 1627 2739 2751 2832 2224 2221
221 1563 1337 1625 2743 2736 2828 2223 2217
222 1562 1337 1618 2744 2720 2822 2220 2234
223 1555 1333 1620 2748 2732 2813 2220 2218
224 1563 1336 1622 2741 2738 2824 2219 2213
225 1562 1334 1621 2732 2718 2810 2221 2224
226 1559 1338 1625 2733 2730 2820 2221 2218
227 1558 1335 1623 2761 2722 2809 2223 2237
228 1566 1335 1620 2754 2724 2817 2222 2223
229 1562 1332 1622 2752 2733 2816 2218 2221
230 1561 1342 1629 2737 2730 2821 2221 2224
231 1564 1332 1626 2738 2740 2828 2220 2222
232 1564 1340 1628 2752 2726 2816 2222 2231
233 1561 1337 1624 2755 2729 2813 2221 2226
234 1557 1339 1624 2745 2750 2811 2216 2221
235 1559 1337 1616 2747 2730 2821 2217 2227
236 1559 1336 1628 2751 2738 2804 2218 2218
237 1561 1336 1620 2740 2729 2817 2223 2228
238 1564 1336 1625 2736 2735 2816 2217 2218
239 1565 1340 1627 2748 2724 2807 2221 2214
240 1565 1331 1620 2759 2746 2821 2219 2220
241 1563 1336 1627 2741 2736 2819 2221 2217
242 1562 1330 1627 2736 2738 2817 2216 2238
243 1554 1331 1625 2733 2744 2838 2216 2223
244 1565 1331 1631 2737 2746 2825 2219 2221
245 1561 1329 1623 2749 2731 2823 2216 2228
246 1552 1330 1627 2737 2744 2833 2222 2231
247 1559 1331 1617 2750 2732 2821 2216 2240
248 1557 1327 1625 2748 2729 2816 2214 2232
249 1550 1333 1627 2748 2735 2824 2213 2230
250 1556 1330 1621 2749 2746 2821 2216 2241
251 1559 1334 1626 2742 2723 2823 2228 2236
252 1556 1334 1622 2745 2730 2815 2217 2247
253 1550 1335 1622 2747 2727 2811 2220 2236
254 1559 1337 1630 2735 2723 2801 2217 2233
255 1563 1334 1624 2741 2744 2818 2223 2238
256 1563 1340 1629 2752 2723 2823 2225 2232
257 1564 1338 1620 2755 2734 2811 2218 2246
258 1561 1343 1628 2753 2732 2821 2223 2232
259 1560 1332 1621 2754 2722 2811 2219 2228
260 1564 1344 1631 2743 2730 2812 2231 2232
261 1559 1346 1627 2752 2725 2808 2224 2225
262 1567 1344 1628 2739 2728 2815 2221 2237
263 1565 1344 1625 2746 2731 2813 2219 2217
264 1563 1346 1630 2729 2731 2798 2219 2218
265 1561 1339 1627 2738 2741 2798 2228 2222
266 1569 1345 1622 2745 2728 2795 2221 2215
267 1566 1345 1623 2743 2714 2796 2226 2232
268 1567 1342 1628 2750 2734 2799 2224 2221
269 1577 1339 1630 2731 2716 2806 2233 2224
270 1568 1339 1629 2742 2731 2799 2229 2229
271 1567 1340 1633 2740 2740 2797 2225 2225
272 1570 1341 1632 2740 2738 2796 2229 2237
273 1571 1338 1629 2735 2731 2780 2227 2223
274 1569 1337 1625 2744 2721 2793 2226 2225
275 1570 1337 1621 2750 2738 2791 2221 2229
276 1560 1341 1629 2750 2726 2785 2227 2228
277 1567 1343 1622 2739 2728 2785 2230 2241
278 1565 1349 1626 2738 2729 2787 2237 2226
279 1570 1348 1625 2737 2727 2777 2234 2223
280 1585 1344 1635 2749 2720 2779 2227 2199
281 1576 1353 1633 2741 2730 2778 2232 2205
282 1571 1350 1628 2738 2727 2780 2230 2218
283 1576 1348 1623 2739 2720 2779 2238 2204
284 1577 1341 1626 2746 2727 2777 2220 2204
285 1572 1334 1616 2737 2719 2770 2208 2203
286 1576 1321 1617 2752 2726 2779 2212 2205
287 1570 1322 1630 2747 2725 2783 2221 2216
288 1569 1318 1625 2740 2726 2783 2233 2206
289 1561 1324 1629 2749 2720 2771 2227 2212
290 1550 1328 1633 2739 2724 2776 2234 2223
291 1555 1323 1628 2744 2723 2787 2232 2228
292 1554 1326 1629 2750 2726 2782 2229 2234
293 1559 1324 1631 2743 2716 2770 2222 2205
294 1554 1318 1619 2731 2722 2781 2221 2209
295 1558 1315 1630 2741 2721 2778 2223 2218
296 1554 1322 1628 2740 2723 2777 2224 2223
297 1559 1327 1623 2742 2718 2772 2231 2242
298 1556 1324 1630 2737 2717 2771 2216 2216
299 1557 1324 1628 2740 2718 2782 2224 2224
300 1558 1334 1626 2739 2724 2779 2218 2224
301 1554 1333 1629 2732 2727 2777 2222 2218
302 1567 1333 1622 2740 2727 2781 2226 2225
303 1565 1338 1627 2749 2713 2779 2220 2219
304 1562 1338 1630 2749 2728 2778 2220 2216
305 1566 1344 1628 2732 2723 2777 2227 2223
306 1568 1340 1635 2743 2716 2775 2223 2218
307 1565 1340 1632 2751 2726 2786 2224 2231
308 1572 1337 1634 2744 2717 2776 2232 2224
309 1568 1341 1628 2738 2726 2777 2218 2229
310 1571 1339 1632 2743 2718 2786 2226 2226
311 1573 1337 1627 2740 2713 2775 2234 2225
312 1572 1344 1624 2749 2725 2779 2227 2247
313 1573 1351 1617 2745 2728 2784 2223 2219
314 1571 1345 1627 2745 2717 2772 2219 2212
315 1573 1344 1631 2737 2721 2775 2233 2223
316 1564 1345 1630 2735 2719 2772 2232 2228
317 1565 1349 1626 2740 2722 2780 2225 2218
318 1569 1345 1626 2742 2717 2771 2222 2175
319 1571 1342 1635 2751 2722 2778 2229 2196
320 1571 1339 1636 2732 2712 2774 2235 2210
321 1561 1342 1636 2739 2719 2782 2231 2214
322 1561 1335 1638 2742 2721 2779 2228 2209
323 1560 1324 1636 2733 2715 2771 2229 2197
324 1556 1331 1630 2740 2714 2777 2238 2222
325 1554 1331 1624 2741 2720 2773 2239 2250
326 1556 1332 1616 2745 2723 2775 2229 2257
327 1558 1328 1617 2731 2720 2773 2220 2250
328 1563 1334 1622 2743 2730 2777 2210 2233
329 1556 1333 1616 2734 2712 2766 2219 2238
330 1561 1337 1630 2731 2724 2769 2225 2230
331 1558 1322 1635 2742 2719 2776 2233 2241
332 1560 1330 1637 2740 2721 2779 2239 2260
333 1549 1330 1629 2736 2722 2767 2233 2250
334 1562 1331 1622 2734 2731 2787 2228 2245
335 1566 1321 1621 2750 2716 2780 2212 2217
336 1570 1332 1629 2747 2723 2776 2217 2222
337 1570 1331 1633 2745 2731 2780 2223 2235
338 1566 1333 1627 2731 2712 2778 2230 2220
339 1570 1330 1626 2751 2726 2774 2226 2224
340 1567 1332 1637 2744 2722 2781 2223 2221
341 1554 1332 1626 2746 2724 2769 2222 2223
342 1562 1333 1632 2733 2729 2783 2225 2232
343 1564 1334 1636 2744 2723 2782 2229 2213
344 1560 1333 1624 2738 2726 2781 2219 2224
345 1568 1331 1632 2741 2722 2776 2223 2217
346 1569 1327 1627 2736 2721 2793 2220 2234
347 1569 1335 1630 2734 2724 2792 2225 2246
348 1559 1333 1627 2748 2725 2784 2223 2230
349 1556 1332 1633 2741 2724 2786 2221 2240
350 1563 1336 1632 2737 2717 2777 2220 2229
351 1563 1341 1628 2730 2728 2782 2223 2239
352 1561 1336 1633 2741 2716 2780 2226 2243
353 1571 1342 1634 2739 2722 2788 2221 2230
354 1573 1335 1628 2740 2711 2776 2222 2238
355 1571 1341 1629 2736 2726 2790 2223 2230
356 1569 1340 1635 2738 2723 2787 2224 2237
357 1560 1336 1632 2740 2722 2777 2227 2238
358 1568 1339 1626 2734 2724 2779 2221 2221
359 1561 1339 1631 2739 2724 2784 2224 2233
360 1563 1338 1625 2734 2725 2785 2223 2230
361 1558 1339 1632 2732 2718 2783 2227 2237
362 1562 1335 1634 2736 2721 2780 2224 2240
363 1563 1330 1631 2736 2732 2786 2222 2225
364 1567 1332 1632 2736 2725 2780 2225 2234
365 1565 1330 1630 2744 2718 2788 2222 2226
366 1568 1335 1630 2741 2721 2780 2229 2239
367 1567 1332 1628 2743 2721 2775 2223 2238
368 1565 1338 1626 2730 2719 2776 2225 2225
369 1568 1333 1634 2736 2715 2776 2225 2235
370 1565 1333 1629 2747 2717 2778 2227 2228
371 1566 1337 1631 2745 2730 2777 2227 2239
372 1564 1332 1626 2742 2727 2787 2224 2238
373 1576 1333 1622 2738 2709 2770 2229 2227
374 1568 1333 1632 2739 2715 2777 2225 2234
375 1571 1335 1633 2741 2715 2773 2228 2226
376 1564 1336 1633 2744 2711 2771 2224 2238
377 1569 1339 1626 2745 2733 2776 2221 2228
378 1566 1339 1636 2731 2720 2779 2223 2218
379 1567 1335 1635 2746 2712 2771 2228 2229
380 1571 1337 1639 2737 2729 2772 2231 2226
381 1572 1336 1626 2739 2717 2778 2228 2239
382 1570 1337 1628 2738 2727 2786 2228 2238
383 1557 1335 1626 2737 2723 2773 2220 2219
384 1565 1333 1631 2735 2725 2774 2232 2233
385 1566 1337 1634 2743 2720 2779 2223 2225
386 1555 1338 1628 2744 2719 2771 2227 2242
387 1560 1334 1634 2723 2705 2784 2220 2237
388 1555 1339 1637 2746 2714 2773 2226 2214
389 1561 1340 1629 2742 2719 2779 2225 2225
390 1558 1333 1634 2737 2721 2786 2219 2221
391 1562 1338 1636 2746 2723 2775 2230 2233
392 1567 1333 1631 2751 2720 2787 2226 2234
393 1572 1337 1628 2740 2732 2790 2232 2223
394 1558 1334 1636 2750 2721 2773 2224 2229
395 1569 1333 1636 2730 2730 2781 2223 2223
396 1559 1332 1623 2741 2730 2780 2223 2240
397 1565 1331 1630 2740 2723 2787 2226 2240
398 1566 1331 1631 2738 2719 2788 2227 2228
399 1559 1329 1636 2748 2722 2785 2221 2242
400 1565 1332 1626 2745 2717 2781 2221 2232
401 1562 1329 1631 2730 2725 2792 2219 2250
402 1557 1330 1633 2735 2721 2790 2220 2244
403 1565 1331 1631 2736 2713 2791 2224 2239
404 1562 1328 1635 2743 2723 2782 2219 2244
405 1565 1332 1637 2748 2714 2788 2221 2239
406 1563 1329 1633 2734 2728 2789 2219 2250
407 1553 1332 1633 2748 2722 2795 2223 2245
408 1560 1326 1633 2727 2723 2793 2220 2239
409 1555 1333 1632 2745 2720 2775 2222 2246
410 1558 1336 1626 2753 2730 2781 2226 2238
411 1569 1334 1635 2738 2716 2773 2233 2250
412 1574 1340 1634 2743 2714 2771 2243 2243
413 1574 1339 1636 2741 2723 2780 2237 2233
414 1579 1349 1634 2741 2714 2772 2244 2241
415 1582 1352 1637 2736 2722 2763 2238 2226
416 1588 1355 1643 2737 2727 2764 2241 2232
417 1587 1358 1637 2729 2722 2759 2228 2212
418 1595 1360 1634 2733 2716 2763 2226 2198
419 1587 1359 1634 2736 2727 2761 2230 2200
420 1588 1363 1639 2743 2728 2762 2243 2194
421 1578 1368 1632 2738 2718 2751 2253 2210
422 1580 1369 1640 2733 2723 2757 2247 2201
423 1570 1367 1639 2741 2726 2760 2248 2197
424 1572 1364 1627 2737 2725 2762 2241 2204
425 1577 1360 1633 2741 2722 2757 2245 2198
426 1584 1353 1637 2736 2719 2753 2242 2212
427 1574 1350 1629 2741 2724 2765 2242 2213
428 1568 1350 1639 2734 2718 2752 2246 2210
429 1579 1349 1640 2743 2726 2756 2243 2218
430 1573 1346 1638 2743 2717 2758 2252 2208
431 1578 1345 1636 2744 2720 2753 2243 2221
432 1569 1344 1629 2736 2720 2760 2248 2210
433 1566 1344 1635 2743 2721 2751 2247 2199
434 1566 1341 1632 2739 2724 2754 2253 2202
435 1565 1339 1637 2737 2730 2761 2251 2191
436 1563 1336 1637 2737 2720 2754 2247 2211
437 1569 1328 1638 2744 2728 2756 2244 2197
438 1563 1329 1634 2736 2725 2752 2243 2197
439 1558 1324 1630 2743 2731 2751 2252 2202
440 1559 1324 1637 2744 2719 2749 2244 2203
441 1554 1318 1634 2746 2723 2755 2249 2225
442 1557 1319 1629 2739 2721 2753 2250 2214
443 1555 1313 1629 2739 2723 2755 2251 2215
444 1550 1313 1633 2734 2726 2759 2251 2221
445 1549 1324 1624 2733 2722 2756 2244 2218
446 1555 1322 1626 2741 2727 2757 2245 2234
447 1545 1327 1634 2733 2727 2753 2242 2221
448 1552 1326 1628 2741 2722 2753 2250 2225
449 1555 1329 1633 2740 2717 2751 2247 2229
450 1554 1329 1628 2740 2727 2753 2245 2229
451 1558 1334 1636 2739 2718 2759 2250 2239
452 1558 1332 1634 2743 2715 2751 2248 2230
453 1568 1334 1633 2743 2720 2756 2250 2222
454 1565 1338 1636 2740 2725 2748 2244 2231
455 1569 1335 1636 2742 2722 2754 2245 2222
456 1565 1338 1633 2738 2724 2753 2243 2233
457 1574 1342 1635 2745 2718 2750 2248 2214
458 1574 1345 1640 2735 2724 2749 2247 2207
459 1576 1344 1624 2735 2728 2753 2245 2215
460 1571 1348 1639 2734 2729 2747 2247 2206
461 1575 1341 1638 2736 2722 2749 2247 2221
462 1570 1345 1638 2742 2719 2758 2248 2203
463 1573 1343 1634 2739 2715 2746 2247 2205
464 1576 1343 1638 2739 2725 2751 2246 2210
465 1570 1342 1630 2738 2728 2744 2246 2209
466 1570 1343 1639 2746 2722 2751 2250 2230
467 1570 1336 1635 2745 2720 2747 2252 2215
468 1571 1338 1635 2736 2722 2754 2245 2217
469 1570 1338 1634 2739 2719 2754 2246 2216
470 1557 1337 1630 2736 2720 2746 2245 2218
471 1565 1337 1631 2736 2724 2757 2251 2235
472 1568 1330 1634 2740 2723 2754 2244 2218
473 1571 1335 1633 2733 2721 2745 2247 2220
474 1567 1330 1633 2735 2726 2749 2248 2215
475 1563 1337 1636 2740 2727 2744 2251 2218
476 1564 1336 1634 2733 2718 2745 2255 2226
477 1573 1339 1643 2740 2722 2749 2246 2201
478 1569 1337 1634 2739 2720 2752 2251 2204
479 1568 1339 1638 2746 2721 2747 2248 2204
480 1570 1338 1637 2735 2722 2752 2253 2200
481 1561 1337 1633 2733 2721 2751 2257 2210
482 1570 1333 1633 2738 2719 2741 2252 2195
483 1572 1337 1630 2741 2727 2745 2256 2204
484 1562 1336 1633 2733 2716 2751 2249 2201
485 1573 1339 1638 2735 2719 2740 2260 2201
486 1571 1342 1634 2733 2724 2740 2254 2214
487 1570 1341 1635 2745 2719 2741 2253 2200
488 1566 1343 1636 2743 2719 2746 2249 2202
489 1568 1335 1629 2746 2721 2744 2253 2201
490 1570 1346 1640 2739 2728 2748 2260 2199
491 1567 1345 1638 2743 2717 2739 2252 2215
492 1572 1342 1636 2739 2726 2741 2257 2197
493 1573 1348 1627 2740 2728 2750 2254 2200
494 1570 1345 1630 2739 2721 2740 2261 2200
495 1570 1344 1637 2740 2725 2735 2257 2200
496 1567 1344 1635 2742 2723 2740 2261 2212
497 1569 1337 1636 2741 2717 2735 2265 2191
498 1571 1344 1637 2733 2721 2736 2270 2208
499 1574 1345 1642 2737 2720 2739 2271 2214
500 1577 1341 1635 2738 2724 2739 2261 2214
501 1572 1344 1637 2744 2718 2735 2261 2229
502 1567 1342 1634 2744 2723 2740 2260 2210
503 1563 1346 1635 2737 2725 2737 2262 2216
504 1574 1342 1632 2738 2717 2738 2263 2214
505 1573 1341 1629 2739 2715 2729 2257 2216
506 1570 1346 1632 2734 2722 2732 2262 2229
507 1571 1343 1630 2741 2719 2736 2262 2213
508 1574 1340 1636 2735 2722 2736 2271 2216
509 1574 1340 1639 2743 2719 2731 2263 2207
510 1570 1333 1635 2745 2720 2736 2265 2212
511 1569 1336 1633 2741 2721 2730 2265 2226
512 1564 1336 1631 2739 2718 2726 2268 2213
513 1571 1325 1631 2742 2720 2727 2274 2221
514 1569 1329 1626 2739 2724 2727 2265 2208
515 1568 1336 1633 2739 2715 2719 2267 2210
516 1573 1338 1634 2740 2713 2705 2263 2215
517 1574 1342 1630 2740 2716 2720 2275 2205
518 1576 1341 1630 2736 2703 2707 2280 2203
519 1579 1347 1630 2730 2698 2708 2277 2188
520 1584 1345 1632 2738 2705 2703 2279 2195
521 1578 1348 1621 2739 2693 2700 2273 2201
522 1583 1350 1624 2730 2683 2687 2271 2174
523 1586 1355 1625 2733 2688 2688 2255 2156
524 1590 1357 1633 2726 2673 2683 2265 2144
525 1586 1355 1626 2728 2672 2675 2269 2147
526 1584 1350 1634 2731 2672 2682 2274 2156
527 1580 1352 1639 2722 2669 2676 2278 2135
528 1583 1353 1630 2726 2663 2665 2280 2132
529 1586 1349 1632 2724 2657 2659 2279 2131
530 1582 1347 1633 2722 2648 2652 2277 2138
531 1570 1342 1627 2725 2646 2647 2276 2147
532 1567 1344 1632 2722 2633 2657 2271 2140
533 1563 1338 1627 2724 2634 2646 2269 2154
534 1560 1339 1630 2712 2641 2646 2268 2169
535 1552 1334 1630 2716 2630 2629 2272 2188
536 1553 1330 1631 2720 2616 2621 2272 2209
537 1550 1327 1629 2727 2612 2641 2268 2200
538 1549 1329 1633 2722 2633 2628 2270 2217
539 1546 1322 1625 2726 2617 2617 2274 2222
540 1548 1323 1628 2716 2630 2624 2271 2235
541 1551 1324 1630 2715 2634 2619 2269 2246
542 1556 1327 1631 2715 2631 2626 2264 2225
543 1558 1327 1630 2721 2614 2620 2269 2226
544 1555 1330 1631 2718 2609 2620 2270 2213
545 1554 1335 1629 2717 2613 2631 2278 2223
546 1556 1327 1631 2716 2617 2615 2266 2213
547 1562 1335 1628 2718 2620 2604 2266 2188
548 1568 1334 1631 2706 2623 2615 2261 2189
549 1566 1332 1628 2730 2611 2604 2269 2190
550 1566 1330 1630 2715 2615 2613 2265 2194
551 1565 1326 1631 2708 2619 2618 2263 2201
552 1561 1326 1626 2715 2620 2589 2262 2177
553 1560 1319 1630 2723 2622 2610 2268 2195
554 1558 1327 1630 2712 2606 2593 2272 2189
555 1556 1330 1634 2710 2608 2611 2269 2206
556 1552 1321 1633 2716 2599 2605 2271 2211
557 1551 1329 1633 2719 2604 2601 2267 2196
558 1547 1330 1631 2706 2603 2618 2270 2214
559 1553 1330 1626 2710 2606 2608 2271 2211
560 1550 1322 1631 2713 2611 2594 2262 2223
561 1554 1333 1633 2718 2617 2614 2263 2227
562 1559 1337 1629 2721 2607 2603 2263 2222
563 1554 1336 1630 2713 2620 2604 2268 2231
564 1563 1331 1631 2705 2611 2605 2263 2230
565 1554 1337 1637 2710 2619 2622 2258 2243
566 1556 1337 1634 2724 2604 2598 2265 2246
567 1559 1337 1637 2710 2618 2601 2263 2230
568 1558 1330 1628 2714 2609 2602 2267 2239
569 1561 1336 1631 2721 2621 2606 2255 2226
570 1570 1337 1622 2724 2609 2607 2259 2231
571 1571 1336 1622 2713 2613 2619 2253 2222
572 1571 1332 1630 2711 2608 2591 2266 2208
573 1575 1334 1629 2719 2613 2595 2260 2207
574 1563 1338 1625 2721 2601 2613 2257 2209
575 1554 1334 1618 2721 2604 2603 2263 2253
576 1569 1329 1613 2707 2611 2603 2248 2171
577 1566 1332 1622 2712 2608 2608 2231 2157
578 1554 1332 1632 2720 2608 2606 2234 2208
579 1564 1329 1639 2715 2620 2618 2261 2213
580 1560 1327 1633 2722 2625 2613 2263 2211
581 1556 1325 1633 2714 2625 2613 2269 2206
582 1555 1324 1636 2722 2615 2610 2262 2179
583 1561 1323 1629 2719 2611 2618 2261 2180
584 1557 1327 1626 2718 2630 2617 2272 2193
585 1550 1335 1631 2715 2622 2607 2270 2233
586 1549 1335 1619 2725 2608 2611 2268 2233
587 1550 1338 1620 2711 2639 2621 2250 2224
588 1553 1333 1620 2724 2622 2627 2246 2230
589 1552 1342 1616 2726 2634 2618 2237 2224
590 1557 1337 1623 2721 2621 2619 2238 2251
591 1557 1339 1626 2716 2625 2632 2252 2239
592 1566 1339 1633 2724 2625 2623 2254 2228
593 1571 1338 1634 2719 2627 2639 2265 2229
594 1570 1339 1626 2719 2621 2639 2268 2210
595 1572 1342 1632 2722 2622 2626 2269 2200
596 1584 1343 1631 2719 2629 2632 2266 2190
597 1577 1346 1621 2714 2627 2628 2263 2202
598 1570 1348 1626 2721 2627 2630 2276 2238
599 1574 1347 1623 2723 2626 2620 2276 2230
600 1567 1348 1620 2725 2638 2631 2263 2226
601 1559 1350 1617 2728 2623 2625 2247 2216
602 1568 1345 1620 2724 2624 2619 2243 2204
603 1563 1342 1617 2717 2647 2620 2243 2208
604 1558 1346 1619 2712 2624 2636 2249 2200
605 1561 1342 1627 2711 2613 2623 2229 2196
606 1559 1338 1629 2731 2639 2626 2248 2213
607 1557 1335 1630 2720 2619 2627 2255 2205
608 1563 1333 1631 2728 2640 2620 2255 2210
609 1552 1331 1632 2714 2637 2636 2264 2214
610 1544 1330 1638 2720 2644 2631 2257 2220
611 1535 1328 1633 2726 2635 2637 2252 2206
612 1531 1327 1631 2718 2637 2637 2249 2201
613 1524 1336 1631 2728 2639 2637 2259 2223
614 1526 1324 1632 2715 2640 2641 2265 2228
615 1528 1329 1630 2722 2629 2637 2261 2249
616 1537 1324 1623 2717 2632 2640 2270 2244
617 1546 1320 1624 2722 2633 2637 2266 2256
618 1555 1317 1621 2727 2636 2644 2272 2279
619 1570 1315 1613 2718 2644 2637 2265 2270
620 1576 1322 1621 2719 2619 2634 2253 2268
621 1582 1327 1620 2728 2641 2632 2243 2231
622 1582 1337 1619 2711 2613 2630 2241 2217
623 1580 1342 1620 2727 2622 2621 2249 2213
624 1577 1350 1621 2718 2631 2633 2249 2201
625 1578 1354 1627 2711 2633 2622 2254 2208
626 1571 1352 1625 2728 2628 2625 2255 2188
627 1572 1344 1621 2718 2646 2639 2260 2180
628 1567 1343 1627 2717 2636 2640 2257 2181
629 1566 1343 1627 2724 2639 2635 2254 2171
630 1560 1341 1626 2718 2636 2627 2254 2189
631 1561 1338 1630 2718 2621 2635 2255 2180
632 1564 1334 1627 2728 2627 2637 2258 2180
633 1556 1329 1625 2724 2631 2634 2252 2194
634 1552 1327 1631 2722 2629 2632 2257 2201
635 1544 1328 1622 2719 2635 2619 2251 2226
636 1548 1327 1614 2716 2639 2633 2256 2227
637 1545 1329 1616 2714 2631 2626 2253 2227
638 1539 1327 1622 2718 2638 2631 2249 2245
639 1536 1328 1622 2712 2627 2618 2252 2245
640 1550 1328 1623 2713 2621 2624 2250 2264
641 1557 1328 1622 2717 2614 2629 2259 2249
642 1552 1332 1627 2717 2605 2618 2253 2249
643 1545 1336 1616 2729 2619 2621 2255 2261
644 1557 1329 1621 2717 2614 2609 2250 2253
645 1554 1334 1616 2721 2628 2618 2244 2255
646 1553 1334 1615 2718 2644 2637 2246 2217
647 1557 1342 1628 2717 2617 2627 2247 2221
648 1547 1340 1628 2715 2627 2624 2255 2237
649 1554 1337 1618 2719 2628 2648 2250 2245
650 1566 1325 1625 2720 2639 2646 2254 2269
651 1578 1320 1618 2725 2642 2637 2252 2273
652 1590 1316 1607 2728 2641 2643 2252 2280
653 1601 1322 1610 2725 2646 2644 2241 2235
654 1601 1334 1612 2721 2646 2647 2226 2190
655 1601 1341 1616 2722 2649 2635 2227 2169
656 1597 1351 1625 2726 2653 2648 2237 2152
657 1591 1354 1626 2728 2654 2645 2247 2148
658 1588 1352 1629 2730 2648 2655 2255 2140
659 1573 1345 1628 2725 2646 2653 2258 2135
660 1569 1339 1624 2730 2657 2653 2257 2170
661 1557 1330 1613 2722 2663 2652 2247 2168
662 1544 1329 1619 2717 2659 2655 2244 2173
663 1543 1328 1620 2723 2662 2659 2235 2191
664 1542 1327 1620 2729 2653 2660 2242 2203
665 1540 1330 1623 2725 2658 2675 2239 2224
666 1539 1331 1618 2736 2661 2664 2241 2220
667 1546 1332 1627 2731 2660 2662 2238 2222
668 1545 1326 1611 2724 2658 2667 2244 2225
669 1552 1330 1625 2731 2655 2667 2247 2225
670 1554 1337 1622 2735 2649 2661 2233 2235
671 1553 1334 1624 2727 2666 2672 2241 2223
672 1554 1336 1624 2723 2661 2662 2245 2227
673 1559 1340 1627 2728 2657 2659 2252 2228
674 1563 1334 1623 2729 2657 2665 2246 2223
675 1561 1340 1623 2729 2657 2673 2240 2238
676 1562 1338 1621 2730 2667 2669 2243 2217
677 1557 1338 1621 2728 2657 2676 2241 2219
678 1558 1336 1614 2731 2675 2679 2248 2219
679 1560 1334 1623 2726 2672 2682 2242 2213
680 1558 1343 1622 2735 2657 2677 2243 2221
681 1560 1339 1628 2729 2671 2682 2246 2206
682 1563 1338 1623 2726 2672 2689 2243 2206
683 1561 1340 1621 2730 2669 2685 2247 2206
684 1557 1339 1624 2733 2670 2682 2236 2205
685 1561 1336 1617 2723 2681 2690 2240 2225
686 1557 1331 1618 2734 2683 2690 2241 2206
687 1556 1328 1623 2730 2673 2692 2245 2210
688 1553 1328 1627 2730 2673 2690 2242 2216
689 1552 1334 1625 2727 2681 2694 2242 2218
690 1543 1334 1626 2726 2680 2683 2243 2233
691 1544 1336 1616 2730 2683 2692 2241 2214
692 1554 1334 1624 2726 2678 2691 2248 2223
693 1557 1333 1624 2733 2687 2687 2238 2224
694 1553 1332 1618 2729 2677 2698 2241 2225
695 1550 1333 1618 2727 2680 2694 2241 2240
696 1555 1336 1624 2741 2679 2684 2241 2222
697 1558 1338 1628 2730 2686 2695 2242 2229
698 1555 1331 1614 2735 2680 2692 2238 2227
699 1558 1337 1623 2737 2687 2684 2242 2231
700 1558 1338 1618 2731 2679 2693 2241 2238
701 1555 1336 1623 2729 2685 2689 2247 2223
702 1556 1341 1623 2739 2685 2689 2237 2221
703 1563 1341 1625 2726 2672 2681 2243 2217
704 1548 1344 1626 2729 2685 2680 2247 2215
705 1552 1341 1621 2732 2672 2676 2249 2227
706 1544 1350 1605 2725 2662 2672 2250 2249
707 1551 1335 1615 2730 2668 2676 2248 2213
708 1555 1339 1614 2728 2661 2690 2245 2213
709 1538 1340 1625 2747 2678 2678 2245 2266
710 1556 1333 1620 2734 2679 2691 2254 2297
711 1560 1329 1620 2733 2674 2698 2235 2251
712 1576 1315 1621 2737 2682 2689 2223 2229
713 1575 1331 1637 2727 2683 2685 2227 2204
714 1568 1340 1637 2731 2683 2699 2245 2216
715 1553 1350 1630 2726 2687 2698 2274 2266
716 1555 1351 1622 2727 2681 2688 2267 2250
717 1575 1354 1616 2730 2683 2690 2250 2192
718 1579 1348 1607 2733 2672 2683 2235 2143
719 1576 1355 1615 2724 2672 2678 2256 2169
720 1573 1349 1610 2732 2668 2675 2265 2199
721 1570 1339 1618 2731 2677 2683 2253 2174
722 1577 1333 1621 2721 2675 2684 2245 2183
723 1569 1319 1609 2725 2668 2682 2236 2194
724 1564 1331 1617 2734 2674 2687 2240 2202
725 1557 1333 1620 2725 2674 2686 2232 2207
726 1550 1332 1610 2735 2678 2680 2235 2193
727 1549 1336 1625 2729 2674 2679 2241 2209
728 1546 1331 1621 2724 2675 2677 2253 2210
729 1540 1328 1623 2732 2671 2690 2261 2228
730 1546 1333 1624 2730 2669 2689 2250 2231
731 1548 1331 1618 2725 2668 2691 2243 2216
732 1551 1325 1617 2722 2665 2675 2236 2218
733 1562 1326 1621 2728 2668 2675 2241 2217
734 1557 1334 1616 2725 2663 2680 2234 2224
735 1556 1333 1613 2727 2670 2675 2239 2231
736 1559 1335 1626 2726 2677 2675 2241 2215
737 1557 1329 1621 2729 2666 2669 2241 2220
738 1550 1339 1617 2727 2657 2667 2245 2217
739 1554 1330 1620 2739 2666 2669 2233 2221
740 1549 1338 1613 2733 2671 2669 2239 2229
741 1559 1330 1621 2734 2668 2673 2238 2214
742 1549 1337 1615 2725 2669 2664 2246 2228
743 1555 1334 1617 2735 2657 2668 2242 2220
744 1548 1334 1621 2731 2658 2669 2240 2224
745 1559 1337 1623 2726 2655 2669 2244 2230
746 1558 1339 1622 2730 2669 2664 2242 2213
747 1563 1343 1621 2721 2659 2662 2248 2221
748 1560 1340 1618 2718 2670 2658 2235 2207
749 1561 1338 1620 2727 2655 2660 2242 2219
750 1563 1341 1621 2715 2653 2662 2235 2219
751 1567 1337 1617 2719 2659 2668 2244 2211
752 1562 1337 1620 2725 2644 2655 2247 2221
753 1559 1339 1625 2728 2652 2650 2246 2217
754 1560 1334 1623 2721 2640 2653 2249 2227
755 1557 1338 1620 2728 2634 2641 2247 2234
756 1563 1336 1617 2723 2635 2646 2252 2222
757 1561 1333 1621 2720 2633 2641 2243 2225
758 1563 1330 1621 2723 2645 2626 2244 2219
759 1565 1331 1609 2717 2627 2618 2240 2227
760 1574 1337 1622 2713 2618 2618 2243 2226
761 1567 1334 1619 2715 2626 2621 2243 2207
762 1562 1337 1623 2714 2623 2604 2240 2215
763 1560 1336 1614 2723 2598 2591 2244 2203
764 1561 1334 1618 2707 2591 2597 2240 2214
765 1553 1340 1624 2712 2581 2575 2249 2214
766 1559 1336 1614 2704 2606 2635 2245 2196
767 1552 1345 1623 2737 2651 2677 2242 2197
768 1551 1346 1622 2730 2657 2678 2239 2177
769 1543 1330 1619 2726 2679 2686 2234 2233
770 1537 1330 1612 2735 2685 2692 2236 2275
771 1545 1324 1623 2739 2687 2699 2230 2239
772 1546 1326 1611 2738 2699 2713 2240 2215
773 1542 1331 1626 2737 2709 2715 2236 2231
774 1543 1330 1622 2739 2708 2724 2238 2288
775 1541 1326 1613 2743 2715 2726 2228 2273
776 1552 1330 1616 2742 2713 2727 2228 2239
777 1554 1325 1610 2730 2711 2724 2228 2249
778 1570 1336 1617 2739 2709 2725 2235 2245
779 1573 1337 1614 2738 2712 2723 2237 2241
780 1569 1336 1613 2741 2711 2732 2231 2222
781 1580 1344 1623 2744 2709 2730 2230 2200
782 1575 1346 1617 2734 2718 2725 2235 2211
783 1567 1341 1622 2737 2717 2731 2235 2202
784 1570 1346 1620 2738 2719 2737 2233 2213
785 1564 1336 1621 2738 2717 2730 2227 2216
786 1565 1337 1611 2743 2715 2735 2230 2212
787 1559 1330 1624 2749 2721 2733 2232 2228
788 1554 1331 1619 2744 2719 2734 2234 2219
789 1557 1339 1621 2740 2717 2733 2235 2236
790 1564 1335 1623 2745 2717 2738 2234 2227
791 1559 1333 1616 2743 2723 2731 2234 2218
792 1562 1338 1615 2741 2719 2730 2234 2225
793 1562 1337 1617 2738 2723 2729 2236 2218
794 1559 1332 1617 2737 2721 2732 2230 2235
795 1558 1336 1618 2741 2727 2735 2232 2226
796 1551 1336 1609 2739 2723 2732 2232 2220
797 1559 1339 1614 2740 2719 2737 2232 2225
798 1563 1336 1619 2745 2717 2731 2233 2223
799 1560 1336 1616 2744 2724 2733 2227 2231
800 1555 1339 1619 2745 2720 2735 2233 2227
801 1555 1330 1615 2743 2722 2731 2236 2219
802 1556 1332 1621 2747 2725 2734 2237 2222
803 1553 1341 1622 2736 2726 2732 2233 2217
804 1558 1341 1614 2742 2717 2731 2233 2227
805 1561 1339 1616 2744 2717 2725 2234 2222
806 1556 1338 1621 2737 2721 2731 2236 2210
807 1555 1334 1611 2744 2720 2731 2239 2224
808 1560 1336 1621 2739 2726 2732 2232 2217
809 1556 1338 1622 2746 2724 2731 2235 2231
810 1557 1334 1624 2738 2724 2731 2237 2224
811 1561 1342 1620 2744 2720 2736 2240 2217
812 1563 1336 1620 2734 2724 2738 2234 2226
813 1562 1340 1621 2737 2721 2729 2235 2217
814 1569 1340 1620 2738 2718 2735 2237 2234
815 1569 1335 1620 2735 2720 2734 2235 2222
816 1563 1336 1618 2742 2727 2736 2242 2218
817 1561 1338 1620 2740 2719 2732 2231 2222
818 1559 1333 1618 2740 2728 2733 2236 2220
819 1551 1339 1619 2746 2728 2733 2235 2233
820 1555 1342 1619 2741 2725 2743 2239 2220
821 1552 1335 1617 2743 2719 2727 2237 2220
822 1562 1337 1622 2741 2724 2738 2235 2223
823 1559 1332 1619 2750 2723 2736 2237 2221
824 1554 1336 1618 2735 2722 2738 2233 2233
825 1560 1338 1619 2744 2712 2735 2240 2223
826 1557 1337 1619 2745 2719 2734 2232 2217
827 1561 1341 1618 2743 2723 2736 2234 2227
828 1560 1337 1620 2743 2731 2734 2237 2220
829 1560 1341 1619 2741 2717 2732 2237 2236
830 1560 1343 1616 2740 2722 2739 2238 2221
831 1564 1339 1621 2737 2716 2725 2233 2217
832 1559 1339 1623 2743 2721 2740 2237 2222
833 1563 1342 1615 2736 2720 2726 2228 2215
834 1559 1338 1622 2736 2719 2735 2240 2233
835 1556 1338 1619 2737 2724 2732 2232 2216
836 1553 1342 1619 2747 2726 2732 2234 2218
837 1564 1343 1621 2744 2723 2736 2235 2223
838 1554 1333 1611 2747 2719 2732 2238 2220
839 1556 1330 1619 2747 2727 2736 2240 2233
840 1561 1341 1619 2739 2722 2733 2233 2217
841 1564 1338 1614 2742 2721 2738 2236 2219
842 1563 1337 1611 2739 2724 2738 2231 2220
843 1560 1339 1619 2745 2721 2733 2241 2218
844 1561 1339 1621 2739 2722 2728 2233 2230
845 1562 1338 1615 2744 2728 2727 2235 2219
846 1558 1341 1623 2741 2724 2734 2239 2220
847 1557 1337 1618 2737 2721 2734 2236 2222
848 1560 1338 1618 2739 2723 2729 2242 2220
849 1566 1337 1622 2738 2720 2736 2237 2235
850 1569 1334 1614 2745 2725 2736 2237 2218
851 1553 1340 1620 2747 2721 2731 2234 2219
852 1562 1340 1621 2746 2726 2732 2237 2222
853 1563 1339 1623 2740 2723 2742 2238 2219
854 1560 1342 1617 2747 2722 2732 2235 2232
855 1562 1337 1618 2745 2722 2730 2237 2219
856 1560 1337 1620 2736 2723 2732 2236 2219
857 1553 1330 1621 2736 2728 2734 2240 2222
858 1551 1341 1622 2747 2723 2741 2236 2222
859 1559 1333 1621 2739 2724 2729 2232 2232
860 1558 1336 1621 2737 2730 2738 2236 2217
861 1556 1339 1613 2747 2727 2730 2240 2221
862 1561 1338 1613 2744 2728 2741 2239 2219
863 1559 1338 1614 2741 2721 2734 2235 2222
864 1554 1336 1623 2743 2718 2733 2237 2232
865 1559 1340 1624 2742 2718 2740 2239 2218
866 1552 1334 1621 2740 2718 2733 2238 2218
867 1548 1336 1623 2735 2722 2730 2237 2222
868 1562 1337 1620 2744 2722 2729 2232 2219
869 1553 1335 1621 2739 2727 2733 2238 2234
870 1566 1339 1622 2743 2724 2731 2234 2215
871 1562 1339 1620 2745 2713 2737 2243 2220
872 1557 1331 1619 2744 2724 2734 2236 2222
873 1560 1331 1620 2744 2725 2741 2235 2220
874 1555 1333 1618 2739 2723 2728 2235 2235
875 1563 1340 1622 2749 2724 2731 2239 2216
876 1563 1340 1616 2737 2722 2733 2240 2222
877 1557 1336 1618 2737 2722 2738 2234 2221
878 1562 1340 1619 2739 2720 2740 2238 2224
879 1560 1333 1615 2738 2721 2731 2231 2232
880 1558 1338 1614 2742 2723 2739 2242 2216
881 1561 1331 1618 2747 2721 2729 2231 2219
882 1564 1333 1623 2740 2720 2736 2237 2220
883 1565 1339 1614 2745 2717 2728 2231 2218
884 1564 1338 1621 2742 2720 2731 2239 2234
885 1563 1338 1618 2744 2726 2733 2237 2214
886 1564 1337 1621 2740 2729 2741 2235 2221
887 1560 1337 1621 2744 2724 2741 2239 2217
888 1559 1339 1617 2738 2719 2734 2235 2222
889 1560 1337 1610 2747 2724 2734 2243 2235
890 1559 1338 1620 2738 2725 2737 2235 2214
891 1550 1338 1611 2744 2726 2730 2235 2221
892 1556 1339 1619 2735 2718 2730 2236 2219
893 1557 1341 1620 2742 2723 2730 2238 2222
894 1563 1337 1617 2741 2726 2733 2241 2233
895 1566 1338 1623 2735 2730 2726 2236 2218
896 1561 1335 1616 2745 2723 2734 2236 2218
897 1548 1340 1615 2747 2724 2733 2235 2220
898 1560 1339 1617 2739 2723 2736 2240 2221
899 1555 1337 1615 2739 2727 2734 2237 2232
900 1559 1341 1616 2746 2725 2731 2236 2216
901 1557 1338 1619 2745 2728 2733 2235 2221
902 1552 1333 1622 2745 2726 2737 2237 2220
903 1556 1337 1619 2742 2727 2733 2238 2221
904 1554 1338 1615 2748 2725 2733 2235 2234
905 1556 1337 1610 2745 2727 2736 2237 2210
906 1548 1341 1621 2745 2723 2736 2235 2223
907 1554 1339 1623 2744 2724 2740 2236 2216
908 1567 1338 1615 2736 2724 2729 2239 2224
909 1561 1338 1619 2736 2719 2738 2229 2228
910 1558 1339 1619 2741 2725 2731 2236 2217
911 1557 1329 1621 2735 2720 2730 2237 2221
912 1566 1338 1623 2743 2719 2736 2241 2221
913 1564 1341 1622 2746 2717 2729 2240 2227
914 1564 1337 1616 2741 2727 2734 2235 2230
915 1563 1339 1615 2743 2724 2736 2239 2216
916 1559 1340 1621 2745 2718 2736 2235 2220
917 1561 1342 1623 2743 2720 2731 2242 2218
918 1560 1336 1618 2749 2723 2735 2234 2226
919 1560 1339 1621 2735 2722 2729 2235 2232
920 1564 1338 1619 2743 2723 2730 2239 2216
921 1557 1338 1621 2739 2730 2732 2238 2219
922 1555 1329 1617 2748 2717 2731 2239 2219
923 1558 1340 1617 2733 2726 2738 2231 2222
924 1564 1335 1621 2747 2721 2738 2237 2232
925 1559 1336 1617 2744 2720 2740 2239 2214
926 1551 1332 1614 2736 2723 2733 2242 2223
927 1557 1339 1617 2736 2725 2730 2236 2220
928 1561 1337 1610 2743 2718 2746 2236 2225
929 1561 1340 1621 2743 2722 2732 2238 2231
930 1564 1332 1622 2746 2727 2736 2238 2213
931 1563 1333 1622 2741 2724 2732 2242 2223
932 1557 1338 1622 2736 2727 2734 2234 2217
933 1558 1337 1610 2742 2727 2739 2239 2227
934 1563 1342 1613 2743 2718 2731 2234 2229
935 1561 1336 1617 2743 2726 2739 2243 2216
936 1559 1339 1624 2743 2727 2736 2233 2221
937 1568 1335 1615 2737 2726 2736 2236 2220
938 1570 1340 1619 2739 2716 2735 2233 2225
939 1565 1334 1623 2745 2720 2739 2238 2230
940 1559 1336 1614 2740 2720 2734 2239 2214
941 1553 1336 1616 2737 2728 2734 2235 2224
942 1563 1341 1621 2745 2722 2735 2238 2213
943 1556 1338 1623 2746 2725 2738 2237 2227
944 1566 1336 1613 2741 2723 2731 2242 2230
945 1560 1337 1616 2738 2725 2734 2237 2214
946 1558 1338 1619 2748 2724 2727 2235 2225
947 1555 1335 1610 2741 2727 2735 2237 2215
948 1560 1341 1617 2742 2729 2729 2238 2228
949 1559 1334 1624 2744 2728 2732 2241 2228
950 1555 1338 1620 2739 2727 2733 2237 2213
951 1557 1338 1614 2739 2717 2735 2234 2221
952 1549 1340 1617 2748 2726 2739 2236 2216
953 1555 1340 1611 2738 2722 2731 2240 2228
954 1560 1339 1616 2741 2723 2734 2236 2226
955 1556 1330 1618 2734 2728 2733 2236 2216
956 1557 1341 1617 2748 2722 2735 2235 2220
957 1551 1337 1613 2745 2722 2734 2234 2216
958 1560 1337 1622 2744 2721 2732 2243 2228
959 1557 1339 1619 2742 2722 2734 2234 2226
960 1562 1335 1623 2741 2728 2736 2237 2217
961 1553 1332 1622 2745 2724 2734 2235 2222
962 1562 1339 1623 2743 2726 2732 2239 2217
963 1561 1335 1609 2741 2719 2732 2241 2227
964 1561 1332 1619 2737 2721 2738 2234 2227
965 1561 1337 1607 2743 2720 2738 2239 2216
966 1558 1337 1622 2743 2724 2735 2237 2223
967 1556 1335 1620 2740 2719 2731 2243 2218
968 1557 1339 1615 2745 2721 2737 2237 2229
969 1562 1338 1616 2739 2723 2738 2237 2226
970 1563 1339 1619 2743 2726 2740 2234 2214
971 1552 1337 1618 2743 2725 2731 2238 2224
972 1563 1339 1617 2739 2724 2733 2239 2213
973 1562 1340 1619 2739 2726 2734 2235 2229
974 1559 1333 1617 2737 2724 2736 2238 2225
975 1556 1339 1612 2736 2723 2733 2236 2215
976 1561 1341 1622 2740 2725 2734 2241 2225
977 1561 1339 1622 2736 2726 2732 2238 2216
978 1563 1341 1625 2744 2724 2731 2235 2229
979 1557 1330 1624 2741 2717 2729 2236 2223
980 1560 1336 1620 2738 2723 2740 2237 2217
981 1556 1340 1620 2740 2722 2725 2239 2221
982 1562 1338 1617 2740 2731 2737 2237 2218
983 1563 1334 1622 2738 2719 2739 2238 2228
984 1552 1337 1622 2739 2726 2733 2237 2223
985 1559 1330 1615 2745 2723 2733 2238 2213
986 1561 1339 1620 2744 2721 2735 2239 2223
987 1557 1337 1621 2745 2726 2733 2236 2218
988 1560 1333 1617 2745 2727 2733 2236 2227
989 1558 1336 1617 2743 2720 2736 2236 2222
990 1550 1339 1609 2739 2725 2739 2241 2212
991 1556 1337 1611 2740 2722 2735 2237 2222
992 1556 1339 1620 2740 2720 2730 2238 2216
993 1556 1334 1622 2740 2719 2737 2237 2230
994 1563 1334 1616 2739 2722 2733 2240 2223
995 1558 1338 1620 2742 2721 2732 2240 2213
996 1556 1338 1619 2741 2720 2736 2236 2224
997 1556 1339 1618 2740 2715 2733 2237 2215
998 1557 1335 1618 2741 2721 2730 2236 2232
999 1550 1332 1617 2743 2720 2739 2242 2221
1000 1561 1337 1620 2737 2720 2739 2239 2214
1001 1557 1337 1618 2741 2722 2737 2237 2224
1002 1556 1333 1614 2742 2723 2740 2239 2214
1003 1559 1331 1622 2735 2726 2733 2236 2232
1004 1557 1339 1619 2734 2717 2736 2242 2223
1005 1558 1340 1622 2742 2723 2733 2234 2213
1006 1559 1337 1620 2743 2721 2737 2239 2224
1007 1557 1337 1607 2742 2720 2741 2234 2216
1008 1551 1341 1618 2743 2720 2727 2238 2234
1009 1551 1332 1616 2739 2723 2737 2240 2220
1010 1555 1338 1621 2737 2718 2741 2236 2218
1011 1556 1337 1613 2740 2721 2736 2238 2224
1012 1556 1338 1616 2737 2723 2737 2235 2219
1013 1563 1340 1623 2741 2722 2735 2242 2233
1014 1563 1338 1621 2740 2725 2737 2235 2220
1015 1557 1336 1613 2750 2721 2730 2238 2218
1016 1555 1338 1620 2741 2720 2734 2235 2219
1017 1558 1339 1617 2738 2720 2740 2238 2216
1018 1558 1336 1613 2750 2719 2735 2240 2227
1019 1561 1336 1611 2727 2692 2703 2193 2187
1020 1555 1343 1627 2732 2712 2717 2211 2187
1021 1556 1341 1619 2735 2695 2720 2202 2204
1022 1556 1342 1621 2726 2719 2726 2216 2201
1023 1560 1337 1625 2729 2701 2740 2236 2233
