0 1558 1337 1606 2744 2723 2734 2238 2217
1 1558 1334 1611 2742 2720 2729 2234 2229
2 1554 1333 1621 2740 2727 2734 2239 2215
3 1558 1336 1619 2745 2716 2732 2236 2216
4 1557 1340 1621 2743 2723 2736 2237 2219
5 1555 1338 1621 2745 2721 2730 2233 2217
6 1560 1338 1617 2734 2701 2714 2202 2199
7 1562 1340 1621 2738 2721 2733 2240 2214
8 1556 1339 1619 2735 2726 2736 2231 2215
9 1550 1333 1611 2734 2718 2730 2237 2219
10 1557 1334 1618 2743 2726 2737 2235 2220
11 1559 1335 1620 2738 2718 2734 2237 2230
12 1553 1339 1615 2750 2728 2734 2240 2213
13 1557 1336 1619 2743 2722 2733 2232 2219
14 1561 1341 1621 2735 2722 2735 2237 2217
15 1559 1342 1613 2738 2723 2739 2231 2217
16 1557 1341 1613 2741 2720 2730 2242 2231
17 1554 1337 1617 2741 2718 2732 2231 2210
18 1561 1330 1615 2743 2725 2738 2236 2222
19 1561 1342 1620 2741 2725 2735 2231 2215
20 1563 1341 1613 2742 2692 2730 2212 2194
21 1566 1338 1620 2739 2725 2732 2237 2226
22 1564 1338 1618 2738 2717 2733 2233 2215
23 1558 1333 1617 2739 2716 2733 2235 2217
24 1564 1340 1614 2738 2727 2735 2234 2215
25 1565 1336 1619 2739 2727 2732 2243 2226
26 1557 1334 1616 2736 2727 2732 2232 2216
27 1555 1338 1617 2738 2727 2730 2237 2213
28 1554 1329 1611 2736 2717 2735 2232 2221
29 1563 1340 1609 2740 2720 2733 2236 2209
30 1560 1331 1612 2748 2728 2736 2237 2224
31 1562 1336 1615 2741 2728 2739 2234 2225
32 1562 1336 1615 2736 2720 2728 2236 2210
33 1562 1340 1618 2736 2720 2738 2235 2220
34 1565 1336 1616 2747 2725 2730 2239 2215
35 1557 1338 1615 2739 2724 2731 2233 2225
36 1560 1333 1611 2741 2723 2733 2237 2223
37 1562 1332 1608 2739 2718 2734 2236 2210
38 1562 1334 1618 2741 2726 2729 2236 2221
39 1559 1337 1617 2741 2724 2734 2241 2216
40 1560 1338 1612 2746 2722 2735 2230 2226
41 1549 1339 1615 2737 2718 2730 2235 2223
42 1556 1339 1614 2740 2717 2731 2235 2213
43 1551 1331 1611 2742 2718 2735 2238 2220
44 1559 1335 1620 2740 2718 2736 2238 2218
45 1552 1337 1619 2738 2721 2728 2233 2228
46 1555 1340 1615 2736 2720 2733 2236 2219
47 1558 1334 1610 2735 2725 2735 2231 2212
48 1558 1330 1615 2739 2717 2731 2240 2224
49 1563 1339 1619 2745 2719 2726 2234 2217
50 1558 1334 1617 2733 2718 2729 2232 2228
51 1555 1336 1621 2740 2724 2731 2234 2219
52 1558 1337 1615 2742 2722 2730 2240 2214
53 1557 1336 1614 2746 2720 2729 2237 2222
54 1558 1334 1613 2742 2721 2735 2234 2216
55 1559 1332 1617 2741 2724 2735 2234 2228
56 1564 1328 1609 2739 2714 2727 2235 2218
57 1560 1331 1613 2746 2724 2729 2237 2212
58 1556 1336 1617 2742 2721 2729 2232 2221
59 1565 1339 1620 2739 2721 2734 2233 2215
60 1562 1339 1613 2746 2723 2728 2235 2231
61 1562 1338 1610 2751 2727 2729 2233 2213
62 1561 1337 1620 2736 2723 2739 2237 2217
63 1553 1335 1617 2742 2724 2736 2234 2216
64 1558 1337 1616 2743 2726 2730 2235 2218
65 1561 1336 1615 2738 2719 2733 2236 2232
66 1561 1339 1615 2746 2719 2739 2241 2213
67 1554 1338 1606 2747 2725 2733 2235 2217
68 1550 1340 1616 2740 2717 2739 2233 2215
69 1552 1341 1613 2745 2723 2733 2235 2221
70 1559 1339 1606 2744 2718 2729 2233 2227
71 1557 1338 1617 2739 2727 2737 2239 2213
72 1561 1331 1619 2741 2718 2731 2229 2215
73 1556 1336 1620 2744 2719 2735 2236 2217
74 1561 1341 1621 2739 2718 2736 2231 2218
75 1550 1343 1615 2744 2722 2736 2239 2231
76 1557 1339 1618 2739 2721 2732 2235 2213
77 1553 1329 1613 2736 2724 2732 2235 2218
78 1556 1334 1617 2748 2720 2732 2236 2216
79 1555 1333 1615 2746 2716 2736 2236 2221
80 1560 1337 1606 2737 2725 2736 2240 2227
81 1563 1340 1612 2735 2710 2737 2231 2212
82 1557 1332 1615 2740 2722 2733 2236 2220
83 1565 1333 1615 2744 2724 2730 2232 2213
84 1560 1337 1618 2737 2722 2735 2241 2222
85 1561 1338 1618 2751 2722 2740 2232 2224
86 1556 1341 1607 2743 2718 2742 2234 2213
87 1554 1339 1620 2743 2721 2736 2238 2222
88 1564 1336 1622 2742 2724 2733 2236 2215
89 1561 1337 1620 2741 2718 2727 2241 2226
90 1560 1332 1618 2737 2721 2735 2230 2224
91 1561 1340 1618 2735 2722 2729 2237 2215
92 1557 1330 1618 2738 2721 2730 2231 2223
93 1567 1333 1621 2738 2723 2731 2237 2217
94 1558 1337 1615 2740 2721 2732 2230 2222
95 1559 1336 1611 2745 2722 2733 2232 2228
96 1552 1335 1614 2745 2727 2737 2238 2219
97 1552 1342 1623 2743 2721 2734 2237 2226
98 1552 1334 1617 2736 2725 2736 2240 2218
99 1558 1332 1622 2743 2725 2741 2232 2226
100 1560 1338 1620 2747 2726 2730 2233 2214
101 1560 1337 1618 2741 2721 2734 2234 2209
102 1560 1342 1619 2738 2723 2733 2237 2218
103 1560 1340 1620 2736 2723 2734 2238 2218
104 1560 1338 1612 2742 2721 2741 2233 2225
105 1558 1339 1616 2741 2725 2730 2234 2220
106 1560 1337 1622 2734 2728 2731 2238 2215
107 1558 1330 1622 2739 2723 2733 2241 2220
108 1555 1337 1621 2742 2724 2733 2232 2215
109 1560 1337 1617 2739 2724 2734 2233 2228
110 1565 1337 1620 2740 2722 2742 2233 2222
111 1555 1340 1614 2736 2720 2730 2237 2217
112 1547 1339 1613 2742 2728 2733 2237 2223
113 1557 1338 1618 2746 2720 2733 2235 2220
114 1558 1336 1622 2736 2720 2729 2234 2233
115 1548 1341 1617 2742 2720 2735 2235 2220
116 1564 1339 1613 2746 2720 2735 2239 2213
117 1563 1337 1619 2739 2716 2732 2236 2221
118 1556 1341 1613 2740 2720 2733 2234 2212
119 1553 1336 1616 2744 2721 2733 2235 2231
120 1555 1341 1616 2744 2716 2737 2234 2213
121 1556 1340 1616 2741 2723 2732 2238 2218
122 1558 1340 1618 2744 2719 2734 2232 2218
123 1568 1336 1622 2743 2721 2729 2238 2218
124 1560 1336 1617 2741 2720 2735 2233 2228
125 1555 1340 1614 2742 2722 2737 2237 2216
126 1559 1333 1619 2745 2731 2740 2234 2218
127 1558 1336 1619 2735 2727 2735 2231 2217
128 1563 1337 1616 2740 2722 2737 2235 2218
129 1557 1336 1616 2744 2724 2736 2237 2232
130 1556 1336 1614 2741 2722 2736 2237 2213
131 1557 1338 1615 2746 2720 2742 2232 2218
132 1556 1336 1614 2735 2728 2737 2232 2216
133 1559 1331 1617 2746 2724 2735 2235 2220
134 1558 1336 1616 2738 2722 2737 2236 2228
135 1559 1330 1617 2747 2725 2737 2238 2214
136 1551 1340 1618 2743 2719 2740 2235 2220
137 1552 1342 1619 2738 2723 2736 2235 2219
138 1555 1339 1617 2743 2729 2734 2236 2223
139 1555 1335 1622 2739 2726 2736 2237 2231
140 1555 1338 1622 2740 2720 2734 2234 2215
141 1556 1339 1616 2743 2726 2730 2236 2219
142 1560 1337 1611 2744 2721 2735 2235 2219
143 1559 1333 1617 2749 2720 2742 2237 2223
144 1563 1338 1617 2742 2717 2735 2235 2230
145 1556 1335 1617 2747 2728 2737 2231 2209
146 1556 1335 1616 2739 2720 2738 2235 2221
147 1557 1332 1615 2741 2731 2738 2234 2214
148 1556 1333 1615 2736 2729 2736 2239 2223
149 1550 1336 1610 2743 2723 2743 2233 2227
150 1562 1338 1617 2736 2723 2737 2235 2214
151 1563 1342 1617 2737 2718 2745 2234 2220
152 1560 1340 1622 2744 2718 2741 2237 2214
153 1558 1338 1621 2739 2731 2741 2239 2224
154 1556 1339 1618 2738 2722 2749 2232 2225
155 1556 1329 1616 2740 2729 2742 2238 2215
156 1566 1337 1620 2742 2728 2745 2234 2221
157 1565 1336 1621 2744 2728 2743 2241 2215
158 1562 1335 1620 2745 2723 2750 2232 2225
159 1561 1335 1617 2741 2723 2746 2235 2223
160 1552 1328 1622 2734 2729 2754 2229 2211
161 1558 1336 1619 2742 2724 2750 2237 2223
162 1562 1335 1623 2737 2724 2759 2240 2217
163 1553 1334 1618 2742 2729 2751 2231 2228
164 1558 1336 1620 2740 2728 2753 2235 2225
165 1561 1334 1613 2736 2718 2758 2230 2212
166 1561 1334 1617 2739 2734 2765 2238 2223
167 1549 1337 1614 2741 2724 2764 2233 2216
168 1560 1336 1618 2734 2721 2760 2232 2229
169 1556 1338 1618 2741 2717 2768 2234 2221
170 1560 1337 1609 2739 2728 2765 2235 2212
171 1561 1338 1619 2736 2722 2773 2236 2217
172 1556 1338 1618 2736 2721 2770 2231 2216
173 1555 1338 1618 2743 2723 2770 2235 2232
174 1553 1336 1621 2741 2724 2779 2230 2218
175 1556 1338 1617 2739 2723 2790 2236 2214
176 1562 1336 1617 2736 2727 2790 2232 2222
177 1558 1340 1618 2733 2725 2792 2232 2215
178 1553 1339 1618 2743 2730 2800 2228 2228
179 1560 1332 1618 2741 2735 2812 2231 2221
180 1560 1336 1621 2736 2734 2816 2232 2212
181 1556 1335 1614 2754 2719 2825 2228 2224
182 1556 1338 1615 2747 2714 2826 2229 2216
183 1560 1337 1613 2750 2732 2855 2227 2231
184 1564 1332 1613 2733 2731 2882 2233 2217
185 1554 1336 1616 2737 2747 2882 2230 2217
186 1558 1334 1617 2746 2751 2898 2229 2223
187 1561 1332 1621 2762 2744 2903 2226 2218
188 1558 1332 1617 2751 2758 2915 2228 2232
189 1559 1335 1613 2743 2758 2917 2229 2212
190 1551 1338 1617 2750 2750 2916 2225 2218
191 1560 1339 1616 2739 2750 2934 2229 2216
192 1565 1333 1615 2740 2743 2931 2227 2216
193 1551 1338 1617 2738 2741 2941 2230 2228
194 1564 1336 1608 2741 2755 2952 2232 2212
195 1571 1335 1618 2756 2751 2947 2229 2217
196 1561 1336 1621 2744 2789 2972 2230 2215
197 1559 1339 1613 2747 2766 2961 2233 2214
198 1557 1340 1614 2746 2759 2966 2236 2227
199 1562 1338 1621 2755 2772 2979 2226 2213
200 1551 1333 1618 2748 2760 2983 2232 2220
201 1561 1334 1608 2745 2782 2987 2225 2214
202 1553 1336 1617 2748 2768 2976 2232 2227
203 1557 1336 1619 2752 2758 2992 2227 2236
204 1562 1332 1614 2735 2795 3000 2225 2217
205 1558 1337 1620 2735 2783 2997 2228 2222
206 1552 1330 1623 2771 2781 3002 2225 2224
207 1559 1338 1624 2765 2777 3024 2231 2229
208 1556 1336 1618 2760 2749 3000 2228 2243
209 1555 1335 1622 2758 2756 3030 2232 2228
210 1557 1336 1615 2763 2755 3022 2227 2236
211 1561 1333 1620 2748 2771 3062 2230 2227
212 1553 1336 1625 2738 2810 3076 2231 2226
213 1556 1341 1619 2781 2796 3078 2225 2238
214 1553 1337 1618 2750 2805 3105 2224 2219
215 1557 1340 1617 2747 2802 3133 2221 2222
216 1558 1335 1627 2748 2803 3172 2219 2209
217 1556 1336 1632 2735 2836 3214 2214 2230
218 1552 1327 1635 2773 2847 3322 2217 2236
219 1554 1333 1631 2755 2862 3429 2223 2201
220 1553 1339 1637 2751 2896 3545 2218 2184
221 1545 1346 1613 2769 2941 3623 2210 2195
222 1531 1326 1593 2755 2919 3611 2164 2242
223 1519 1305 1567 2726 2913 3575 2153 2328
224 1508 1303 1574 2719 2841 3513 2182 2359
225 1526 1309 1612 2747 2871 3526 2212 2286
226 1536 1307 1623 2763 2882 3523 2159 2214
227 1521 1308 1626 2755 2911 3533 2119 2204
228 1520 1308 1633 2780 2841 3461 2129 2231
229 1509 1308 1632 2721 2895 3462 2186 2263
230 1511 1312 1646 2718 2860 3377 2225 2325
231 1520 1312 1652 2718 2891 3355 2250 2278
232 1522 1306 1631 2724 2832 3321 2223 2288
233 1516 1307 1620 2761 2836 3308 2195 2305
234 1515 1322 1601 2755 2849 3307 2193 2256
235 1503 1299 1610 2755 2837 3282 2159 2246
236 1513 1313 1626 2752 2857 3260 2176 2295
237 1515 1316 1652 2758 2842 3241 2226 2401
238 1531 1299 1628 2737 2841 3220 2247 2416
239 1544 1292 1599 2765 2839 3240 2212 2399
240 1574 1294 1590 2739 2802 3199 2167 2313
241 1601 1304 1574 2751 2811 3185 2157 2259
242 1608 1328 1587 2710 2822 3149 2189 2306
243 1608 1348 1604 2775 2809 3137 2241 2349
244 1626 1346 1615 2768 2811 3151 2238 2291
245 1630 1349 1628 2789 2763 3109 2186 2193
246 1622 1344 1623 2748 2796 3087 2159 2196
247 1607 1349 1620 2733 2815 3094 2170 2234
248 1613 1347 1620 2727 2809 3069 2193 2205
249 1597 1339 1614 2733 2790 3062 2211 2156
250 1588 1353 1620 2756 2772 3028 2225 2203
251 1581 1351 1612 2790 2791 3032 2227 2220
252 1579 1349 1609 2728 2783 3019 2193 2237
253 1576 1357 1610 2722 2809 3005 2202 2184
254 1576 1354 1616 2746 2778 2997 2188 2216
255 1573 1371 1630 2736 2777 2985 2237 2233
256 1585 1362 1622 2745 2754 2962 2229 2235
257 1591 1367 1622 2749 2764 2983 2218 2201
258 1587 1356 1610 2743 2774 2993 2175 2162
259 1581 1352 1609 2752 2763 2983 2148 2194
260 1576 1355 1607 2750 2768 2981 2178 2194
261 1577 1363 1626 2759 2761 2977 2204 2228
262 1572 1358 1634 2732 2780 2975 2215 2235
263 1577 1350 1640 2746 2775 2968 2214 2202
264 1566 1350 1629 2732 2771 2983 2198 2198
265 1565 1346 1617 2743 2781 2976 2178 2155
266 1567 1343 1606 2720 2785 2973 2175 2141
267 1555 1322 1601 2726 2785 2975 2153 2154
268 1558 1310 1612 2735 2762 2968 2167 2154
269 1562 1301 1628 2772 2765 2950 2180 2201
270 1553 1294 1626 2738 2768 2967 2192 2185
271 1552 1299 1636 2768 2743 2951 2209 2140
272 1567 1293 1632 2754 2779 2963 2196 2121
273 1554 1298 1635 2755 2777 2939 2210 2108
274 1540 1301 1628 2740 2768 2951 2205 2157
275 1537 1289 1622 2727 2776 2935 2214 2182
276 1527 1297 1629 2737 2766 2932 2217 2213
277 1535 1297 1628 2742 2762 2927 2212 2237
278 1535 1301 1620 2755 2759 2927 2200 2224
279 1530 1305 1614 2753 2769 2921 2174 2242
280 1529 1308 1619 2739 2755 2915 2178 2256
281 1534 1315 1619 2762 2754 2915 2185 2285
282 1540 1321 1623 2748 2769 2906 2193 2305
283 1544 1325 1623 2749 2731 2905 2180 2286
284 1543 1328 1624 2758 2759 2888 2164 2289
285 1548 1324 1620 2749 2744 2890 2162 2299
286 1553 1329 1622 2745 2759 2887 2175 2323
287 1563 1334 1631 2750 2752 2902 2193 2326
288 1567 1334 1628 2739 2755 2876 2188 2292
289 1571 1339 1627 2733 2742 2874 2196 2292
290 1584 1337 1625 2750 2732 2885 2192 2269
291 1584 1352 1623 2760 2753 2865 2202 2276
292 1587 1354 1626 2753 2752 2890 2196 2262
293 1586 1364 1625 2739 2725 2869 2208 2221
294 1592 1363 1619 2741 2745 2858 2198 2223
295 1590 1366 1630 2765 2736 2872 2185 2187
296 1596 1373 1624 2739 2751 2886 2187 2205
297 1586 1367 1622 2746 2754 2882 2180 2194
298 1589 1361 1623 2730 2751 2873 2190 2173
299 1572 1350 1629 2725 2758 2871 2179 2177
300 1578 1344 1623 2736 2760 2878 2180 2168
301 1573 1341 1627 2761 2740 2865 2192 2189
302 1578 1347 1629 2739 2762 2874 2211 2187
303 1564 1343 1626 2741 2753 2884 2208 2156
304 1568 1339 1630 2755 2745 2868 2187 2165
305 1560 1328 1631 2724 2767 2879 2167 2187
306 1554 1323 1624 2744 2755 2878 2179 2226
307 1550 1316 1623 2759 2725 2869 2190 2224
308 1553 1310 1629 2753 2747 2885 2198 2213
309 1538 1321 1630 2726 2769 2915 2208 2212
310 1539 1322 1633 2747 2748 2885 2196 2222
311 1544 1317 1633 2760 2734 2873 2185 2225
312 1546 1322 1624 2746 2749 2892 2180 2217
313 1537 1322 1627 2758 2731 2884 2173 2247
314 1540 1312 1620 2749 2731 2885 2183 2257
315 1550 1314 1621 2746 2759 2903 2191 2241
316 1544 1316 1620 2741 2749 2899 2192 2259
317 1546 1313 1621 2748 2748 2905 2180 2255
318 1558 1307 1619 2757 2738 2882 2176 2253
319 1558 1314 1625 2748 2756 2893 2187 2258
320 1559 1324 1630 2730 2743 2906 2201 2274
321 1556 1321 1623 2732 2764 2905 2194 2308
322 1558 1318 1634 2752 2751 2896 2171 2259
323 1568 1334 1633 2746 2763 2913 2187 2233
324 1569 1341 1628 2759 2754 2890 2203 2262
325 1580 1344 1631 2735 2761 2892 2233 2243
326 1585 1356 1627 2727 2761 2913 2226 2210
327 1593 1363 1634 2743 2751 2897 2209 2186
328 1594 1362 1630 2758 2757 2896 2200 2183
329 1583 1362 1628 2746 2746 2889 2181 2185
330 1577 1359 1631 2737 2766 2902 2177 2166
331 1576 1353 1633 2741 2765 2909 2181 2190
332 1566 1349 1635 2743 2752 2895 2195 2204
333 1554 1356 1635 2747 2745 2913 2203 2215
334 1558 1350 1632 2744 2780 2912 2202 2188
335 1547 1354 1634 2752 2757 2905 2183 2167
336 1548 1351 1635 2741 2772 2910 2174 2233
337 1539 1343 1633 2754 2761 2911 2181 2279
338 1548 1336 1635 2755 2749 2899 2208 2288
339 1548 1335 1636 2731 2754 2924 2220 2261
340 1556 1336 1635 2750 2741 2901 2215 2278
341 1548 1323 1634 2747 2770 2908 2185 2325
342 1543 1319 1630 2739 2762 2908 2176 2312
343 1548 1322 1628 2745 2770 2912 2174 2316
344 1554 1327 1630 2752 2761 2897 2186 2290
345 1567 1317 1620 2735 2740 2912 2175 2281
346 1560 1323 1633 2753 2747 2902 2167 2277
347 1561 1327 1627 2741 2756 2919 2163 2294
348 1563 1324 1640 2746 2767 2922 2190 2295
349 1572 1317 1639 2747 2759 2904 2197 2256
350 1576 1319 1636 2736 2752 2919 2202 2227
351 1562 1322 1631 2750 2753 2908 2202 2234
352 1556 1321 1639 2737 2770 2925 2208 2214
353 1563 1324 1632 2749 2757 2940 2208 2218
354 1554 1321 1634 2764 2765 2925 2186 2223
355 1543 1317 1631 2753 2771 2929 2175 2265
356 1541 1304 1629 2762 2758 2929 2164 2267
357 1538 1308 1623 2738 2778 2927 2165 2257
358 1537 1303 1619 2745 2745 2946 2157 2268
359 1548 1294 1627 2733 2764 2955 2160 2284
360 1555 1305 1628 2739 2769 2936 2165 2290
361 1553 1310 1637 2760 2744 2930 2183 2272
362 1567 1306 1654 2756 2756 2935 2201 2250
363 1555 1316 1658 2738 2749 2935 2229 2292
364 1531 1331 1652 2765 2778 2936 2241 2363
365 1537 1339 1642 2717 2765 2936 2221 2431
366 1542 1340 1638 2743 2742 2941 2207 2361
367 1565 1345 1625 2740 2767 2929 2161 2284
368 1564 1344 1617 2744 2759 2923 2143 2255
369 1567 1353 1630 2749 2752 2927 2168 2298
370 1570 1356 1626 2746 2755 2934 2181 2361
371 1571 1365 1631 2762 2782 2924 2195 2336
372 1565 1355 1638 2734 2761 2941 2175 2306
373 1574 1355 1635 2744 2751 2957 2164 2277
374 1576 1358 1635 2750 2766 2962 2151 2274
375 1576 1348 1635 2749 2776 2959 2154 2281
376 1578 1347 1639 2759 2745 2934 2164 2249
377 1582 1337 1640 2754 2790 2962 2166 2232
378 1590 1332 1648 2751 2767 2950 2177 2223
379 1585 1328 1645 2723 2772 2991 2167 2225
380 1582 1317 1632 2759 2777 2987 2175 2251
381 1563 1314 1636 2738 2751 2975 2179 2232
382 1569 1312 1634 2769 2766 2987 2173 2230
383 1565 1306 1631 2758 2777 2993 2157 2224
384 1561 1304 1634 2750 2769 2992 2151 2215
385 1556 1296 1636 2741 2765 3024 2150 2244
386 1546 1301 1639 2739 2762 3002 2159 2255
387 1546 1298 1640 2751 2778 3012 2167 2279
388 1543 1288 1636 2735 2753 3021 2169 2286
389 1546 1290 1640 2736 2770 2999 2168 2285
390 1549 1301 1638 2728 2791 3020 2164 2297
391 1547 1304 1631 2763 2760 2993 2163 2283
392 1556 1321 1633 2755 2751 2966 2170 2284
393 1566 1326 1634 2743 2754 2965 2166 2264
394 1575 1340 1641 2750 2754 2961 2169 2237
395 1578 1350 1649 2745 2768 2942 2174 2241
396 1589 1366 1659 2737 2774 2911 2205 2245
397 1593 1368 1663 2745 2748 2907 2221 2284
398 1597 1369 1665 2751 2756 2901 2223 2285
399 1601 1375 1656 2737 2745 2902 2208 2260
400 1611 1378 1649 2738 2745 2890 2201 2234
401 1617 1399 1651 2744 2736 2883 2204 2212
402 1609 1409 1643 2741 2745 2869 2207 2232
403 1603 1415 1646 2723 2754 2869 2198 2235
404 1607 1412 1642 2749 2750 2869 2189 2235
405 1604 1420 1654 2741 2741 2848 2192 2231
406 1604 1417 1651 2736 2745 2844 2202 2215
407 1602 1411 1658 2728 2756 2827 2222 2221
408 1597 1402 1651 2741 2736 2830 2227 2205
409 1598 1404 1660 2733 2746 2826 2239 2198
410 1607 1399 1657 2737 2732 2805 2237 2192
411 1608 1397 1655 2744 2731 2799 2245 2187
412 1598 1397 1653 2742 2746 2799 2245 2206
413 1607 1393 1656 2732 2724 2785 2241 2204
414 1610 1387 1645 2737 2716 2787 2247 2201
415 1602 1379 1648 2749 2733 2798 2254 2185
416 1606 1372 1644 2736 2713 2777 2267 2153
417 1596 1370 1646 2740 2727 2782 2266 2157
418 1599 1372 1653 2750 2721 2775 2265 2179
419 1595 1359 1655 2729 2724 2769 2257 2198
420 1592 1364 1659 2734 2721 2761 2269 2168
421 1592 1355 1639 2746 2730 2785 2260 2139
422 1588 1353 1635 2750 2719 2774 2252 2151
423 1585 1332 1642 2732 2720 2774 2241 2148
424 1576 1332 1640 2741 2720 2773 2237 2145
425 1573 1325 1645 2736 2723 2772 2252 2136
426 1576 1317 1643 2742 2728 2773 2269 2128
427 1565 1311 1645 2730 2716 2772 2274 2160
428 1558 1313 1648 2739 2716 2771 2262 2174
429 1548 1309 1644 2744 2715 2768 2266 2195
430 1547 1307 1641 2738 2719 2774 2271 2182
431 1550 1309 1636 2741 2722 2778 2263 2173
432 1545 1303 1640 2728 2715 2771 2265 2188
433 1543 1308 1644 2747 2725 2774 2252 2187
434 1554 1315 1645 2733 2730 2773 2256 2215
435 1555 1316 1637 2748 2727 2778 2255 2209
436 1552 1323 1644 2746 2728 2769 2257 2216
437 1557 1330 1646 2734 2722 2765 2262 2222
438 1556 1333 1645 2736 2725 2771 2263 2222
439 1560 1337 1648 2748 2729 2772 2267 2228
440 1562 1340 1648 2741 2729 2773 2254 2211
441 1569 1341 1651 2740 2718 2769 2257 2214
442 1574 1345 1652 2748 2722 2761 2254 2225
443 1576 1342 1645 2737 2724 2763 2265 2223
444 1574 1349 1645 2741 2731 2757 2264 2234
445 1577 1350 1644 2736 2721 2762 2263 2216
446 1575 1351 1641 2742 2723 2765 2263 2211
447 1579 1353 1646 2739 2725 2761 2264 2216
448 1577 1356 1648 2740 2717 2760 2268 2206
449 1578 1357 1650 2737 2725 2762 2261 2218
450 1583 1356 1651 2738 2724 2766 2268 2197
451 1582 1358 1645 2737 2718 2754 2265 2198
452 1584 1357 1647 2737 2722 2767 2269 2195
453 1583 1348 1648 2741 2730 2767 2269 2187
454 1582 1353 1643 2739 2725 2756 2263 2196
455 1587 1345 1640 2744 2730 2758 2269 2172
456 1578 1346 1643 2739 2720 2754 2266 2176
457 1579 1342 1645 2744 2715 2752 2275 2178
458 1581 1342 1649 2743 2724 2759 2269 2177
459 1583 1340 1648 2733 2720 2753 2271 2186
460 1577 1335 1643 2734 2719 2757 2266 2164
461 1570 1333 1635 2737 2721 2751 2272 2174
462 1573 1326 1641 2727 2720 2751 2271 2167
463 1567 1334 1647 2742 2724 2757 2266 2177
464 1565 1331 1648 2739 2725 2751 2268 2185
465 1566 1325 1642 2737 2719 2749 2269 2176
466 1566 1332 1639 2746 2721 2754 2276 2191
467 1563 1321 1639 2739 2719 2751 2269 2189
468 1563 1327 1646 2745 2727 2751 2269 2198
469 1565 1328 1644 2747 2729 2747 2262 2200
470 1560 1323 1643 2744 2725 2748 2267 2185
471 1565 1326 1648 2735 2722 2753 2268 2193
472 1566 1327 1644 2740 2723 2748 2266 2196
473 1569 1332 1649 2737 2725 2749 2272 2205
474 1566 1331 1644 2739 2718 2739 2266 2211
475 1567 1331 1646 2736 2719 2747 2272 2193
476 1567 1341 1643 2740 2716 2743 2264 2198
477 1572 1337 1646 2740 2729 2745 2265 2187
478 1572 1342 1646 2739 2721 2741 2264 2192
479 1574 1345 1633 2740 2719 2743 2267 2195
480 1575 1337 1644 2741 2721 2736 2267 2178
481 1576 1343 1640 2738 2725 2746 2266 2187
482 1575 1345 1649 2739 2719 2740 2268 2175
483 1580 1348 1650 2742 2717 2734 2266 2185
484 1577 1348 1646 2738 2721 2741 2272 2179
485 1576 1346 1646 2738 2720 2739 2270 2167
486 1576 1345 1641 2739 2715 2737 2267 2180
487 1575 1346 1643 2745 2726 2734 2270 2171
488 1562 1343 1647 2740 2720 2742 2266 2187
489 1571 1342 1638 2739 2719 2727 2274 2177
490 1569 1340 1643 2736 2713 2730 2268 2169
491 1570 1342 1648 2737 2717 2730 2276 2179
492 1563 1345 1640 2739 2718 2731 2274 2190
493 1572 1339 1627 2740 2712 2723 2276 2212
494 1566 1339 1636 2737 2713 2716 2274 2159
495 1567 1336 1632 2742 2718 2720 2272 2146
496 1567 1332 1635 2741 2713 2721 2274 2185
497 1572 1329 1641 2731 2705 2710 2278 2223
498 1565 1330 1657 2735 2707 2713 2292 2246
499 1563 1330 1657 2738 2693 2704 2293 2223
500 1573 1339 1654 2729 2687 2693 2291 2205
501 1575 1342 1642 2731 2685 2687 2284 2195
502 1572 1353 1641 2723 2674 2688 2278 2185
503 1574 1355 1639 2734 2679 2674 2269 2190
504 1584 1361 1635 2721 2662 2674 2264 2172
505 1578 1362 1637 2714 2661 2675 2270 2163
506 1572 1363 1641 2721 2655 2664 2268 2154
507 1583 1351 1644 2721 2650 2654 2285 2146
508 1576 1347 1645 2723 2641 2646 2291 2162
509 1575 1349 1661 2717 2639 2643 2309 2182
510 1573 1340 1652 2706 2630 2635 2306 2220
511 1569 1337 1642 2711 2618 2629 2288 2185
512 1577 1338 1633 2729 2613 2628 2283 2118
513 1572 1331 1622 2727 2615 2629 2267 2127
514 1569 1334 1626 2715 2633 2616 2262 2168
515 1564 1328 1630 2718 2622 2608 2264 2219
516 1564 1330 1644 2716 2616 2605 2280 2190
517 1564 1321 1642 2721 2621 2616 2294 2148
518 1558 1324 1648 2714 2600 2606 2300 2173
519 1548 1325 1650 2712 2622 2603 2302 2199
520 1550 1328 1645 2702 2613 2610 2296 2202
521 1554 1323 1635 2723 2586 2607 2282 2178
522 1550 1327 1628 2710 2598 2594 2252 2175
523 1555 1318 1634 2714 2594 2585 2249 2201
524 1551 1321 1634 2709 2593 2599 2257 2199
525 1546 1321 1640 2730 2591 2589 2268 2208
526 1551 1311 1639 2713 2599 2584 2264 2206
527 1550 1321 1641 2715 2585 2594 2261 2207
528 1551 1313 1635 2711 2593 2586 2257 2214
529 1554 1312 1640 2704 2612 2594 2262 2192
530 1558 1319 1633 2710 2597 2575 2264 2199
531 1556 1315 1641 2707 2593 2582 2257 2191
532 1557 1315 1636 2721 2583 2590 2259 2193
533 1562 1320 1637 2717 2584 2563 2262 2198
534 1553 1323 1641 2710 2597 2567 2262 2177
535 1558 1323 1644 2708 2576 2566 2260 2193
536 1556 1324 1641 2711 2569 2585 2245 2194
537 1556 1320 1637 2716 2592 2571 2246 2207
538 1560 1311 1639 2693 2577 2555 2241 2206
539 1553 1319 1638 2716 2571 2565 2251 2198
540 1543 1322 1631 2705 2559 2565 2247 2213
541 1548 1318 1638 2713 2566 2577 2244 2212
542 1550 1321 1633 2708 2563 2549 2234 2242
543 1550 1315 1638 2704 2561 2555 2243 2222
544 1547 1324 1641 2701 2545 2547 2247 2213
545 1553 1324 1643 2705 2564 2557 2244 2231
546 1555 1328 1641 2720 2563 2572 2239 2228
547 1560 1327 1639 2709 2563 2538 2237 2221
548 1558 1319 1638 2709 2574 2521 2245 2226
549 1561 1331 1642 2691 2550 2531 2241 2219
550 1565 1332 1643 2708 2536 2516 2244 2228
551 1569 1329 1642 2693 2522 2535 2236 2211
552 1565 1333 1642 2705 2541 2520 2243 2223
553 1566 1334 1634 2697 2541 2521 2243 2214
554 1565 1337 1635 2712 2544 2521 2244 2212
555 1565 1335 1637 2714 2542 2524 2242 2216
556 1568 1340 1642 2693 2544 2507 2241 2215
557 1566 1338 1634 2704 2529 2505 2244 2228
558 1567 1340 1639 2708 2552 2523 2235 2220
559 1567 1337 1635 2702 2580 2521 2236 2213
560 1571 1340 1640 2696 2523 2509 2240 2223
561 1565 1335 1646 2682 2548 2507 2247 2220
562 1566 1336 1643 2693 2550 2517 2247 2235
563 1567 1339 1644 2703 2540 2520 2244 2229
564 1564 1334 1639 2726 2518 2515 2246 2229
565 1560 1338 1636 2687 2532 2508 2244 2234
566 1564 1340 1633 2695 2529 2492 2240 2220
567 1571 1338 1639 2694 2538 2510 2237 2233
568 1570 1339 1642 2705 2525 2501 2234 2222
569 1569 1332 1643 2695 2513 2500 2243 2226
570 1566 1333 1633 2710 2533 2500 2242 2222
571 1565 1340 1644 2691 2516 2509 2251 2212
572 1564 1338 1639 2708 2507 2499 2243 2224
573 1563 1345 1629 2722 2532 2519 2250 2211
574 1563 1342 1640 2697 2520 2509 2246 2202
575 1562 1339 1640 2699 2545 2505 2253 2204
576 1559 1335 1635 2693 2508 2498 2253 2205
577 1565 1342 1638 2703 2518 2493 2259 2232
578 1562 1341 1636 2683 2511 2477 2259 2219
579 1564 1335 1632 2689 2523 2487 2256 2230
580 1561 1340 1630 2696 2523 2498 2255 2221
581 1569 1340 1637 2709 2548 2512 2248 2205
582 1575 1344 1649 2687 2568 2529 2260 2209
583 1567 1352 1649 2692 2540 2525 2269 2216
584 1551 1355 1658 2698 2562 2529 2281 2255
585 1558 1348 1655 2701 2543 2548 2262 2252
586 1557 1347 1641 2707 2564 2532 2238 2251
587 1553 1342 1625 2700 2557 2528 2216 2251
588 1556 1335 1617 2713 2553 2552 2208 2231
589 1562 1328 1613 2719 2554 2535 2213 2229
590 1555 1322 1614 2693 2549 2547 2206 2220
591 1564 1311 1620 2694 2570 2542 2220 2241
592 1573 1313 1640 2709 2555 2562 2229 2256
593 1575 1310 1653 2701 2553 2548 2247 2238
594 1576 1308 1651 2704 2564 2545 2258 2226
595 1576 1308 1651 2704 2561 2543 2254 2200
596 1578 1310 1642 2706 2568 2538 2254 2190
597 1575 1317 1632 2697 2573 2554 2244 2176
598 1576 1323 1628 2697 2563 2549 2241 2152
599 1565 1329 1627 2696 2564 2573 2229 2158
600 1560 1326 1631 2709 2590 2573 2235 2160
601 1562 1331 1639 2703 2579 2558 2241 2168
602 1557 1333 1645 2711 2580 2555 2250 2168
603 1550 1338 1647 2701 2596 2574 2265 2166
604 1552 1333 1643 2717 2567 2563 2254 2196
605 1552 1333 1642 2709 2591 2578 2256 2205
606 1545 1342 1635 2706 2567 2581 2245 2220
607 1547 1345 1632 2714 2603 2578 2245 2228
608 1549 1341 1627 2719 2591 2569 2242 2241
609 1544 1347 1631 2709 2582 2575 2249 2263
610 1551 1354 1640 2722 2581 2586 2261 2261
611 1556 1361 1637 2709 2590 2586 2266 2266
612 1559 1365 1645 2712 2593 2587 2267 2272
613 1557 1369 1644 2711 2597 2601 2258 2273
614 1559 1367 1649 2719 2624 2613 2261 2283
615 1566 1369 1639 2710 2617 2607 2251 2268
616 1571 1361 1637 2712 2608 2596 2249 2271
617 1568 1362 1631 2704 2608 2611 2237 2258
618 1578 1352 1629 2709 2599 2592 2236 2240
619 1582 1349 1629 2712 2621 2602 2241 2235
620 1586 1347 1635 2716 2603 2604 2247 2218
621 1587 1334 1638 2715 2623 2602 2260 2228
622 1584 1330 1635 2710 2611 2604 2259 2215
623 1571 1326 1647 2714 2599 2596 2262 2199
624 1583 1329 1641 2717 2614 2613 2259 2198
625 1583 1318 1640 2711 2609 2622 2264 2185
626 1570 1323 1636 2718 2608 2608 2255 2190
627 1574 1315 1632 2720 2614 2623 2253 2180
628 1568 1322 1626 2717 2622 2618 2257 2180
629 1561 1319 1625 2714 2606 2612 2251 2182
630 1560 1318 1631 2709 2606 2607 2253 2176
631 1558 1323 1631 2723 2613 2617 2241 2189
632 1555 1319 1630 2722 2616 2623 2251 2182
633 1550 1324 1633 2713 2618 2613 2252 2184
634 1546 1327 1634 2713 2614 2610 2254 2187
635 1546 1327 1626 2722 2623 2622 2250 2189
636 1551 1332 1628 2718 2617 2616 2242 2206
637 1534 1328 1633 2713 2621 2615 2247 2202
638 1546 1329 1633 2725 2613 2617 2245 2209
639 1543 1329 1635 2722 2616 2626 2250 2220
640 1545 1332 1634 2715 2612 2622 2243 2229
641 1546 1336 1630 2721 2620 2625 2239 2242
642 1559 1339 1634 2723 2621 2618 2240 2226
643 1564 1338 1639 2723 2639 2630 2237 2229
644 1568 1336 1634 2711 2620 2637 2237 2237
645 1564 1335 1629 2715 2618 2624 2230 2235
646 1562 1335 1635 2722 2616 2618 2232 2242
647 1563 1331 1640 2717 2625 2625 2234 2229
648 1567 1334 1637 2721 2617 2621 2240 2232
649 1575 1335 1637 2720 2635 2618 2241 2223
650 1573 1335 1639 2720 2612 2625 2239 2211
651 1568 1337 1634 2718 2627 2621 2243 2217
652 1569 1336 1632 2710 2622 2629 2247 2194
653 1574 1339 1629 2727 2621 2618 2245 2192
654 1568 1339 1636 2719 2619 2628 2242 2185
655 1567 1335 1638 2718 2641 2624 2244 2187
656 1567 1341 1638 2719 2613 2620 2241 2194
657 1567 1338 1630 2716 2618 2626 2244 2174
658 1572 1338 1629 2714 2634 2625 2246 2192
659 1569 1339 1641 2722 2622 2629 2243 2187
660 1565 1340 1639 2711 2633 2628 2247 2200
661 1564 1340 1634 2716 2627 2629 2246 2207
662 1563 1331 1639 2714 2625 2631 2250 2197
663 1553 1337 1632 2720 2633 2626 2237 2206
664 1556 1331 1639 2727 2635 2624 2244 2205
665 1553 1332 1635 2719 2622 2631 2241 2218
666 1547 1329 1645 2715 2631 2627 2251 2231
667 1550 1337 1642 2717 2632 2627 2249 2222
668 1544 1334 1637 2709 2640 2631 2247 2239
669 1551 1337 1633 2711 2640 2637 2247 2238
670 1556 1335 1638 2721 2634 2632 2242 2249
671 1554 1328 1635 2718 2622 2639 2248 2253
672 1553 1340 1633 2717 2636 2634 2235 2237
673 1545 1336 1634 2717 2630 2623 2245 2250
674 1556 1331 1636 2717 2630 2627 2243 2252
675 1557 1328 1634 2722 2631 2633 2250 2263
676 1556 1338 1634 2717 2639 2629 2248 2249
677 1568 1343 1637 2723 2631 2635 2240 2229
678 1566 1341 1634 2728 2639 2643 2244 2236
679 1572 1337 1631 2730 2639 2635 2239 2225
680 1568 1337 1631 2729 2644 2636 2246 2232
681 1571 1335 1641 2723 2645 2649 2236 2211
682 1571 1332 1638 2723 2659 2649 2244 2204
683 1572 1332 1642 2726 2653 2658 2245 2206
684 1569 1337 1642 2730 2660 2664 2251 2202
685 1564 1330 1643 2715 2666 2665 2250 2216
686 1561 1332 1644 2729 2665 2659 2243 2210
687 1553 1328 1632 2723 2665 2673 2253 2221
688 1548 1323 1631 2730 2653 2670 2248 2241
689 1543 1325 1631 2740 2664 2669 2253 2247
690 1542 1324 1629 2732 2663 2673 2242 2267
691 1542 1323 1627 2735 2657 2677 2238 2266
692 1545 1333 1625 2735 2661 2682 2236 2271
693 1538 1332 1628 2730 2669 2687 2234 2271
694 1542 1331 1631 2725 2666 2673 2237 2260
695 1552 1335 1627 2733 2659 2679 2230 2270
696 1554 1330 1638 2737 2667 2682 2241 2256
697 1564 1333 1636 2726 2678 2676 2239 2248
698 1570 1337 1637 2735 2673 2678 2247 2245
699 1573 1336 1640 2730 2666 2670 2238 2227
700 1571 1331 1634 2730 2660 2673 2241 2241
701 1574 1339 1639 2725 2677 2677 2250 2215
702 1584 1341 1630 2721 2667 2668 2252 2209
703 1590 1336 1635 2721 2660 2678 2253 2200
704 1587 1339 1629 2731 2670 2684 2243 2193
705 1573 1343 1623 2730 2664 2676 2246 2206
706 1580 1343 1631 2732 2669 2669 2238 2180
707 1581 1340 1634 2728 2662 2680 2247 2183
708 1579 1344 1636 2724 2660 2681 2242 2180
709 1577 1345 1636 2723 2665 2672 2244 2184
710 1574 1342 1633 2725 2660 2669 2245 2194
711 1575 1341 1629 2726 2662 2670 2221 2155
712 1575 1341 1635 2723 2662 2670 2245 2184
713 1567 1340 1632 2717 2665 2673 2237 2179
714 1562 1337 1632 2726 2672 2673 2238 2188
715 1563 1333 1632 2721 2667 2659 2241 2199
716 1563 1334 1629 2729 2668 2659 2243 2178
717 1555 1336 1634 2727 2656 2662 2240 2195
718 1557 1333 1629 2731 2659 2668 2237 2194
719 1554 1334 1637 2725 2662 2668 2239 2201
720 1558 1333 1637 2725 2645 2657 2243 2210
721 1558 1331 1636 2730 2645 2663 2247 2199
722 1562 1334 1628 2720 2650 2657 2239 2208
723 1554 1330 1632 2724 2641 2642 2241 2209
724 1556 1323 1638 2719 2633 2646 2232 2213
725 1554 1330 1633 2728 2625 2649 2216 2199
726 1553 1330 1634 2726 2638 2641 2239 2210
727 1557 1326 1634 2719 2636 2631 2237 2217
728 1556 1329 1640 2723 2638 2631 2240 2213
729 1553 1331 1625 2718 2621 2629 2238 2217
730 1560 1329 1636 2719 2611 2629 2249 2219
731 1559 1329 1640 2716 2626 2612 2245 2208
732 1555 1330 1637 2722 2606 2610 2247 2217
733 1561 1332 1630 2718 2599 2596 2251 2223
734 1556 1325 1638 2712 2609 2612 2249 2245
735 1551 1338 1629 2722 2642 2662 2236 2249
736 1549 1336 1624 2729 2665 2663 2221 2218
737 1559 1344 1620 2731 2657 2673 2219 2208
738 1566 1349 1614 2735 2678 2685 2217 2182
739 1566 1347 1615 2732 2678 2699 2241 2196
740 1557 1351 1635 2737 2690 2701 2236 2187
741 1553 1348 1646 2739 2705 2718 2240 2161
742 1560 1345 1653 2743 2706 2713 2239 2173
743 1557 1342 1652 2744 2705 2718 2251 2186
744 1552 1340 1646 2738 2715 2725 2258 2218
745 1543 1334 1637 2745 2715 2727 2255 2230
746 1537 1332 1641 2740 2716 2731 2250 2239
747 1539 1325 1633 2736 2714 2725 2231 2267
748 1545 1316 1626 2736 2712 2729 2226 2278
749 1549 1321 1620 2733 2717 2728 2211 2297
750 1552 1317 1617 2741 2715 2733 2220 2292
751 1569 1321 1625 2742 2721 2727 2225 2278
752 1562 1325 1632 2743 2718 2726 2235 2274
753 1577 1329 1634 2740 2722 2728 2240 2256
754 1583 1337 1633 2740 2716 2730 2245 2258
755 1574 1342 1643 2737 2715 2733 2246 2225
756 1582 1344 1636 2739 2721 2730 2243 2204
757 1582 1344 1629 2745 2724 2728 2244 2196
758 1576 1343 1632 2740 2719 2731 2237 2181
759 1575 1344 1635 2744 2720 2724 2239 2186
760 1569 1343 1635 2746 2721 2730 2232 2159
761 1567 1344 1638 2737 2724 2730 2236 2159
762 1560 1336 1634 2743 2721 2734 2243 2161
763 1565 1339 1640 2740 2717 2733 2242 2173
764 1554 1336 1635 2737 2725 2732 2247 2202
765 1552 1333 1630 2744 2724 2730 2239 2199
766 1548 1331 1627 2735 2719 2729 2243 2218
767 1546 1327 1619 2739 2721 2733 2232 2227
768 1545 1322 1627 2738 2728 2732 2228 2240
769 1541 1328 1630 2738 2719 2733 2230 2261
770 1544 1332 1629 2745 2721 2737 2233 2253
771 1558 1335 1633 2740 2727 2727 2237 2253
772 1555 1336 1628 2744 2718 2730 2231 2254
773 1561 1328 1636 2739 2725 2734 2227 2245
774 1565 1334 1637 2750 2727 2732 2231 2250
775 1565 1338 1634 2735 2726 2731 2240 2223
776 1569 1340 1638 2743 2718 2736 2237 2220
777 1565 1342 1635 2745 2724 2734 2237 2213
778 1582 1335 1633 2743 2729 2733 2237 2209
779 1571 1339 1632 2744 2722 2732 2239 2217
780 1577 1340 1635 2738 2720 2735 2243 2191
781 1569 1338 1636 2741 2719 2734 2238 2201
782 1563 1331 1634 2744 2726 2730 2242 2194
783 1565 1338 1636 2734 2722 2727 2238 2204
784 1569 1336 1634 2739 2721 2734 2241 2216
785 1562 1339 1638 2740 2718 2729 2238 2199
786 1566 1339 1637 2738 2729 2735 2237 2213
787 1562 1336 1626 2748 2723 2730 2237 2210
788 1550 1340 1630 2738 2719 2733 2236 2224
789 1553 1335 1627 2745 2721 2728 2237 2228
790 1559 1335 1630 2740 2721 2735 2234 2216
791 1558 1334 1634 2746 2722 2733 2236 2225
792 1557 1335 1636 2737 2722 2733 2234 2222
793 1555 1332 1638 2741 2724 2732 2239 2232
794 1557 1333 1630 2746 2721 2728 2237 2231
795 1561 1334 1636 2743 2723 2732 2234 2220
796 1560 1334 1629 2746 2722 2731 2239 2229
797 1560 1335 1632 2735 2721 2736 2233 2219
798 1557 1335 1636 2739 2725 2733 2241 2232
799 1558 1339 1633 2736 2718 2737 2236 2226
800 1565 1332 1638 2743 2714 2736 2238 2215
801 1569 1337 1637 2748 2719 2731 2237 2224
802 1566 1328 1635 2743 2717 2732 2237 2214
803 1563 1330 1636 2741 2724 2733 2244 2225
804 1553 1328 1637 2743 2724 2732 2232 2216
805 1555 1334 1638 2741 2719 2730 2241 2208
806 1560 1338 1633 2740 2724 2738 2233 2215
807 1571 1337 1639 2737 2724 2730 2245 2210
808 1566 1334 1638 2737 2720 2730 2238 2223
809 1563 1337 1632 2744 2724 2736 2236 2216
810 1558 1335 1632 2741 2730 2729 2237 2210
811 1558 1338 1634 2740 2723 2733 2240 2219
812 1562 1328 1628 2742 2719 2734 2243 2216
813 1562 1338 1637 2738 2716 2736 2236 2231
814 1555 1336 1631 2747 2723 2737 2236 2221
815 1556 1338 1633 2739 2723 2735 2237 2219
816 1559 1337 1633 2740 2720 2737 2239 2224
817 1561 1341 1628 2736 2729 2731 2237 2219
818 1557 1338 1632 2744 2728 2716 2233 2229
819 1559 1334 1633 2738 2716 2731 2236 2223
820 1563 1335 1630 2742 2727 2735 2237 2224
821 1564 1339 1639 2744 2719 2736 2238 2227
822 1563 1340 1639 2736 2722 2732 2237 2218
823 1566 1338 1638 2742 2713 2731 2240 2225
824 1568 1341 1629 2742 2721 2733 2240 2210
825 1573 1341 1636 2749 2719 2736 2245 2207
826 1569 1342 1638 2739 2724 2734 2243 2209
827 1563 1343 1640 2742 2725 2732 2238 2204
828 1568 1340 1637 2734 2719 2731 2238 2215
829 1570 1342 1635 2743 2725 2736 2234 2194
830 1562 1333 1633 2740 2722 2732 2240 2194
831 1560 1342 1640 2744 2718 2733 2233 2184
832 1563 1336 1632 2739 2722 2730 2241 2185
833 1557 1334 1646 2747 2725 2735 2253 2217
834 1547 1341 1632 2737 2724 2729 2261 2219
835 1551 1339 1633 2744 2722 2731 2252 2226
836 1547 1329 1633 2738 2726 2733 2228 2221
837 1543 1335 1627 2745 2727 2734 2226 2232
838 1546 1327 1630 2748 2726 2738 2218 2248
839 1545 1330 1629 2741 2724 2740 2232 2241
840 1543 1322 1630 2734 2722 2735 2233 2252
841 1543 1327 1632 2740 2729 2739 2236 2256
842 1551 1329 1642 2748 2725 2731 2238 2262
843 1559 1326 1641 2746 2720 2734 2243 2268
844 1559 1325 1630 2733 2725 2737 2246 2251
845 1565 1331 1636 2735 2724 2734 2239 2251
846 1557 1333 1630 2738 2717 2738 2241 2244
847 1568 1331 1631 2743 2723 2733 2231 2242
848 1567 1333 1631 2745 2720 2734 2236 2248
849 1562 1339 1627 2736 2720 2731 2230 2219
850 1570 1336 1632 2742 2716 2733 2236 2223
851 1573 1335 1629 2747 2727 2731 2240 2212
852 1576 1342 1640 2746 2723 2733 2243 2215
853 1586 1345 1631 2737 2727 2738 2244 2211
854 1579 1347 1638 2743 2726 2729 2240 2189
855 1578 1348 1632 2749 2717 2732 2244 2190
856 1572 1350 1639 2740 2724 2734 2241 2183
857 1559 1349 1634 2746 2725 2736 2245 2196
858 1564 1350 1635 2748 2723 2735 2237 2195
859 1560 1349 1635 2741 2726 2735 2237 2187
860 1556 1345 1628 2739 2723 2731 2238 2196
861 1564 1343 1636 2749 2725 2739 2237 2197
862 1560 1346 1635 2749 2729 2735 2243 2213
863 1557 1336 1627 2740 2719 2737 2234 2217
864 1556 1341 1635 2743 2725 2737 2239 2207
865 1559 1336 1638 2740 2724 2734 2234 2222
866 1558 1331 1640 2745 2725 2733 2242 2219
867 1559 1326 1628 2746 2728 2741 2235 2234
868 1556 1330 1634 2741 2723 2729 2237 2235
869 1553 1328 1635 2741 2724 2732 2239 2222
870 1559 1326 1636 2748 2718 2729 2238 2234
871 1558 1330 1636 2737 2723 2737 2238 2222
872 1553 1324 1633 2744 2722 2731 2235 2237
873 1565 1323 1640 2748 2726 2733 2237 2226
874 1566 1331 1633 2740 2727 2736 2238 2218
875 1561 1332 1637 2745 2725 2725 2241 2222
876 1559 1329 1631 2745 2724 2731 2242 2215
877 1560 1334 1639 2739 2722 2732 2241 2227
878 1562 1335 1625 2744 2723 2737 2241 2213
879 1563 1333 1635 2744 2720 2734 2243 2208
880 1561 1335 1638 2742 2726 2730 2245 2214
881 1560 1339 1631 2741 2716 2731 2239 2209
882 1560 1339 1628 2745 2725 2731 2235 2222
883 1563 1342 1635 2742 2724 2732 2239 2215
884 1560 1342 1637 2743 2722 2739 2242 2211
885 1553 1334 1632 2739 2723 2734 2240 2219
886 1552 1339 1633 2744 2720 2731 2238 2217
887 1558 1344 1631 2743 2718 2739 2237 2232
888 1558 1344 1633 2745 2726 2735 2237 2220
889 1558 1339 1627 2740 2724 2737 2241 2217
890 1559 1342 1634 2741 2726 2735 2236 2224
891 1566 1343 1636 2735 2729 2732 2238 2223
892 1565 1342 1634 2741 2726 2729 2234 2234
893 1560 1337 1630 2747 2724 2735 2239 2216
894 1568 1338 1634 2741 2718 2728 2240 2214
895 1568 1344 1631 2745 2717 2729 2235 2213
896 1567 1336 1637 2738 2718 2731 2239 2215
897 1562 1335 1636 2735 2722 2730 2237 2227
898 1569 1335 1637 2745 2719 2734 2242 2209
899 1559 1335 1637 2741 2726 2736 2238 2212
900 1569 1328 1632 2739 2726 2735 2237 2210
901 1567 1337 1636 2743 2721 2729 2238 2213
902 1563 1334 1632 2744 2725 2733 2237 2223
903 1555 1335 1635 2737 2720 2734 2244 2208
904 1564 1333 1628 2740 2722 2739 2233 2210
905 1558 1330 1626 2745 2721 2735 2239 2213
906 1556 1332 1632 2745 2719 2735 2238 2220
907 1561 1329 1633 2741 2725 2737 2242 2228
908 1560 1322 1631 2747 2720 2733 2239 2212
909 1558 1330 1629 2741 2728 2731 2235 2215
910 1563 1332 1633 2740 2726 2729 2238 2217
911 1560 1333 1633 2747 2726 2731 2239 2223
912 1556 1332 1632 2737 2725 2731 2242 2232
913 1556 1338 1631 2739 2732 2735 2238 2218
914 1559 1340 1631 2741 2726 2735 2238 2222
915 1562 1336 1626 2733 2718 2728 2235 2218
916 1562 1336 1631 2736 2722 2729 2240 2223
917 1567 1337 1631 2741 2725 2734 2238 2230
918 1563 1335 1631 2736 2720 2736 2235 2209
919 1564 1337 1628 2740 2720 2736 2239 2220
920 1572 1338 1622 2743 2723 2738 2234 2211
921 1566 1338 1636 2746 2720 2733 2242 2224
922 1565 1335 1625 2740 2724 2726 2237 2224
923 1558 1336 1633 2743 2726 2734 2238 2209
924 1565 1342 1636 2738 2717 2737 2239 2219
925 1564 1337 1634 2744 2727 2733 2241 2208
926 1566 1338 1630 2741 2726 2732 2239 2219
927 1563 1337 1633 2744 2725 2736 2231 2218
928 1558 1340 1633 2737 2719 2734 2238 2207
929 1559 1341 1630 2745 2718 2734 2238 2218
930 1560 1335 1633 2737 2726 2730 2241 2209
931 1561 1338 1632 2736 2718 2731 2238 2227
932 1559 1339 1632 2744 2719 2733 2237 2219
933 1561 1333 1633 2737 2726 2731 2237 2211
934 1554 1334 1633 2738 2720 2729 2238 2219
935 1564 1334 1635 2742 2720 2733 2241 2214
936 1555 1335 1630 2741 2719 2726 2237 2227
937 1559 1335 1634 2737 2724 2738 2237 2220
938 1559 1333 1631 2741 2721 2734 2235 2212
939 1550 1328 1632 2740 2719 2732 2242 2223
940 1557 1336 1635 2741 2725 2739 2237 2217
941 1555 1333 1632 2740 2728 2734 2236 2229
942 1564 1336 1637 2741 2726 2737 2239 2220
943 1561 1338 1632 2748 2723 2740 2237 2213
944 1560 1337 1637 2738 2718 2731 2242 2222
945 1561 1338 1633 2737 2720 2737 2232 2214
946 1559 1333 1629 2741 2720 2730 2240 2230
947 1562 1331 1633 2732 2716 2738 2238 2219
948 1564 1336 1631 2735 2723 2731 2241 2214
949 1564 1335 1631 2740 2717 2729 2239 2222
950 1568 1334 1638 2739 2719 2734 2235 2217
951 1561 1339 1634 2741 2716 2735 2240 2232
952 1563 1338 1633 2738 2722 2741 2238 2213
953 1562 1338 1633 2743 2718 2736 2243 2215
954 1561 1333 1625 2737 2720 2727 2236 2219
955 1562 1339 1637 2744 2719 2732 2239 2216
956 1561 1338 1629 2742 2720 2737 2236 2229
957 1564 1339 1636 2734 2725 2736 2240 2213
958 1567 1337 1635 2751 2717 2733 2237 2214
959 1564 1338 1635 2747 2714 2739 2239 2217
960 1562 1337 1635 2740 2724 2732 2239 2217
961 1565 1340 1634 2737 2717 2731 2238 2230
962 1557 1333 1631 2742 2721 2735 2241 2209
963 1561 1329 1629 2743 2721 2737 2235 2215
964 1559 1335 1628 2744 2727 2732 2240 2213
965 1564 1335 1635 2740 2725 2736 2239 2217
966 1560 1337 1636 2741 2717 2731 2243 2231
967 1561 1335 1630 2738 2724 2738 2238 2210
968 1559 1328 1631 2738 2718 2737 2239 2217
969 1561 1333 1632 2739 2724 2732 2235 2213
970 1558 1331 1634 2743 2718 2739 2237 2219
971 1562 1334 1625 2739 2724 2739 2243 2228
972 1564 1332 1628 2734 2724 2737 2236 2211
973 1564 1337 1632 2741 2726 2734 2239 2218
974 1561 1339 1636 2743 2723 2738 2238 2215
975 1565 1336 1636 2742 2725 2740 2242 2220
976 1560 1336 1635 2739 2719 2738 2239 2229
977 1559 1340 1633 2739 2714 2731 2239 2210
978 1556 1338 1634 2745 2717 2737 2238 2219
979 1556 1339 1635 2749 2723 2734 2238 2216
980 1560 1338 1630 2747 2721 2733 2242 2221
981 1563 1340 1638 2736 2717 2731 2237 2227
982 1562 1339 1626 2740 2719 2734 2235 2208
983 1554 1340 1632 2744 2721 2733 2237 2220
984 1563 1342 1629 2743 2725 2732 2237 2213
985 1566 1338 1629 2747 2724 2732 2243 2223
986 1560 1332 1631 2746 2719 2732 2236 2224
987 1562 1340 1632 2737 2720 2735 2239 2211
988 1562 1337 1634 2735 2725 2731 2238 2222
989 1561 1337 1632 2740 2724 2737 2241 2212
990 1564 1339 1635 2737 2721 2732 2237 2227
991 1559 1339 1631 2744 2721 2732 2235 2222
992 1564 1333 1630 2741 2722 2735 2237 2211
993 1564 1336 1623 2738 2720 2739 2238 2217
994 1560 1338 1637 2740 2726 2733 2242 2215
995 1556 1333 1632 2737 2719 2728 2237 2229
996 1562 1335 1623 2740 2718 2733 2237 2223
997 1561 1335 1636 2738 2729 2737 2236 2212
998 1564 1332 1637 2741 2729 2730 2244 2219
999 1560 1335 1630 2746 2723 2740 2236 2214
1000 1559 1337 1630 2748 2714 2739 2237 2229
1001 1556 1336 1629 2737 2724 2731 2236 2216
1002 1555 1336 1627 2741 2724 2735 2239 2214
1003 1565 1334 1633 2740 2720 2736 2238 2218
1004 1567 1339 1635 2738 2725 2731 2236 2214
1005 1562 1338 1634 2740 2721 2738 2239 2230
1006 1559 1335 1633 2746 2723 2736 2233 2217
1007 1557 1338 1626 2748 2730 2735 2240 2213
1008 1555 1332 1632 2750 2725 2739 2240 2221
1009 1559 1337 1631 2738 2726 2736 2236 2213
1010 1556 1330 1623 2741 2717 2739 2238 2229
1011 1566 1339 1634 2741 2729 2728 2238 2216
1012 1562 1334 1632 2742 2722 2738 2243 2213
1013 1557 1338 1634 2738 2719 2728 2232 2220
1014 1559 1338 1628 2736 2716 2738 2238 2216
1015 1561 1339 1634 2744 2728 2732 2235 2228
1016 1563 1337 1637 2742 2725 2732 2240 2217
1017 1560 1339 1629 2747 2717 2730 2241 2220
1018 1553 1334 1627 2737 2722 2732 2238 2219
1019 1565 1336 1634 2715 2718 2711 2195 2175
1020 1556 1340 1636 2738 2681 2709 2207 2204
1021 1555 1337 1629 2731 2714 2717 2214 2190
1022 1556 1337 1633 2726 2707 2723 2216 2206
1023 1546 1336 1636 2723 2700 2738 2238 2216
