0 1565 1338 1616 2749 2722 2736 2238 2219
1 1558 1335 1620 2747 2729 2740 2243 2216
2 1558 1340 1614 2744 2718 2734 2232 2218
3 1550 1332 1619 2743 2723 2733 2239 2230
4 1564 1336 1615 2741 2720 2727 2232 2210
5 1560 1334 1613 2737 2714 2732 2241 2222
6 1564 1336 1619 2746 2717 2738 2236 2213
7 1566 1338 1616 2744 2719 2730 2235 2223
8 1558 1330 1619 2744 2723 2735 2234 2225
9 1556 1340 1618 2741 2723 2733 2237 2214
10 1564 1336 1615 2744 2722 2729 2237 2218
11 1567 1340 1618 2744 2726 2733 2232 2202
12 1557 1339 1619 2738 2722 2731 2237 2220
13 1560 1340 1621 2742 2724 2737 2236 2225
14 1558 1337 1618 2739 2719 2731 2240 2210
15 1560 1337 1608 2741 2728 2734 2238 2223
16 1560 1334 1617 2742 2724 2729 2234 2214
17 1562 1333 1611 2744 2726 2735 2238 2226
18 1561 1340 1620 2735 2724 2730 2233 2223
19 1555 1339 1617 2746 2726 2727 2242 2211
20 1560 1338 1610 2745 2724 2738 2234 2221
21 1549 1339 1617 2742 2727 2735 2234 2216
22 1560 1339 1618 2736 2725 2730 2235 2224
23 1555 1332 1617 2744 2722 2737 2239 2224
24 1560 1331 1620 2748 2728 2732 2241 2213
25 1554 1330 1616 2742 2721 2741 2233 2222
26 1561 1332 1614 2747 2720 2727 2238 2215
27 1557 1334 1613 2735 2720 2735 2234 2225
28 1557 1336 1615 2744 2724 2734 2241 2222
29 1558 1337 1620 2739 2719 2735 2232 2213
30 1559 1342 1618 2743 2726 2731 2236 2223
31 1553 1341 1618 2749 2716 2731 2234 2213
32 1556 1337 1618 2741 2726 2737 2238 2230
33 1554 1337 1619 2746 2726 2741 2239 2216
34 1562 1338 1614 2741 2721 2731 2232 2213
35 1548 1341 1616 2742 2725 2733 2237 2224
36 1556 1341 1614 2738 2718 2731 2233 2211
37 1559 1337 1619 2739 2728 2730 2242 2229
38 1558 1328 1619 2743 2717 2735 2232 2216
39 1550 1338 1615 2735 2722 2731 2236 2215
40 1567 1336 1612 2748 2720 2737 2236 2220
41 1562 1336 1619 2740 2728 2738 2237 2216
42 1558 1338 1611 2739 2725 2734 2241 2227
43 1561 1337 1613 2743 2732 2729 2233 2218
44 1561 1335 1617 2737 2722 2731 2237 2215
45 1556 1336 1619 2745 2718 2740 2234 2222
46 1554 1334 1620 2745 2723 2731 2242 2215
47 1561 1339 1612 2739 2720 2729 2238 2231
48 1560 1337 1615 2743 2727 2733 2234 2212
49 1563 1336 1620 2745 2724 2735 2238 2214
50 1558 1338 1615 2745 2725 2731 2239 2220
51 1558 1339 1616 2740 2725 2730 2242 2217
52 1563 1335 1618 2744 2724 2731 2234 2230
53 1561 1339 1620 2738 2719 2730 2236 2216
54 1558 1337 1617 2736 2721 2730 2236 2218
55 1561 1338 1613 2742 2718 2738 2238 2219
56 1559 1341 1617 2743 2726 2736 2239 2219
57 1556 1339 1617 2743 2726 2734 2233 2230
58 1565 1331 1613 2741 2726 2731 2239 2215
59 1560 1342 1611 2745 2728 2736 2233 2216
60 1556 1341 1612 2734 2717 2738 2242 2217
61 1558 1332 1619 2747 2726 2736 2235 2216
62 1560 1338 1620 2743 2728 2738 2235 2231
63 1553 1339 1618 2745 2725 2731 2233 2213
64 1565 1337 1616 2735 2722 2737 2240 2220
65 1560 1336 1617 2744 2722 2738 2235 2215
66 1558 1331 1619 2738 2726 2734 2232 2220
67 1556 1340 1621 2746 2725 2727 2237 2232
68 1554 1335 1616 2741 2726 2739 2236 2215
69 1551 1341 1619 2743 2721 2734 2243 2219
70 1553 1339 1617 2747 2721 2731 2234 2216
71 1556 1333 1617 2743 2721 2738 2236 2221
72 1548 1340 1620 2745 2725 2737 2233 2228
73 1559 1342 1617 2741 2726 2731 2239 2213
74 1558 1337 1614 2740 2714 2735 2235 2217
75 1559 1340 1621 2739 2717 2732 2234 2218
76 1564 1337 1621 2747 2719 2739 2237 2222
77 1553 1336 1619 2739 2726 2730 2233 2228
78 1555 1331 1616 2743 2726 2740 2243 2209
79 1557 1341 1622 2742 2719 2732 2236 2221
80 1562 1336 1621 2742 2723 2739 2236 2215
81 1564 1336 1620 2732 2718 2732 2237 2223
82 1555 1340 1615 2742 2727 2732 2237 2232
83 1559 1336 1617 2740 2721 2732 2240 2212
84 1560 1336 1611 2736 2722 2732 2234 2223
85 1554 1340 1610 2737 2721 2732 2235 2212
86 1556 1330 1613 2740 2727 2732 2233 2223
87 1559 1340 1619 2740 2721 2735 2242 2230
88 1558 1339 1618 2740 2729 2739 2234 2212
89 1559 1338 1614 2743 2722 2732 2235 2222
90 1556 1335 1619 2743 2720 2735 2233 2212
91 1555 1338 1607 2744 2720 2736 2236 2226
92 1556 1339 1611 2742 2728 2742 2241 2223
93 1555 1337 1611 2746 2720 2732 2234 2212
94 1560 1337 1617 2742 2720 2730 2238 2220
95 1557 1339 1610 2741 2725 2731 2236 2215
96 1560 1336 1616 2741 2718 2738 2239 2222
97 1562 1339 1611 2739 2719 2735 2237 2225
98 1568 1336 1613 2745 2729 2730 2236 2210
99 1558 1340 1620 2737 2718 2741 2236 2222
100 1552 1341 1617 2744 2726 2742 2236 2215
101 1564 1330 1617 2745 2726 2735 2240 2228
102 1555 1341 1613 2743 2725 2736 2236 2225
103 1558 1337 1610 2739 2723 2735 2235 2212
104 1558 1340 1617 2744 2724 2738 2237 2223
105 1554 1339 1614 2744 2723 2729 2236 2213
106 1557 1336 1613 2741 2719 2738 2241 2228
107 1553 1335 1607 2739 2726 2741 2232 2219
108 1562 1335 1617 2742 2718 2737 2237 2214
109 1561 1335 1619 2744 2723 2738 2233 2222
110 1565 1336 1616 2738 2729 2732 2242 2216
111 1558 1337 1616 2740 2723 2733 2235 2229
112 1562 1336 1613 2741 2720 2729 2234 2220
113 1548 1335 1618 2734 2728 2728 2237 2215
114 1561 1339 1614 2747 2722 2738 2238 2221
115 1556 1337 1616 2746 2721 2736 2244 2216
116 1559 1330 1617 2744 2721 2739 2230 2228
117 1559 1337 1620 2737 2726 2737 2237 2218
118 1557 1334 1617 2749 2724 2742 2236 2216
119 1563 1339 1615 2745 2718 2727 2239 2221
120 1559 1336 1619 2741 2723 2734 2237 2217
121 1559 1341 1617 2747 2730 2732 2235 2231
122 1561 1338 1619 2727 2711 2716 2229 2217
123 1555 1341 1621 2738 2726 2731 2235 2215
124 1557 1333 1616 2747 2723 2730 2240 2222
125 1563 1334 1614 2738 2729 2730 2232 2216
126 1561 1336 1616 2738 2719 2731 2239 2233
127 1561 1341 1619 2743 2722 2732 2231 2212
128 1558 1339 1616 2742 2720 2733 2239 2216
129 1558 1338 1621 2748 2727 2729 2236 2221
130 1553 1337 1617 2742 2722 2733 2234 2217
131 1559 1336 1616 2748 2729 2739 2237 2233
132 1560 1333 1618 2746 2726 2733 2234 2213
133 1560 1338 1618 2743 2724 2738 2241 2218
134 1560 1339 1611 2738 2719 2733 2230 2216
135 1560 1337 1617 2743 2725 2735 2236 2217
136 1559 1340 1616 2749 2727 2743 2237 2232
137 1560 1329 1616 2740 2717 2738 2239 2213
138 1557 1338 1612 2744 2726 2732 2238 2219
139 1559 1331 1608 2739 2724 2731 2233 2217
140 1554 1335 1614 2740 2726 2735 2238 2219
141 1560 1337 1611 2737 2729 2742 2234 2230
142 1561 1335 1618 2735 2719 2736 2241 2216
143 1560 1341 1613 2746 2722 2730 2231 2218
144 1548 1338 1618 2737 2725 2735 2236 2218
145 1558 1341 1615 2748 2729 2735 2233 2220
146 1562 1337 1620 2744 2724 2739 2237 2233
147 1561 1340 1622 2744 2727 2740 2236 2213
148 1562 1336 1620 2742 2726 2742 2233 2219
149 1560 1336 1620 2739 2729 2738 2236 2216
150 1555 1339 1621 2744 2728 2736 2234 2219
151 1559 1341 1618 2739 2723 2736 2240 2230
152 1550 1336 1618 2743 2725 2734 2232 2212
153 1555 1338 1621 2736 2730 2740 2237 2222
154 1553 1341 1619 2746 2729 2744 2234 2218
155 1545 1339 1619 2744 2722 2743 2238 2224
156 1548 1334 1615 2736 2723 2741 2239 2228
157 1554 1332 1616 2745 2730 2739 2232 2212
158 1558 1342 1616 2744 2728 2750 2232 2218
159 1552 1333 1610 2740 2724 2743 2233 2216
160 1557 1338 1618 2741 2723 2750 2240 2226
161 1556 1340 1613 2740 2731 2748 2232 2229
162 1553 1337 1615 2744 2723 2743 2232 2214
163 1556 1334 1612 2739 2729 2747 2233 2222
164 1549 1335 1615 2739 2725 2751 2234 2218
165 1553 1336 1615 2738 2723 2751 2236 2226
166 1567 1335 1615 2741 2722 2751 2231 2229
167 1561 1334 1615 2743 2725 2751 2235 2216
168 1561 1337 1606 2743 2727 2751 2230 2220
169 1560 1335 1614 2736 2719 2748 2238 2217
170 1561 1337 1611 2730 2725 2758 2232 2223
171 1561 1336 1608 2744 2722 2756 2231 2226
172 1565 1338 1619 2745 2722 2757 2232 2212
173 1560 1331 1616 2742 2725 2759 2232 2224
174 1561 1334 1621 2741 2725 2761 2235 2216
175 1556 1331 1615 2744 2724 2761 2230 2233
176 1559 1335 1615 2737 2724 2761 2231 2225
177 1550 1337 1616 2745 2721 2766 2228 2218
178 1554 1333 1611 2736 2726 2767 2236 2225
179 1556 1336 1622 2740 2728 2760 2229 2214
180 1556 1336 1616 2731 2718 2775 2227 2230
181 1560 1332 1618 2741 2727 2766 2231 2223
182 1561 1338 1606 2734 2727 2773 2226 2211
183 1559 1338 1615 2738 2728 2768 2233 2220
184 1551 1339 1614 2735 2727 2774 2223 2213
185 1555 1337 1617 2741 2720 2770 2230 2231
186 1553 1338 1618 2730 2722 2763 2228 2227
187 1553 1335 1619 2741 2729 2770 2231 2215
188 1558 1335 1615 2736 2719 2772 2234 2227
189 1557 1333 1612 2745 2729 2774 2228 2224
190 1560 1339 1619 2739 2725 2768 2231 2240
191 1549 1338 1619 2745 2729 2777 2226 2226
192 1551 1340 1616 2747 2722 2778 2235 2221
193 1560 1339 1616 2743 2728 2785 2227 2223
194 1564 1336 1620 2744 2724 2776 2230 2221
195 1563 1333 1618 2746 2724 2762 2229 2233
196 1572 1328 1618 2740 2726 2774 2236 2222
197 1566 1336 1617 2747 2719 2766 2235 2215
198 1561 1332 1620 2742 2723 2771 2231 2221
199 1559 1336 1609 2745 2724 2775 2232 2213
200 1558 1338 1615 2736 2716 2773 2233 2232
201 1562 1338 1619 2740 2727 2771 2236 2216
202 1549 1334 1618 2749 2729 2776 2233 2216
203 1563 1335 1615 2741 2725 2779 2231 2221
204 1559 1330 1617 2744 2726 2776 2230 2219
205 1563 1334 1616 2743 2717 2773 2230 2229
206 1564 1339 1618 2747 2719 2776 2236 2214
207 1552 1339 1617 2741 2713 2774 2227 2213
208 1560 1339 1624 2737 2719 2783 2235 2221
209 1556 1334 1619 2742 2718 2781 2233 2218
210 1557 1335 1618 2744 2728 2777 2235 2228
211 1551 1337 1619 2738 2734 2789 2232 2208
212 1560 1337 1618 2747 2714 2787 2232 2219
213 1557 1339 1614 2742 2730 2785 2232 2214
214 1556 1334 1620 2737 2718 2787 2230 2220
215 1554 1335 1618 2729 2725 2784 2239 2234
216 1552 1337 1620 2744 2730 2797 2226 2216
217 1555 1336 1616 2738 2726 2796 2232 2220
218 1556 1334 1615 2756 2731 2799 2225 2215
219 1550 1331 1621 2736 2729 2813 2229 2221
220 1553 1330 1616 2725 2735 2832 2228 2238
221 1553 1335 1621 2761 2728 2838 2224 2220
222 1552 1334 1616 2750 2739 2845 2228 2228
223 1544 1335 1620 2737 2747 2866 2221 2227
224 1548 1327 1610 2745 2758 2882 2227 2244
225 1542 1331 1619 2738 2768 2904 2218 2261
226 1541 1328 1616 2744 2766 2924 2211 2239
227 1540 1320 1611 2762 2765 2963 2205 2243
228 1544 1317 1618 2752 2773 3008 2207 2237
229 1534 1323 1623 2780 2775 3082 2203 2241
230 1525 1322 1613 2770 2793 3211 2185 2277
231 1509 1299 1610 2740 2842 3258 2137 2337
232 1502 1275 1594 2732 2775 3150 2102 2352
233 1492 1245 1594 2729 2801 3088 2058 2337
234 1473 1234 1609 2755 2774 2997 2050 2300
235 1458 1276 1650 2750 2768 2961 2164 2326
236 1442 1344 1658 2757 2768 2943 2297 2442
237 1455 1349 1659 2760 2772 2964 2326 2549
238 1475 1313 1631 2746 2746 2919 2252 2476
239 1508 1263 1569 2758 2736 2887 2124 2314
240 1523 1274 1547 2759 2742 2895 2085 2240
241 1531 1287 1564 2743 2751 2898 2103 2318
242 1539 1304 1612 2740 2757 2864 2151 2392
243 1573 1314 1643 2746 2747 2837 2193 2330
244 1587 1326 1648 2724 2761 2879 2206 2252
245 1623 1359 1652 2746 2739 2856 2231 2218
246 1631 1373 1644 2745 2745 2856 2248 2208
247 1651 1397 1634 2744 2748 2857 2275 2166
248 1655 1407 1617 2740 2740 2848 2278 2205
249 1642 1375 1556 2735 2749 2873 2206 2350
250 1646 1359 1505 2738 2750 2861 2047 2160
251 1676 1317 1517 2745 2737 2853 1915 1809
252 1668 1321 1590 2741 2734 2839 1992 1834
253 1639 1318 1653 2752 2739 2835 2139 2059
254 1631 1321 1688 2737 2744 2842 2248 2066
255 1630 1323 1704 2744 2731 2825 2272 1897
256 1599 1340 1704 2738 2741 2841 2303 1977
257 1564 1343 1685 2743 2744 2837 2333 2190
258 1532 1343 1662 2749 2730 2825 2330 2232
259 1520 1344 1608 2742 2744 2831 2292 2219
260 1509 1334 1587 2744 2726 2822 2237 2273
261 1500 1341 1555 2735 2740 2809 2162 2341
262 1501 1338 1554 2739 2729 2813 2102 2361
263 1519 1338 1565 2745 2716 2806 2089 2339
264 1531 1337 1580 2743 2725 2801 2099 2355
265 1534 1353 1624 2733 2743 2805 2135 2355
266 1547 1357 1658 2731 2746 2800 2171 2375
267 1551 1356 1667 2742 2738 2795 2216 2413
268 1556 1364 1660 2748 2719 2783 2244 2382
269 1570 1364 1644 2744 2727 2783 2255 2356
270 1591 1364 1629 2739 2719 2779 2250 2282
271 1606 1372 1628 2738 2733 2788 2242 2232
272 1616 1383 1627 2747 2729 2775 2223 2198
273 1611 1385 1626 2734 2713 2775 2204 2154
274 1613 1385 1628 2751 2727 2775 2193 2150
275 1601 1377 1625 2739 2723 2777 2193 2144
276 1600 1362 1620 2738 2717 2774 2204 2149
277 1591 1351 1621 2740 2717 2771 2211 2147
278 1577 1344 1622 2742 2728 2769 2219 2136
279 1578 1335 1636 2744 2719 2767 2221 2144
280 1568 1329 1627 2736 2717 2773 2225 2125
281 1560 1318 1626 2740 2716 2773 2229 2132
282 1547 1313 1621 2730 2715 2760 2224 2156
283 1550 1316 1630 2740 2718 2768 2226 2174
284 1530 1313 1626 2746 2724 2755 2220 2209
285 1547 1309 1623 2740 2717 2767 2221 2207
286 1543 1314 1614 2742 2729 2768 2220 2217
287 1539 1313 1621 2745 2717 2755 2210 2220
288 1537 1320 1621 2737 2726 2767 2209 2238
289 1534 1319 1623 2744 2734 2764 2204 2269
290 1539 1323 1630 2739 2716 2762 2218 2268
291 1540 1326 1634 2738 2727 2766 2216 2269
292 1551 1331 1632 2739 2729 2763 2227 2270
293 1552 1332 1628 2744 2716 2760 2215 2262
294 1563 1336 1627 2737 2716 2759 2217 2274
295 1569 1333 1631 2739 2720 2764 2218 2250
296 1571 1347 1629 2741 2729 2762 2222 2249
297 1572 1346 1627 2739 2723 2763 2228 2240
298 1571 1354 1623 2737 2724 2761 2215 2229
299 1572 1352 1626 2734 2721 2760 2218 2231
300 1572 1346 1627 2737 2716 2762 2212 2205
301 1575 1349 1628 2739 2727 2762 2225 2209
302 1578 1351 1621 2741 2723 2759 2225 2196
303 1578 1345 1628 2746 2721 2758 2221 2204
304 1570 1347 1629 2746 2721 2760 2220 2210
305 1570 1344 1624 2731 2730 2751 2219 2198
306 1571 1344 1622 2744 2714 2764 2224 2204
307 1565 1343 1622 2740 2728 2760 2219 2200
308 1577 1332 1630 2745 2722 2761 2221 2202
309 1574 1342 1633 2736 2725 2754 2225 2209
310 1557 1341 1626 2742 2724 2765 2226 2192
311 1557 1342 1627 2742 2724 2763 2238 2196
312 1553 1344 1631 2734 2728 2758 2227 2192
313 1551 1346 1625 2738 2717 2758 2230 2244
314 1541 1326 1621 2734 2731 2762 2214 2274
315 1567 1322 1616 2740 2725 2761 2212 2242
316 1578 1310 1613 2740 2727 2770 2177 2196
317 1576 1308 1615 2743 2729 2754 2174 2184
318 1565 1316 1620 2735 2724 2759 2204 2233
319 1550 1321 1631 2735 2728 2766 2253 2278
320 1551 1332 1635 2738 2721 2758 2273 2261
321 1548 1337 1630 2740 2718 2753 2241 2237
322 1549 1331 1623 2739 2724 2758 2209 2222
323 1551 1324 1616 2736 2726 2760 2190 2238
324 1548 1313 1609 2737 2722 2759 2209 2249
325 1561 1321 1619 2740 2724 2756 2217 2231
326 1569 1320 1625 2740 2727 2767 2226 2238
327 1573 1329 1629 2735 2722 2758 2221 2229
328 1566 1336 1631 2736 2715 2757 2211 2238
329 1567 1337 1629 2743 2723 2752 2212 2234
330 1564 1341 1625 2734 2721 2756 2210 2215
331 1569 1343 1627 2739 2722 2766 2226 2217
332 1567 1345 1630 2740 2725 2760 2220 2202
333 1570 1345 1631 2739 2727 2764 2232 2211
334 1563 1342 1632 2740 2730 2765 2218 2205
335 1564 1337 1629 2742 2727 2764 2220 2219
336 1555 1340 1631 2744 2718 2763 2221 2236
337 1559 1335 1629 2733 2722 2764 2213 2209
338 1561 1325 1618 2735 2727 2766 2204 2229
339 1560 1330 1630 2742 2717 2764 2212 2250
340 1561 1326 1633 2746 2727 2771 2222 2260
341 1560 1327 1629 2740 2721 2777 2210 2245
342 1556 1327 1631 2748 2728 2779 2197 2225
343 1551 1326 1625 2747 2721 2777 2193 2248
344 1538 1323 1631 2750 2734 2782 2204 2258
345 1543 1320 1629 2738 2739 2795 2205 2246
346 1538 1311 1623 2748 2721 2792 2196 2238
347 1533 1304 1627 2749 2728 2792 2187 2232
348 1537 1295 1619 2745 2732 2800 2183 2267
349 1530 1293 1624 2736 2712 2808 2189 2255
350 1539 1293 1621 2741 2723 2797 2185 2258
351 1540 1288 1620 2740 2742 2810 2186 2286
352 1538 1286 1619 2738 2735 2825 2182 2286
353 1543 1283 1629 2743 2734 2824 2168 2282
354 1544 1282 1620 2744 2752 2835 2174 2261
355 1547 1282 1627 2743 2731 2851 2174 2267
356 1542 1289 1627 2761 2739 2849 2189 2287
357 1549 1294 1630 2752 2747 2858 2182 2289
358 1547 1293 1626 2752 2746 2876 2176 2307
359 1537 1304 1618 2759 2741 2882 2164 2296
360 1546 1303 1629 2769 2754 2899 2155 2303
361 1550 1301 1610 2749 2720 2890 2149 2306
362 1550 1300 1622 2752 2745 2905 2143 2293
363 1552 1298 1620 2739 2749 2931 2146 2318
364 1555 1305 1621 2748 2746 2905 2151 2295
365 1562 1300 1621 2759 2743 2929 2151 2306
366 1558 1301 1626 2772 2749 2920 2123 2282
367 1559 1312 1630 2761 2776 2959 2119 2271
368 1553 1307 1621 2747 2795 2977 2110 2343
369 1553 1299 1616 2741 2779 2987 2116 2335
370 1561 1282 1619 2767 2736 2991 2112 2310
371 1556 1268 1613 2731 2753 3011 2079 2269
372 1566 1274 1619 2774 2794 3041 2097 2276
373 1553 1274 1632 2783 2775 3054 2126 2345
374 1562 1299 1636 2749 2811 3088 2161 2335
375 1559 1276 1635 2762 2796 3093 2116 2320
376 1552 1294 1634 2781 2814 3147 2113 2268
377 1540 1274 1609 2735 2781 3151 2087 2315
378 1539 1267 1612 2755 2827 3182 2085 2299
379 1535 1264 1611 2763 2815 3182 2090 2171
380 1532 1266 1612 2766 2881 3255 2048 2240
381 1516 1262 1623 2750 2824 3249 2046 2342
382 1507 1265 1625 2770 2801 3246 2026 2438
383 1499 1252 1621 2743 2845 3260 2011 2441
384 1517 1234 1616 2754 2829 3285 2028 2312
385 1522 1235 1615 2770 2801 3263 2037 2315
386 1520 1236 1613 2721 2820 3305 2061 2390
387 1512 1234 1619 2721 2854 3330 2043 2528
388 1517 1250 1629 2720 2808 3333 2047 2511
389 1528 1265 1625 2721 2803 3304 2038 2403
390 1540 1270 1619 2728 2817 3163 2044 2346
391 1554 1282 1617 2761 2807 3168 2007 2298
392 1557 1324 1611 2740 2809 3160 2000 2313
393 1554 1358 1636 2717 2828 3175 2080 2391
394 1588 1344 1626 2703 2792 3085 2040 2404
395 1611 1390 1632 2733 2773 2997 2038 2240
396 1623 1433 1651 2741 2794 2972 2053 2241
397 1641 1438 1655 2752 2764 2961 2123 2346
398 1657 1493 1648 2744 2742 2929 2196 2301
399 1671 1526 1662 2752 2751 2921 2189 2212
400 1706 1550 1611 2737 2752 2918 2161 2096
401 1722 1542 1608 2724 2748 2886 2132 2034
402 1726 1604 1710 2732 2761 2873 2288 2133
403 1684 1591 1768 2724 2758 2895 2301 2428
404 1671 1589 1774 2745 2754 2857 2229 2480
405 1715 1567 1753 2732 2747 2850 2287 2144
406 1759 1587 1679 2732 2752 2862 2297 1862
407 1772 1576 1639 2729 2731 2851 2201 1854
408 1718 1584 1630 2741 2730 2843 2114 2188
409 1696 1574 1657 2737 2739 2849 2112 2350
410 1681 1548 1678 2742 2742 2845 2200 2238
411 1698 1511 1683 2740 2751 2833 2267 2006
412 1692 1480 1666 2736 2738 2816 2260 1925
413 1674 1444 1666 2731 2746 2820 2258 1975
414 1638 1413 1664 2736 2744 2822 2251 2062
415 1609 1374 1660 2747 2730 2815 2246 2080
416 1589 1344 1641 2734 2743 2812 2226 2095
417 1575 1314 1637 2731 2747 2814 2193 2110
418 1561 1285 1623 2749 2734 2809 2171 2049
419 1549 1251 1633 2745 2745 2802 2190 1973
420 1531 1237 1631 2750 2740 2802 2238 1991
421 1505 1221 1631 2752 2729 2800 2285 2036
422 1485 1199 1642 2753 2743 2810 2321 2081
423 1468 1197 1646 2755 2728 2796 2321 2078
424 1451 1185 1644 2750 2723 2791 2289 2111
425 1442 1181 1646 2738 2742 2801 2282 2141
426 1421 1187 1632 2745 2727 2795 2272 2150
427 1433 1200 1629 2747 2747 2805 2278 2166
428 1427 1223 1627 2742 2745 2793 2282 2194
429 1430 1245 1629 2754 2730 2775 2276 2260
430 1436 1266 1605 2743 2728 2780 2236 2286
431 1459 1269 1632 2735 2741 2796 2206 2247
432 1481 1304 1677 2737 2729 2780 2230 2260
433 1475 1312 1687 2739 2708 2772 2269 2377
434 1481 1327 1674 2750 2717 2779 2297 2454
435 1509 1339 1653 2749 2722 2769 2312 2407
436 1543 1357 1639 2734 2715 2769 2289 2295
437 1566 1376 1635 2736 2721 2772 2246 2293
438 1569 1393 1649 2732 2731 2774 2226 2349
439 1580 1407 1654 2748 2715 2760 2229 2402
440 1585 1409 1653 2734 2723 2770 2252 2364
441 1601 1419 1652 2749 2720 2770 2283 2301
442 1606 1417 1657 2742 2721 2767 2302 2286
443 1609 1414 1663 2736 2723 2768 2297 2273
444 1622 1403 1661 2741 2722 2760 2276 2264
445 1623 1403 1661 2740 2727 2771 2265 2232
446 1618 1396 1652 2739 2726 2765 2265 2207
447 1619 1385 1655 2742 2717 2760 2285 2213
448 1614 1380 1656 2732 2722 2771 2295 2210
449 1613 1370 1653 2741 2717 2764 2305 2224
450 1613 1359 1645 2732 2714 2757 2305 2212
451 1610 1357 1642 2739 2719 2761 2304 2188
452 1617 1352 1637 2732 2715 2763 2297 2170
453 1607 1350 1624 2738 2727 2771 2287 2151
454 1613 1348 1634 2739 2725 2766 2279 2163
455 1603 1346 1636 2735 2722 2771 2277 2144
456 1600 1333 1644 2750 2723 2770 2282 2116
457 1592 1339 1644 2745 2720 2760 2288 2095
458 1586 1329 1647 2748 2723 2773 2297 2080
459 1576 1332 1655 2749 2729 2765 2301 2105
460 1569 1326 1649 2745 2719 2773 2299 2115
461 1561 1327 1644 2749 2719 2769 2293 2118
462 1561 1321 1629 2744 2729 2769 2282 2120
463 1553 1311 1633 2749 2727 2773 2273 2121
464 1545 1304 1626 2744 2725 2766 2265 2163
465 1532 1296 1637 2742 2727 2778 2276 2199
466 1533 1295 1646 2733 2724 2770 2271 2244
467 1541 1296 1646 2745 2730 2778 2276 2271
468 1531 1301 1646 2743 2716 2769 2278 2263
469 1552 1303 1648 2745 2727 2769 2274 2274
470 1553 1310 1642 2741 2716 2774 2277 2273
471 1552 1316 1644 2739 2727 2761 2262 2287
472 1561 1323 1642 2734 2716 2762 2263 2280
473 1565 1339 1642 2749 2731 2775 2261 2255
474 1581 1340 1649 2743 2720 2759 2265 2253
475 1586 1353 1646 2742 2719 2764 2268 2240
476 1586 1353 1648 2737 2730 2769 2261 2237
477 1591 1360 1652 2747 2721 2755 2264 2208
478 1595 1360 1642 2741 2723 2765 2262 2160
479 1600 1356 1644 2737 2722 2764 2261 2164
480 1587 1355 1640 2737 2721 2762 2245 2155
481 1598 1349 1646 2743 2728 2762 2246 2159
482 1597 1345 1649 2728 2718 2762 2249 2135
483 1594 1342 1654 2743 2720 2756 2260 2119
484 1591 1333 1653 2736 2723 2761 2271 2144
485 1582 1338 1645 2745 2725 2758 2264 2143
486 1580 1339 1642 2734 2719 2753 2261 2152
487 1580 1328 1643 2733 2725 2759 2250 2132
488 1577 1332 1649 2733 2726 2762 2259 2130
489 1577 1327 1640 2735 2719 2757 2249 2146
490 1564 1329 1651 2741 2724 2760 2257 2146
491 1568 1336 1649 2737 2725 2747 2255 2159
492 1562 1335 1655 2736 2722 2749 2261 2154
493 1559 1339 1641 2736 2725 2750 2256 2148
494 1556 1344 1659 2749 2726 2754 2249 2177
495 1550 1335 1655 2738 2729 2749 2246 2188
496 1555 1337 1650 2744 2725 2747 2236 2181
497 1559 1337 1644 2740 2717 2747 2246 2133
498 1556 1336 1653 2744 2726 2744 2247 2133
499 1555 1335 1655 2742 2721 2748 2252 2189
500 1546 1332 1657 2736 2724 2747 2263 2220
501 1550 1334 1652 2735 2729 2742 2268 2228
502 1557 1331 1654 2745 2721 2748 2273 2193
503 1562 1336 1650 2738 2723 2739 2260 2186
504 1553 1329 1645 2738 2722 2742 2265 2214
505 1544 1336 1651 2735 2722 2733 2260 2223
506 1559 1341 1653 2734 2715 2740 2269 2238
507 1561 1336 1646 2744 2723 2738 2258 2219
508 1567 1342 1646 2743 2720 2732 2263 2227
509 1565 1335 1645 2742 2723 2739 2264 2234
510 1568 1338 1651 2741 2725 2735 2269 2233
511 1573 1342 1649 2735 2726 2734 2269 2235
512 1575 1340 1651 2740 2720 2737 2266 2218
513 1569 1341 1653 2741 2718 2731 2267 2219
514 1576 1334 1651 2741 2719 2725 2270 2224
515 1580 1338 1642 2733 2718 2730 2272 2217
516 1581 1343 1650 2738 2722 2723 2269 2222
517 1579 1333 1645 2739 2721 2726 2263 2201
518 1578 1336 1652 2742 2720 2728 2265 2204
519 1569 1337 1651 2741 2714 2726 2269 2199
520 1568 1340 1644 2741 2717 2720 2276 2197
521 1570 1336 1645 2740 2712 2725 2270 2207
522 1573 1336 1648 2735 2722 2720 2270 2185
523 1565 1333 1644 2739 2714 2728 2268 2193
524 1570 1330 1642 2739 2718 2721 2272 2190
525 1567 1328 1644 2740 2712 2717 2271 2188
526 1572 1325 1642 2741 2706 2712 2269 2200
527 1565 1331 1649 2734 2712 2715 2275 2186
528 1560 1329 1650 2735 2707 2711 2274 2196
529 1566 1331 1647 2733 2704 2712 2270 2192
530 1558 1329 1646 2737 2695 2705 2270 2204
531 1556 1332 1648 2735 2696 2707 2274 2221
532 1557 1327 1648 2739 2691 2705 2273 2211
533 1554 1334 1642 2738 2694 2700 2273 2228
534 1548 1330 1643 2739 2689 2694 2268 2226
535 1547 1332 1638 2728 2685 2694 2262 2244
536 1551 1333 1637 2736 2692 2691 2263 2252
537 1555 1334 1644 2731 2680 2689 2262 2244
538 1556 1331 1644 2730 2682 2683 2259 2247
539 1563 1335 1637 2739 2680 2674 2254 2234
540 1571 1338 1634 2726 2670 2661 2273 2231
541 1570 1349 1630 2726 2657 2666 2291 2227
542 1571 1353 1641 2723 2644 2652 2299 2202
543 1566 1362 1638 2721 2650 2647 2292 2201
544 1572 1367 1647 2720 2632 2647 2279 2188
545 1574 1367 1657 2723 2624 2657 2283 2192
546 1563 1365 1646 2726 2626 2646 2279 2208
547 1574 1362 1644 2739 2619 2649 2275 2205
548 1564 1352 1630 2725 2614 2621 2266 2214
549 1580 1353 1628 2710 2624 2612 2262 2186
550 1577 1359 1633 2713 2611 2600 2272 2177
551 1577 1365 1638 2727 2618 2602 2291 2181
552 1576 1356 1635 2718 2597 2603 2285 2210
553 1583 1345 1652 2711 2608 2598 2265 2240
554 1580 1331 1651 2714 2611 2589 2263 2224
555 1585 1320 1655 2708 2597 2580 2279 2232
556 1577 1314 1646 2706 2570 2578 2306 2245
557 1573 1321 1628 2704 2572 2551 2307 2214
558 1581 1329 1633 2701 2555 2547 2305 2199
559 1580 1347 1629 2709 2552 2559 2293 2191
560 1573 1354 1630 2711 2565 2555 2275 2176
561 1580 1351 1641 2725 2559 2544 2281 2126
562 1572 1355 1641 2703 2555 2534 2281 2103
563 1569 1344 1663 2702 2528 2536 2289 2119
564 1558 1351 1668 2713 2551 2523 2302 2157
565 1554 1360 1662 2721 2566 2525 2309 2232
566 1553 1353 1642 2703 2533 2513 2278 2191
567 1568 1347 1626 2709 2521 2509 2267 2077
568 1577 1350 1623 2698 2523 2526 2273 2073
569 1570 1354 1625 2708 2525 2504 2286 2167
570 1554 1345 1645 2702 2553 2512 2312 2245
571 1560 1345 1645 2715 2537 2508 2299 2197
572 1564 1336 1654 2697 2527 2502 2295 2173
573 1561 1336 1657 2715 2540 2521 2284 2211
574 1562 1327 1652 2714 2497 2508 2281 2204
575 1564 1332 1650 2702 2479 2486 2287 2210
576 1563 1329 1638 2695 2507 2482 2279 2225
577 1553 1329 1637 2700 2525 2487 2277 2252
578 1563 1326 1631 2707 2504 2502 2269 2250
579 1565 1324 1631 2702 2528 2493 2270 2237
580 1573 1318 1622 2684 2501 2504 2262 2240
581 1562 1315 1636 2697 2512 2500 2264 2231
582 1569 1316 1638 2709 2537 2488 2268 2228
583 1570 1306 1642 2688 2517 2484 2273 2212
584 1570 1313 1642 2692 2528 2480 2274 2191
585 1567 1308 1634 2689 2534 2515 2270 2205
586 1560 1315 1639 2686 2511 2490 2286 2166
587 1563 1318 1647 2715 2512 2498 2291 2162
588 1565 1323 1649 2705 2495 2498 2298 2165
589 1564 1327 1655 2724 2530 2484 2279 2166
590 1555 1326 1657 2699 2532 2520 2269 2172
591 1550 1330 1652 2702 2527 2507 2257 2144
592 1545 1336 1641 2691 2545 2501 2262 2159
593 1547 1336 1628 2695 2525 2512 2268 2181
594 1545 1335 1632 2689 2534 2516 2266 2207
595 1546 1332 1626 2697 2523 2505 2253 2239
596 1551 1324 1631 2700 2520 2492 2237 2248
597 1558 1318 1627 2693 2533 2499 2223 2261
598 1566 1302 1636 2704 2543 2519 2220 2252
599 1569 1299 1637 2700 2511 2505 2226 2272
600 1567 1296 1640 2704 2518 2491 2264 2308
601 1564 1312 1638 2716 2505 2480 2278 2297
602 1567 1318 1629 2683 2528 2480 2260 2265
603 1583 1335 1624 2680 2511 2498 2229 2162
604 1590 1343 1637 2707 2540 2501 2229 2106
605 1570 1344 1656 2709 2519 2500 2251 2129
606 1566 1345 1664 2694 2531 2488 2280 2168
607 1557 1340 1657 2682 2532 2527 2297 2210
608 1556 1332 1644 2701 2535 2523 2280 2186
609 1550 1330 1629 2702 2526 2515 2248 2172
610 1552 1328 1614 2708 2534 2520 2227 2189
611 1540 1333 1616 2703 2538 2515 2231 2203
612 1542 1333 1616 2694 2553 2520 2240 2233
613 1553 1325 1620 2709 2538 2514 2249 2238
614 1548 1330 1629 2717 2545 2537 2258 2262
615 1546 1326 1640 2709 2527 2524 2258 2276
616 1566 1328 1647 2709 2542 2491 2262 2267
617 1563 1329 1645 2691 2574 2522 2254 2277
618 1570 1337 1645 2685 2571 2545 2259 2271
619 1567 1336 1629 2687 2552 2532 2258 2272
620 1571 1335 1637 2707 2567 2522 2263 2262
621 1574 1342 1642 2702 2539 2539 2258 2254
622 1576 1352 1634 2709 2573 2525 2254 2260
623 1571 1354 1631 2692 2550 2525 2259 2239
624 1568 1363 1636 2713 2536 2534 2265 2228
625 1578 1367 1627 2691 2557 2543 2280 2216
626 1581 1372 1626 2693 2518 2515 2272 2186
627 1585 1368 1633 2710 2513 2502 2264 2191
628 1588 1361 1638 2691 2537 2509 2245 2172
629 1582 1355 1640 2702 2514 2474 2243 2199
630 1582 1335 1643 2696 2512 2483 2240 2202
631 1577 1329 1639 2690 2537 2502 2254 2198
632 1583 1325 1636 2706 2518 2489 2258 2216
633 1579 1318 1633 2707 2522 2502 2249 2199
634 1584 1320 1634 2721 2537 2522 2233 2188
635 1576 1312 1633 2699 2558 2534 2214 2178
636 1564 1320 1637 2692 2559 2542 2241 2168
637 1573 1324 1636 2718 2564 2536 2276 2170
638 1571 1340 1633 2712 2546 2540 2301 2139
639 1586 1352 1645 2707 2549 2528 2320 2081
640 1588 1364 1658 2691 2559 2537 2336 2055
641 1586 1375 1669 2700 2534 2530 2332 2107
642 1574 1361 1663 2707 2545 2538 2302 2166
643 1564 1358 1654 2705 2548 2546 2256 2168
644 1531 1331 1637 2703 2558 2549 2184 2197
645 1521 1320 1617 2713 2563 2551 2157 2308
646 1508 1309 1611 2710 2567 2554 2188 2379
647 1515 1301 1591 2705 2582 2556 2242 2374
648 1534 1313 1584 2716 2573 2561 2244 2334
649 1552 1316 1593 2722 2573 2567 2235 2263
650 1573 1309 1622 2708 2588 2580 2242 2170
651 1561 1312 1661 2708 2584 2582 2243 2187
652 1554 1306 1681 2713 2574 2576 2278 2283
653 1539 1304 1684 2712 2601 2575 2297 2336
654 1552 1298 1659 2720 2597 2574 2293 2318
655 1574 1294 1629 2711 2593 2588 2249 2241
656 1576 1300 1616 2722 2579 2593 2208 2203
657 1582 1310 1596 2719 2581 2591 2193 2179
658 1580 1325 1603 2721 2590 2568 2221 2167
659 1584 1336 1614 2709 2594 2584 2267 2182
660 1578 1345 1634 2726 2605 2590 2291 2170
661 1585 1349 1651 2710 2599 2589 2297 2169
662 1580 1353 1655 2716 2599 2588 2277 2163
663 1576 1352 1646 2719 2618 2590 2269 2157
664 1580 1348 1644 2702 2603 2600 2257 2158
665 1575 1345 1632 2712 2579 2586 2259 2135
666 1574 1348 1631 2706 2607 2582 2250 2142
667 1572 1353 1627 2719 2597 2611 2238 2164
668 1560 1356 1622 2717 2599 2589 2235 2188
669 1565 1355 1631 2725 2591 2590 2238 2226
670 1546 1359 1640 2717 2610 2608 2241 2214
671 1546 1354 1637 2704 2609 2599 2238 2221
672 1557 1354 1642 2717 2607 2600 2232 2197
673 1558 1352 1636 2699 2595 2608 2234 2186
674 1562 1348 1645 2712 2596 2600 2240 2205
675 1558 1341 1640 2719 2613 2602 2260 2202
676 1551 1349 1639 2720 2601 2594 2263 2220
677 1540 1344 1639 2723 2601 2597 2267 2225
678 1547 1343 1640 2713 2621 2598 2265 2212
679 1537 1340 1635 2712 2599 2601 2261 2199
680 1540 1336 1640 2716 2588 2591 2255 2194
681 1528 1331 1635 2714 2612 2610 2247 2222
682 1525 1328 1644 2711 2617 2607 2249 2247
683 1516 1319 1637 2714 2620 2597 2246 2269
684 1513 1319 1633 2723 2618 2611 2240 2284
685 1528 1313 1628 2710 2618 2627 2231 2288
686 1525 1308 1624 2726 2629 2620 2237 2310
687 1533 1306 1629 2725 2624 2631 2241 2319
688 1541 1303 1623 2719 2632 2637 2246 2336
689 1537 1293 1626 2731 2643 2630 2242 2344
690 1555 1303 1638 2730 2645 2641 2237 2324
691 1567 1300 1633 2723 2652 2645 2242 2331
692 1576 1309 1633 2732 2638 2648 2243 2313
693 1578 1309 1639 2726 2644 2653 2251 2305
694 1582 1320 1634 2724 2642 2657 2246 2293
695 1591 1321 1630 2730 2661 2657 2246 2260
696 1588 1327 1634 2731 2651 2627 2220 2217
697 1601 1335 1634 2731 2649 2668 2239 2217
698 1592 1340 1623 2731 2655 2665 2246 2209
699 1598 1347 1626 2729 2662 2669 2239 2197
700 1595 1352 1633 2723 2669 2667 2247 2170
701 1594 1348 1624 2721 2658 2670 2237 2162
702 1591 1348 1624 2734 2663 2673 2243 2149
703 1584 1351 1622 2729 2660 2670 2235 2158
704 1578 1348 1625 2720 2659 2676 2236 2157
705 1578 1341 1630 2738 2666 2668 2242 2151
706 1576 1343 1638 2730 2669 2682 2239 2164
707 1572 1338 1639 2734 2670 2685 2244 2168
708 1561 1339 1639 2729 2665 2677 2235 2189
709 1569 1331 1640 2732 2668 2671 2239 2191
710 1563 1334 1644 2734 2667 2685 2237 2191
711 1559 1338 1640 2733 2668 2682 2242 2205
712 1553 1334 1635 2727 2658 2674 2237 2208
713 1552 1333 1640 2731 2663 2678 2236 2230
714 1538 1338 1634 2726 2655 2673 2233 2223
715 1538 1339 1633 2728 2659 2674 2238 2222
716 1545 1335 1630 2732 2658 2674 2241 2222
717 1539 1334 1636 2719 2659 2671 2239 2240
718 1544 1335 1639 2728 2663 2672 2239 2258
719 1546 1332 1640 2736 2671 2673 2239 2251
720 1553 1323 1634 2719 2653 2671 2239 2244
721 1561 1327 1632 2728 2662 2665 2238 2250
722 1561 1327 1634 2728 2662 2680 2234 2237
723 1566 1331 1629 2728 2661 2662 2241 2257
724 1568 1324 1637 2728 2654 2671 2244 2240
725 1565 1334 1630 2729 2652 2661 2249 2232
726 1574 1328 1638 2732 2656 2666 2242 2231
727 1571 1330 1633 2726 2660 2665 2243 2219
728 1569 1334 1637 2732 2654 2663 2243 2230
729 1569 1338 1635 2723 2649 2666 2245 2208
730 1567 1336 1636 2729 2657 2664 2248 2208
731 1573 1341 1635 2727 2658 2664 2245 2205
732 1570 1340 1631 2728 2650 2667 2242 2201
733 1572 1340 1628 2727 2653 2663 2244 2215
734 1565 1344 1632 2723 2649 2667 2246 2195
735 1564 1341 1633 2723 2655 2661 2244 2201
736 1564 1341 1633 2727 2645 2651 2240 2204
737 1553 1342 1632 2724 2652 2657 2239 2208
738 1556 1333 1633 2723 2651 2661 2237 2225
739 1555 1341 1636 2726 2650 2644 2241 2216
740 1563 1336 1634 2719 2652 2654 2237 2224
741 1556 1333 1636 2729 2646 2652 2243 2230
742 1548 1331 1630 2719 2649 2651 2238 2228
743 1553 1328 1632 2722 2648 2645 2245 2252
744 1559 1329 1634 2730 2638 2644 2232 2229
745 1552 1324 1630 2727 2637 2643 2237 2236
746 1550 1330 1626 2727 2642 2648 2237 2239
747 1554 1328 1633 2721 2634 2639 2240 2242
748 1558 1321 1626 2724 2639 2636 2243 2251
749 1559 1326 1635 2717 2640 2644 2233 2235
750 1561 1327 1631 2730 2640 2636 2237 2238
751 1573 1323 1637 2719 2617 2634 2236 2235
752 1558 1325 1627 2730 2627 2626 2246 2234
753 1561 1330 1631 2728 2627 2622 2241 2242
754 1565 1332 1629 2725 2630 2621 2241 2221
755 1567 1332 1630 2720 2620 2627 2238 2220
756 1575 1332 1632 2719 2621 2614 2241 2211
757 1570 1337 1630 2711 2608 2607 2241 2211
758 1576 1335 1635 2717 2602 2612 2239 2218
759 1577 1338 1634 2715 2595 2610 2241 2196
760 1572 1335 1634 2722 2608 2601 2237 2203
761 1570 1333 1632 2720 2606 2594 2236 2195
762 1571 1340 1633 2705 2587 2588 2237 2206
763 1574 1330 1636 2719 2568 2572 2232 2210
764 1570 1337 1629 2707 2585 2571 2237 2200
765 1568 1334 1633 2697 2570 2557 2233 2210
766 1551 1343 1635 2712 2557 2541 2240 2210
767 1555 1338 1624 2712 2532 2513 2230 2223
768 1554 1329 1629 2702 2540 2534 2238 2234
769 1565 1332 1630 2725 2561 2558 2250 2210
770 1568 1336 1640 2727 2617 2618 2272 2201
771 1562 1352 1646 2733 2643 2650 2259 2201
772 1557 1350 1635 2737 2653 2643 2226 2194
773 1545 1355 1636 2733 2660 2670 2207 2186
774 1542 1353 1642 2734 2681 2685 2209 2192
775 1533 1346 1642 2738 2693 2700 2244 2244
776 1527 1338 1636 2735 2693 2714 2240 2277
777 1530 1330 1627 2739 2708 2710 2223 2297
778 1543 1312 1620 2745 2702 2716 2203 2282
779 1550 1314 1616 2744 2713 2722 2201 2284
780 1556 1300 1613 2742 2714 2729 2209 2314
781 1569 1302 1623 2739 2710 2726 2213 2301
782 1582 1304 1633 2733 2713 2722 2239 2300
783 1588 1311 1636 2739 2717 2722 2250 2275
784 1597 1319 1643 2743 2716 2729 2268 2250
785 1595 1328 1643 2743 2722 2727 2260 2239
786 1596 1340 1640 2736 2716 2730 2258 2204
787 1597 1347 1633 2742 2721 2732 2253 2182
788 1602 1351 1630 2743 2717 2735 2258 2163
789 1598 1354 1628 2745 2715 2733 2252 2145
790 1583 1360 1630 2738 2722 2734 2245 2153
791 1578 1359 1632 2744 2722 2736 2240 2144
792 1576 1360 1633 2740 2720 2728 2230 2156
793 1571 1353 1632 2744 2716 2729 2234 2152
794 1569 1349 1627 2741 2722 2733 2229 2155
795 1549 1347 1628 2739 2718 2733 2234 2179
796 1551 1334 1624 2741 2723 2737 2235 2193
797 1547 1335 1636 2741 2719 2735 2233 2228
798 1547 1327 1632 2743 2718 2734 2237 2234
799 1550 1330 1633 2745 2718 2732 2230 2237
800 1550 1327 1633 2742 2724 2737 2235 2254
801 1551 1320 1632 2745 2719 2735 2228 2256
802 1547 1324 1630 2746 2722 2740 2232 2277
803 1550 1325 1630 2748 2725 2730 2225 2258
804 1554 1324 1632 2739 2719 2733 2230 2252
805 1554 1321 1635 2741 2722 2736 2228 2244
806 1562 1328 1634 2749 2726 2739 2237 2234
807 1562 1328 1634 2744 2723 2729 2240 2236
808 1568 1329 1633 2744 2725 2730 2237 2212
809 1567 1330 1637 2737 2721 2741 2243 2206
810 1568 1332 1631 2744 2721 2734 2240 2203
811 1567 1332 1635 2744 2717 2733 2246 2201
812 1571 1329 1632 2742 2727 2734 2243 2211
813 1571 1330 1620 2747 2723 2732 2241 2196
814 1564 1335 1636 2741 2726 2736 2237 2197
815 1565 1337 1625 2741 2729 2733 2241 2204
816 1562 1336 1622 2742 2725 2739 2247 2211
817 1566 1340 1636 2736 2728 2729 2237 2227
818 1569 1336 1637 2739 2719 2734 2240 2217
819 1568 1335 1626 2741 2718 2731 2235 2222
820 1567 1340 1629 2745 2722 2732 2238 2224
821 1563 1341 1634 2734 2717 2731 2236 2225
822 1562 1343 1629 2744 2720 2732 2232 2239
823 1563 1342 1631 2742 2721 2728 2232 2221
824 1565 1345 1633 2738 2717 2731 2232 2226
825 1565 1340 1638 2740 2718 2740 2239 2224
826 1565 1343 1633 2740 2723 2733 2233 2224
827 1559 1341 1638 2731 2711 2715 2210 2229
828 1571 1341 1632 2744 2727 2730 2234 2212
829 1571 1336 1634 2741 2726 2732 2239 2219
830 1567 1336 1626 2742 2722 2729 2239 2211
831 1569 1337 1630 2745 2723 2732 2234 2218
832 1568 1335 1634 2745 2726 2738 2239 2227
833 1568 1327 1630 2746 2716 2729 2236 2206
834 1567 1331 1635 2744 2718 2731 2245 2217
835 1556 1332 1632 2741 2726 2729 2234 2210
836 1563 1333 1636 2747 2725 2739 2239 2217
837 1559 1334 1632 2741 2724 2728 2241 2224
838 1555 1334 1631 2743 2718 2733 2237 2207
839 1562 1330 1627 2740 2720 2729 2243 2215
840 1561 1336 1635 2744 2728 2732 2232 2209
841 1554 1334 1630 2742 2730 2733 2239 2223
842 1560 1333 1632 2745 2725 2739 2238 2228
843 1557 1334 1631 2742 2723 2732 2242 2211
844 1565 1339 1633 2740 2723 2738 2240 2224
845 1566 1337 1634 2739 2728 2736 2234 2217
846 1563 1332 1632 2743 2723 2736 2237 2229
847 1560 1336 1626 2737 2724 2730 2235 2226
848 1561 1342 1634 2740 2722 2734 2243 2216
849 1563 1336 1634 2742 2722 2736 2236 2224
850 1562 1337 1633 2749 2724 2733 2237 2217
851 1567 1341 1634 2747 2724 2737 2235 2224
852 1566 1339 1634 2746 2724 2732 2238 2226
853 1564 1341 1637 2749 2721 2733 2240 2215
854 1568 1338 1637 2746 2722 2732 2233 2220
855 1566 1340 1637 2750 2719 2735 2239 2214
856 1563 1337 1630 2743 2719 2735 2236 2224
857 1572 1338 1632 2736 2724 2731 2244 2217
858 1572 1331 1637 2739 2727 2738 2235 2208
859 1563 1340 1636 2738 2727 2737 2238 2220
860 1569 1337 1629 2743 2723 2734 2236 2213
861 1572 1333 1633 2738 2720 2736 2240 2226
862 1565 1330 1636 2743 2718 2736 2240 2217
863 1568 1336 1633 2742 2722 2732 2234 2213
864 1562 1336 1623 2745 2725 2738 2239 2224
865 1563 1334 1634 2740 2721 2731 2236 2212
866 1562 1327 1636 2744 2729 2739 2244 2229
867 1566 1329 1637 2744 2722 2736 2234 2217
868 1559 1334 1629 2747 2721 2738 2239 2216
869 1560 1338 1634 2737 2719 2733 2235 2220
870 1560 1332 1636 2742 2719 2734 2241 2216
871 1561 1331 1635 2744 2721 2740 2242 2232
872 1557 1334 1626 2745 2720 2725 2235 2218
873 1563 1336 1629 2742 2714 2729 2240 2218
874 1563 1333 1632 2738 2725 2737 2233 2222
875 1564 1330 1634 2744 2715 2731 2242 2221
876 1558 1336 1637 2738 2722 2739 2238 2234
877 1565 1338 1636 2739 2728 2735 2237 2219
878 1560 1337 1634 2736 2719 2737 2239 2218
879 1563 1327 1637 2744 2722 2728 2239 2220
880 1562 1337 1635 2744 2719 2741 2245 2217
881 1567 1335 1633 2742 2723 2731 2235 2227
882 1563 1337 1637 2747 2717 2737 2237 2215
883 1563 1338 1634 2746 2728 2727 2239 2215
884 1568 1339 1629 2742 2718 2730 2243 2218
885 1563 1335 1631 2741 2725 2732 2239 2216
886 1566 1335 1629 2744 2727 2730 2236 2229
887 1567 1335 1632 2739 2726 2731 2237 2214
888 1559 1335 1638 2741 2726 2738 2237 2212
889 1569 1338 1634 2746 2720 2735 2242 2219
890 1557 1340 1636 2737 2715 2733 2236 2217
891 1566 1336 1633 2744 2718 2741 2238 2231
892 1561 1335 1634 2736 2722 2733 2236 2212
893 1565 1333 1637 2738 2719 2736 2242 2217
894 1567 1337 1628 2736 2721 2735 2240 2219
895 1561 1330 1633 2748 2726 2731 2236 2219
896 1558 1338 1636 2745 2725 2734 2239 2231
897 1568 1335 1633 2738 2722 2740 2235 2213
898 1564 1335 1632 2737 2717 2724 2244 2221
899 1559 1331 1630 2737 2722 2732 2235 2216
900 1571 1334 1634 2747 2722 2733 2240 2221
901 1571 1338 1632 2738 2720 2731 2238 2232
902 1564 1331 1634 2736 2724 2736 2240 2213
903 1560 1334 1632 2745 2721 2739 2241 2220
904 1565 1328 1630 2743 2720 2737 2235 2220
905 1558 1331 1628 2745 2726 2735 2237 2229
906 1571 1331 1632 2743 2718 2734 2232 2230
907 1562 1335 1625 2740 2727 2730 2246 2208
908 1564 1334 1634 2737 2728 2742 2242 2221
909 1558 1336 1627 2743 2725 2730 2241 2224
910 1561 1340 1634 2747 2723 2738 2235 2223
911 1566 1341 1633 2751 2724 2740 2239 2229
912 1569 1341 1629 2741 2723 2737 2247 2214
913 1571 1339 1634 2745 2724 2729 2239 2220
914 1570 1340 1630 2743 2727 2732 2237 2208
915 1569 1332 1629 2736 2726 2730 2231 2215
916 1564 1333 1629 2740 2720 2730 2233 2219
917 1564 1336 1633 2745 2730 2732 2233 2209
918 1568 1337 1629 2745 2729 2733 2237 2221
919 1563 1338 1636 2738 2718 2738 2241 2218
920 1563 1333 1630 2748 2732 2738 2245 2227
921 1559 1338 1634 2747 2725 2734 2244 2226
922 1565 1338 1633 2741 2717 2733 2237 2207
923 1565 1327 1631 2735 2728 2734 2238 2220
924 1561 1334 1634 2737 2718 2729 2237 2216
925 1574 1333 1628 2748 2723 2730 2241 2227
926 1570 1335 1622 2747 2727 2736 2237 2227
927 1567 1337 1634 2744 2714 2733 2235 2209
928 1565 1338 1635 2735 2725 2740 2239 2220
929 1567 1339 1636 2745 2724 2737 2240 2213
930 1565 1338 1633 2740 2722 2738 2240 2222
931 1565 1339 1631 2744 2724 2733 2237 2221
932 1561 1332 1633 2740 2710 2742 2239 2212
933 1575 1340 1635 2743 2722 2731 2239 2221
934 1568 1334 1629 2745 2726 2739 2242 2213
935 1565 1338 1628 2742 2725 2736 2241 2229
936 1567 1338 1631 2747 2724 2743 2237 2221
937 1563 1327 1628 2744 2722 2735 2240 2215
938 1568 1333 1634 2738 2721 2741 2235 2221
939 1566 1339 1629 2736 2722 2738 2243 2215
940 1561 1339 1629 2745 2723 2733 2234 2227
941 1564 1335 1635 2747 2719 2737 2241 2222
942 1559 1335 1633 2740 2721 2735 2235 2210
943 1557 1339 1635 2737 2721 2732 2244 2224
944 1567 1337 1635 2739 2723 2733 2237 2211
945 1567 1337 1632 2746 2726 2735 2236 2229
946 1565 1336 1632 2734 2727 2733 2241 2219
947 1566 1338 1631 2739 2721 2737 2237 2213
948 1563 1337 1633 2740 2721 2730 2244 2223
949 1564 1336 1632 2744 2725 2737 2234 2214
950 1568 1337 1633 2748 2724 2735 2239 2233
951 1562 1339 1635 2740 2720 2735 2237 2217
952 1565 1334 1627 2740 2722 2738 2243 2217
953 1568 1337 1631 2746 2725 2735 2238 2219
954 1561 1337 1633 2743 2727 2730 2237 2218
955 1564 1333 1629 2746 2725 2732 2240 2232
956 1560 1334 1630 2735 2724 2732 2237 2217
957 1561 1333 1634 2744 2722 2736 2244 2216
958 1561 1334 1632 2748 2718 2734 2235 2220
959 1563 1337 1631 2735 2722 2732 2241 2219
960 1563 1334 1629 2744 2719 2734 2238 2228
961 1565 1327 1632 2741 2718 2727 2240 2214
962 1563 1333 1632 2737 2723 2733 2242 2217
963 1563 1334 1635 2739 2725 2736 2239 2218
964 1565 1335 1632 2746 2722 2733 2242 2216
965 1562 1335 1629 2750 2722 2741 2238 2229
966 1561 1335 1634 2744 2718 2738 2245 2213
967 1561 1337 1621 2746 2717 2741 2236 2214
968 1559 1337 1635 2741 2723 2737 2240 2215
969 1564 1337 1634 2745 2724 2739 2236 2213
970 1564 1337 1630 2741 2722 2733 2240 2230
971 1562 1337 1628 2735 2719 2741 2245 2213
972 1567 1338 1631 2744 2722 2733 2234 2216
973 1567 1333 1633 2738 2724 2737 2240 2219
974 1560 1339 1626 2741 2725 2737 2234 2220
975 1558 1331 1632 2738 2720 2738 2244 2232
976 1561 1332 1630 2742 2720 2729 2241 2214
977 1555 1332 1626 2743 2720 2732 2237 2219
978 1554 1335 1628 2743 2722 2731 2239 2219
979 1565 1334 1631 2741 2719 2733 2236 2218
980 1563 1339 1632 2739 2726 2738 2244 2231
981 1566 1335 1630 2742 2722 2742 2234 2208
982 1552 1339 1634 2741 2726 2732 2238 2219
983 1569 1337 1634 2744 2719 2736 2238 2212
984 1569 1336 1634 2740 2723 2734 2244 2222
985 1563 1336 1634 2737 2723 2731 2238 2227
986 1567 1333 1633 2739 2730 2739 2237 2211
987 1565 1336 1633 2742 2722 2741 2241 2221
988 1561 1337 1630 2739 2725 2735 2237 2213
989 1565 1335 1635 2749 2722 2734 2246 2223
990 1561 1336 1631 2740 2724 2740 2239 2225
991 1559 1332 1633 2741 2729 2733 2239 2212
992 1562 1335 1630 2742 2720 2739 2234 2217
993 1561 1333 1626 2741 2726 2736 2241 2216
994 1566 1334 1630 2733 2725 2729 2242 2224
995 1559 1332 1632 2743 2720 2732 2237 2226
996 1559 1336 1631 2749 2726 2737 2241 2212
997 1564 1334 1635 2740 2728 2729 2237 2220
998 1565 1334 1631 2747 2721 2734 2245 2216
999 1564 1336 1632 2743 2723 2735 2239 2228
1000 1576 1336 1633 2734 2725 2733 2235 2224
1001 1572 1333 1626 2744 2720 2738 2239 2212
1002 1572 1337 1625 2734 2716 2732 2238 2221
1003 1573 1330 1631 2736 2719 2740 2242 2216
1004 1568 1336 1631 2736 2724 2732 2233 2224
1005 1564 1333 1632 2734 2722 2737 2239 2224
1006 1561 1339 1627 2743 2720 2738 2233 2210
1007 1564 1337 1634 2738 2723 2738 2244 2221
1008 1558 1337 1633 2744 2726 2736 2240 2213
1009 1562 1338 1630 2738 2725 2737 2236 2227
1010 1557 1336 1635 2743 2720 2731 2240 2223
1011 1569 1329 1635 2734 2718 2734 2239 2213
1012 1565 1336 1633 2739 2725 2730 2242 2215
1013 1565 1327 1635 2736 2721 2737 2236 2214
1014 1570 1326 1634 2741 2721 2734 2239 2229
1015 1563 1335 1630 2743 2719 2739 2237 2219
1016 1566 1333 1632 2741 2721 2732 2244 2215
1017 1567 1337 1635 2742 2727 2735 2236 2219
1018 1564 1337 1632 2744 2719 2733 2238 2216
1019 1570 1337 1636 2735 2721 2738 2224 2200
1020 1559 1330 1636 2711 2692 2725 2214 2204
1021 1566 1339 1638 2732 2721 2732 2210 2189
1022 1566 1341 1630 2732 2704 2704 2210 2195
1023 1564 1338 1638 2736 2715 2717 2206 2187
