0 1558 1340 1617 2746 2723 2737 2239 2214
1 1548 1341 1618 2744 2721 2736 2233 2222
2 1556 1342 1615 2742 2732 2736 2231 2212
3 1551 1338 1617 2738 2726 2731 2231 2230
4 1555 1334 1611 2740 2725 2732 2236 2214
5 1554 1340 1610 2747 2716 2737 2236 2216
6 1562 1338 1620 2746 2720 2733 2234 2219
7 1555 1332 1610 2737 2725 2738 2234 2215
8 1559 1342 1614 2743 2719 2735 2233 2230
9 1559 1337 1618 2741 2718 2739 2236 2216
10 1559 1335 1619 2743 2729 2734 2232 2217
11 1554 1339 1614 2749 2728 2733 2232 2219
12 1554 1339 1609 2744 2725 2738 2233 2218
13 1553 1337 1611 2738 2728 2728 2232 2228
14 1551 1340 1618 2736 2721 2736 2239 2214
15 1548 1343 1616 2746 2720 2731 2230 2215
16 1556 1334 1615 2743 2719 2735 2234 2218
17 1548 1333 1606 2743 2719 2730 2204 2190
18 1556 1343 1617 2738 2723 2727 2238 2232
19 1557 1338 1619 2745 2722 2731 2236 2216
20 1552 1339 1612 2738 2724 2733 2230 2216
21 1556 1344 1618 2738 2720 2739 2235 2218
22 1554 1339 1610 2744 2724 2735 2235 2215
23 1549 1341 1612 2743 2720 2726 2237 2231
24 1551 1342 1620 2736 2727 2738 2232 2218
25 1550 1333 1613 2742 2725 2730 2233 2216
26 1549 1337 1617 2742 2722 2726 2234 2218
27 1551 1340 1614 2746 2720 2735 2234 2217
28 1551 1338 1617 2738 2716 2730 2235 2231
29 1551 1342 1619 2743 2729 2735 2232 2213
30 1547 1342 1615 2743 2723 2736 2233 2218
31 1546 1339 1614 2738 2717 2732 2234 2216
32 1553 1333 1613 2747 2720 2742 2236 2219
33 1551 1338 1618 2742 2726 2730 2234 2231
34 1553 1336 1617 2745 2723 2729 2232 2213
35 1553 1337 1617 2737 2719 2740 2233 2220
36 1553 1335 1617 2734 2730 2732 2234 2213
37 1556 1344 1619 2743 2726 2741 2238 2220
38 1560 1337 1614 2745 2718 2733 2231 2230
39 1556 1340 1616 2742 2719 2728 2234 2212
40 1559 1337 1613 2743 2719 2731 2236 2220
41 1558 1339 1615 2742 2716 2736 2235 2214
42 1557 1338 1618 2741 2716 2733 2233 2222
43 1546 1339 1616 2741 2726 2736 2232 2228
44 1559 1336 1614 2739 2722 2737 2232 2213
45 1554 1342 1614 2741 2719 2730 2232 2217
46 1554 1339 1608 2737 2728 2736 2239 2216
47 1553 1337 1620 2742 2717 2741 2228 2220
48 1556 1341 1617 2749 2730 2740 2235 2229
49 1556 1341 1615 2745 2724 2733 2234 2212
50 1551 1334 1613 2749 2717 2735 2235 2218
51 1544 1338 1618 2745 2721 2736 2234 2214
52 1552 1340 1618 2746 2726 2738 2232 2213
53 1553 1339 1615 2744 2724 2735 2234 2227
54 1551 1340 1618 2744 2725 2733 2234 2208
55 1554 1339 1605 2738 2724 2733 2238 2219
56 1562 1340 1616 2745 2721 2735 2233 2216
57 1555 1340 1619 2741 2724 2731 2233 2224
58 1553 1339 1614 2742 2719 2731 2234 2227
59 1554 1340 1618 2745 2719 2731 2235 2210
60 1555 1343 1616 2751 2724 2738 2237 2221
61 1553 1340 1615 2747 2722 2734 2229 2212
62 1549 1339 1614 2739 2722 2734 2236 2226
63 1560 1341 1619 2747 2723 2730 2231 2224
64 1556 1338 1612 2738 2726 2735 2238 2213
65 1563 1331 1621 2747 2726 2736 2232 2219
66 1553 1343 1618 2747 2724 2732 2236 2214
67 1556 1340 1614 2748 2721 2737 2231 2224
68 1559 1339 1617 2740 2717 2731 2237 2223
69 1555 1331 1614 2740 2726 2732 2236 2209
70 1552 1343 1607 2739 2716 2732 2232 2220
71 1558 1340 1619 2740 2718 2736 2232 2210
72 1558 1340 1615 2742 2727 2737 2232 2229
73 1554 1335 1613 2740 2720 2732 2236 2218
74 1557 1342 1618 2737 2723 2733 2234 2214
75 1559 1330 1617 2748 2726 2726 2233 2218
76 1553 1333 1617 2739 2732 2735 2232 2214
77 1558 1339 1616 2737 2726 2740 2234 2229
78 1552 1338 1617 2743 2726 2734 2236 2217
79 1560 1338 1616 2740 2722 2739 2231 2214
80 1562 1339 1614 2736 2719 2729 2231 2218
81 1553 1339 1618 2736 2725 2731 2233 2215
82 1552 1342 1605 2735 2727 2732 2239 2229
83 1552 1341 1616 2750 2722 2733 2235 2218
84 1553 1339 1612 2741 2720 2733 2233 2216
85 1549 1338 1618 2745 2726 2736 2231 2221
86 1554 1342 1615 2748 2718 2736 2233 2215
87 1554 1343 1618 2739 2720 2726 2239 2230
88 1559 1338 1616 2745 2725 2740 2231 2218
89 1555 1337 1612 2745 2721 2736 2233 2213
90 1552 1333 1613 2743 2719 2737 2233 2221
91 1557 1339 1613 2741 2728 2739 2234 2213
92 1556 1339 1611 2733 2718 2737 2237 2230
93 1559 1340 1617 2737 2723 2729 2228 2214
94 1557 1334 1605 2742 2726 2731 2236 2216
95 1555 1338 1617 2743 2716 2737 2231 2218
96 1562 1338 1615 2738 2721 2727 2239 2217
97 1553 1340 1613 2740 2723 2736 2230 2227
98 1559 1336 1618 2746 2719 2739 2235 2217
99 1561 1337 1614 2742 2725 2734 2229 2213
100 1552 1338 1616 2738 2727 2738 2237 2222
101 1553 1341 1616 2739 2721 2735 2235 2212
102 1552 1333 1617 2736 2723 2731 2232 2230
103 1548 1340 1617 2740 2719 2740 2238 2215
104 1549 1335 1605 2738 2723 2732 2231 2215
105 1558 1334 1616 2734 2729 2732 2239 2222
106 1547 1339 1615 2741 2722 2729 2232 2217
107 1560 1337 1615 2737 2724 2738 2235 2231
108 1562 1337 1616 2741 2725 2742 2231 2214
109 1549 1339 1615 2744 2726 2737 2236 2216
110 1553 1330 1614 2734 2726 2737 2236 2214
111 1552 1341 1611 2740 2722 2739 2231 2216
112 1551 1338 1609 2736 2724 2730 2235 2228
113 1555 1334 1619 2743 2729 2730 2232 2215
114 1553 1342 1616 2742 2715 2734 2238 2218
115 1550 1333 1611 2739 2726 2730 2232 2215
116 1556 1341 1611 2738 2727 2731 2233 2220
117 1553 1333 1614 2741 2720 2727 2232 2229
118 1553 1342 1616 2748 2718 2735 2234 2213
119 1551 1338 1614 2740 2724 2733 2241 2216
120 1554 1336 1617 2744 2716 2732 2230 2219
121 1557 1338 1614 2734 2714 2730 2236 2221
122 1554 1339 1615 2733 2726 2733 2231 2229
123 1556 1344 1616 2746 2725 2729 2239 2213
124 1550 1333 1619 2744 2731 2736 2234 2218
125 1554 1339 1613 2737 2719 2739 2231 2218
126 1560 1341 1617 2746 2725 2732 2233 2217
127 1559 1335 1614 2742 2715 2730 2233 2230
128 1554 1337 1611 2742 2725 2741 2239 2212
129 1558 1338 1616 2741 2720 2727 2235 2220
130 1553 1341 1614 2744 2726 2733 2232 2215
131 1557 1339 1615 2738 2722 2734 2233 2222
132 1554 1338 1611 2742 2719 2733 2232 2227
133 1557 1342 1612 2746 2730 2735 2238 2212
134 1559 1339 1618 2746 2716 2734 2234 2217
135 1552 1336 1616 2744 2720 2731 2234 2215
136 1554 1334 1621 2738 2726 2736 2233 2222
137 1560 1342 1613 2740 2720 2734 2239 2228
138 1557 1341 1618 2739 2720 2731 2231 2210
139 1557 1339 1617 2748 2727 2738 2235 2222
140 1558 1343 1621 2744 2721 2734 2231 2212
141 1551 1337 1617 2741 2729 2726 2235 2223
142 1551 1340 1613 2747 2722 2731 2235 2224
143 1551 1339 1620 2738 2717 2735 2232 2214
144 1555 1339 1615 2740 2721 2736 2233 2215
145 1555 1336 1617 2746 2731 2736 2234 2214
146 1551 1341 1616 2741 2724 2737 2241 2225
147 1555 1340 1617 2743 2726 2731 2235 2225
148 1548 1339 1618 2739 2718 2727 2234 2211
149 1547 1337 1614 2747 2719 2730 2234 2220
150 1556 1340 1617 2741 2722 2730 2236 2215
151 1557 1336 1619 2740 2729 2738 2238 2225
152 1554 1336 1613 2746 2723 2732 2233 2226
153 1557 1339 1613 2741 2724 2738 2232 2209
154 1559 1340 1618 2743 2719 2732 2232 2223
155 1555 1342 1613 2739 2726 2733 2237 2215
156 1553 1339 1620 2740 2723 2737 2235 2224
157 1558 1342 1613 2740 2722 2730 2232 2225
158 1551 1340 1611 2743 2722 2730 2231 2210
159 1552 1336 1610 2742 2723 2738 2234 2222
160 1553 1339 1620 2742 2722 2732 2240 2215
161 1550 1337 1612 2737 2721 2728 2229 2226
162 1553 1339 1617 2744 2723 2737 2234 2223
163 1563 1338 1613 2742 2722 2735 2232 2212
164 1555 1341 1618 2742 2725 2737 2234 2221
165 1553 1340 1611 2747 2721 2736 2235 2212
166 1558 1340 1621 2742 2724 2731 2232 2227
167 1555 1341 1609 2745 2725 2735 2232 2221
168 1560 1335 1611 2745 2718 2738 2235 2213
169 1560 1335 1622 2742 2722 2739 2237 2220
170 1548 1342 1613 2736 2722 2728 2234 2216
171 1550 1340 1617 2749 2722 2738 2229 2224
172 1555 1338 1620 2742 2724 2735 2234 2221
173 1556 1331 1618 2743 2716 2731 2232 2212
174 1552 1337 1607 2742 2718 2730 2238 2220
175 1560 1338 1618 2743 2730 2738 2232 2212
176 1556 1338 1618 2738 2718 2730 2234 2230
177 1552 1341 1616 2740 2727 2728 2233 2219
178 1555 1340 1618 2740 2722 2740 2238 2213
179 1557 1339 1613 2739 2718 2737 2235 2222
180 1557 1341 1619 2746 2724 2736 2229 2214
181 1558 1338 1617 2741 2726 2736 2232 2231
182 1553 1339 1611 2745 2719 2735 2230 2216
183 1548 1339 1614 2740 2722 2735 2238 2216
184 1564 1333 1614 2744 2725 2731 2230 2221
185 1551 1342 1620 2742 2724 2731 2233 2217
186 1544 1333 1609 2747 2724 2736 2234 2233
187 1554 1339 1615 2745 2724 2737 2238 2219
188 1560 1342 1616 2742 2728 2735 2236 2217
189 1556 1337 1615 2747 2722 2736 2227 2220
190 1553 1334 1614 2742 2730 2738 2235 2217
191 1556 1340 1615 2743 2727 2737 2227 2227
192 1550 1337 1616 2744 2721 2744 2238 2213
193 1551 1338 1613 2748 2722 2739 2228 2209
194 1557 1342 1620 2736 2729 2741 2232 2218
195 1560 1339 1614 2745 2731 2734 2233 2216
196 1549 1338 1614 2738 2725 2742 2232 2232
197 1555 1334 1619 2739 2731 2743 2235 2217
198 1556 1333 1616 2747 2727 2740 2228 2215
199 1551 1333 1615 2742 2725 2739 2233 2223
200 1550 1341 1609 2738 2720 2742 2230 2217
201 1552 1337 1612 2745 2718 2740 2233 2231
202 1551 1339 1616 2741 2726 2738 2231 2217
203 1553 1338 1616 2742 2727 2746 2229 2216
204 1554 1333 1613 2747 2723 2738 2228 2222
205 1545 1339 1613 2746 2726 2744 2229 2217
206 1553 1336 1616 2747 2729 2739 2234 2234
207 1551 1336 1617 2740 2724 2746 2222 2215
208 1554 1338 1614 2749 2728 2740 2229 2220
209 1551 1340 1613 2744 2724 2749 2227 2221
210 1553 1336 1614 2748 2729 2746 2225 2214
211 1555 1337 1612 2739 2730 2739 2225 2230
212 1550 1341 1616 2740 2721 2750 2223 2214
213 1551 1337 1615 2739 2725 2750 2229 2228
214 1545 1338 1614 2737 2721 2745 2225 2223
215 1547 1334 1613 2739 2724 2747 2231 2222
216 1548 1340 1611 2740 2727 2749 2222 2237
217 1555 1343 1614 2741 2717 2754 2225 2223
218 1554 1339 1616 2740 2728 2753 2221 2227
219 1550 1332 1611 2740 2728 2752 2227 2218
220 1559 1339 1613 2743 2718 2751 2228 2217
221 1564 1343 1621 2743 2729 2756 2228 2236
222 1562 1341 1620 2744 2724 2752 2232 2212
223 1563 1347 1622 2737 2726 2751 2237 2218
224 1561 1350 1618 2745 2730 2755 2250 2213
225 1565 1343 1616 2745 2725 2757 2232 2225
226 1560 1333 1608 2741 2724 2760 2225 2230
227 1565 1332 1609 2735 2731 2755 2207 2191
228 1551 1327 1609 2743 2722 2763 2201 2191
229 1550 1328 1618 2737 2724 2769 2205 2211
230 1550 1325 1612 2745 2730 2758 2214 2253
231 1548 1323 1617 2743 2729 2760 2209 2235
232 1553 1321 1613 2735 2723 2767 2187 2193
233 1550 1318 1614 2737 2724 2760 2190 2199
234 1547 1320 1606 2743 2728 2766 2199 2231
235 1548 1327 1610 2739 2716 2766 2216 2252
236 1562 1325 1618 2737 2728 2765 2218 2231
237 1549 1334 1609 2738 2722 2769 2208 2196
238 1560 1334 1606 2742 2726 2763 2193 2209
239 1551 1340 1613 2734 2732 2768 2188 2229
240 1553 1330 1614 2734 2726 2776 2202 2231
241 1567 1333 1611 2740 2723 2778 2204 2216
242 1567 1336 1613 2742 2725 2774 2206 2179
243 1561 1336 1614 2741 2734 2778 2200 2186
244 1571 1337 1616 2736 2724 2778 2196 2183
245 1568 1330 1612 2746 2723 2783 2193 2189
246 1563 1328 1611 2745 2727 2786 2185 2179
247 1575 1329 1606 2734 2714 2782 2192 2155
248 1569 1325 1613 2737 2718 2785 2182 2165
249 1567 1324 1609 2736 2725 2786 2180 2177
250 1547 1321 1602 2747 2718 2793 2169 2201
251 1545 1319 1606 2743 2741 2799 2167 2187
252 1546 1308 1598 2742 2728 2802 2168 2192
253 1544 1309 1612 2749 2729 2808 2159 2223
254 1548 1301 1601 2738 2728 2796 2150 2207
255 1555 1303 1603 2739 2732 2821 2135 2181
256 1557 1302 1611 2751 2742 2828 2140 2158
257 1546 1301 1615 2743 2752 2841 2140 2175
258 1543 1297 1628 2747 2732 2854 2146 2216
259 1533 1292 1625 2766 2748 2894 2141 2210
260 1532 1293 1619 2764 2781 2922 2122 2193
261 1524 1272 1632 2774 2795 3076 2073 2133
262 1492 1258 1642 2743 2787 3162 2000 2130
263 1444 1229 1631 2760 2747 2991 1909 2194
264 1399 1192 1573 2762 2715 2994 1843 2140
265 1383 1167 1543 2782 2773 3012 1923 2172
266 1381 1183 1587 2749 2820 3025 2072 2342
267 1390 1230 1645 2742 2770 2958 2212 2548
268 1446 1264 1691 2740 2770 2961 2319 2426
269 1500 1278 1696 2769 2794 3003 2274 2047
270 1544 1284 1646 2727 2732 3029 2219 1915
271 1534 1227 1614 2745 2786 3010 2258 1946
272 1505 1201 1579 2745 2760 2991 2200 2116
273 1466 1193 1545 2768 2753 2950 2090 2318
274 1458 1192 1534 2742 2752 2937 1986 2438
275 1476 1227 1524 2742 2788 2990 1891 2526
276 1481 1248 1531 2731 2749 2952 1821 2632
277 1479 1258 1549 2742 2760 2928 1811 2767
278 1514 1285 1575 2764 2762 2913 1875 2812
279 1544 1309 1606 2744 2734 2907 1966 2723
280 1578 1355 1627 2758 2760 2891 1987 2575
281 1612 1385 1655 2742 2761 2918 1985 2392
282 1635 1418 1678 2741 2769 2919 1991 2253
283 1644 1442 1690 2745 2757 2914 2051 2216
284 1641 1452 1684 2742 2725 2893 2124 2207
285 1640 1459 1694 2775 2754 2898 2185 2097
286 1645 1453 1672 2758 2731 2887 2229 2100
287 1623 1450 1689 2723 2777 2892 2313 2069
288 1608 1431 1659 2719 2752 2917 2277 2086
289 1597 1418 1630 2746 2729 2886 2184 2117
290 1581 1422 1584 2762 2742 2880 2119 2227
291 1554 1399 1566 2748 2767 2902 2052 2298
292 1565 1377 1578 2724 2763 2891 2054 2291
293 1558 1377 1612 2734 2745 2887 2085 2312
294 1545 1384 1644 2754 2744 2876 2118 2404
295 1539 1386 1673 2726 2745 2907 2150 2497
296 1548 1381 1682 2723 2753 2893 2162 2492
297 1557 1400 1668 2739 2750 2885 2180 2452
298 1563 1399 1639 2753 2755 2855 2178 2386
299 1579 1416 1632 2729 2752 2880 2154 2330
300 1589 1438 1632 2744 2733 2887 2141 2309
301 1588 1431 1641 2745 2737 2874 2142 2177
302 1601 1425 1664 2750 2764 2851 2183 2068
303 1579 1422 1663 2737 2735 2870 2210 2089
304 1565 1425 1660 2736 2748 2833 2250 2197
305 1551 1404 1637 2744 2744 2864 2258 2235
306 1560 1384 1631 2747 2741 2851 2232 2143
307 1569 1355 1610 2742 2783 2857 2169 2114
308 1553 1346 1616 2734 2764 2857 2131 2176
309 1547 1320 1617 2759 2734 2845 2110 2239
310 1538 1298 1621 2749 2766 2849 2123 2237
311 1546 1281 1624 2745 2749 2851 2161 2215
312 1541 1267 1632 2765 2745 2834 2164 2261
313 1542 1267 1639 2743 2747 2864 2150 2342
314 1546 1250 1632 2759 2739 2827 2116 2373
315 1555 1244 1624 2757 2749 2833 2115 2329
316 1553 1247 1606 2731 2764 2853 2111 2263
317 1553 1247 1609 2755 2735 2826 2127 2264
318 1545 1246 1607 2760 2742 2827 2146 2280
319 1543 1242 1615 2732 2729 2831 2141 2286
320 1552 1254 1611 2748 2728 2835 2144 2272
321 1552 1263 1631 2754 2733 2809 2143 2245
322 1535 1285 1638 2732 2736 2815 2148 2248
323 1541 1301 1645 2742 2739 2822 2158 2250
324 1535 1321 1643 2747 2737 2821 2167 2233
325 1537 1336 1652 2736 2736 2811 2164 2220
326 1526 1344 1638 2750 2740 2799 2146 2201
327 1543 1351 1642 2736 2731 2815 2157 2212
328 1540 1364 1647 2743 2727 2801 2155 2219
329 1534 1365 1642 2742 2736 2808 2153 2241
330 1551 1369 1637 2740 2739 2814 2132 2271
331 1548 1378 1643 2748 2735 2808 2132 2280
332 1553 1375 1645 2750 2722 2808 2146 2301
333 1559 1377 1652 2750 2719 2808 2165 2329
334 1567 1387 1652 2743 2722 2795 2174 2357
335 1573 1382 1647 2746 2719 2787 2156 2341
336 1570 1390 1642 2737 2741 2808 2142 2296
337 1583 1389 1652 2740 2730 2797 2143 2304
338 1591 1396 1660 2749 2715 2801 2176 2322
339 1597 1395 1649 2749 2731 2811 2192 2365
340 1599 1392 1652 2739 2733 2797 2185 2336
341 1603 1392 1661 2739 2722 2791 2177 2279
342 1616 1393 1656 2744 2737 2803 2167 2264
343 1629 1394 1656 2742 2729 2791 2186 2252
344 1624 1383 1648 2743 2736 2799 2187 2253
345 1628 1384 1641 2744 2733 2789 2199 2232
346 1632 1380 1639 2743 2720 2774 2200 2188
347 1636 1379 1639 2742 2730 2774 2222 2168
348 1643 1381 1641 2740 2726 2772 2243 2135
349 1637 1388 1649 2729 2715 2750 2261 2142
350 1628 1391 1661 2744 2723 2767 2288 2148
351 1633 1396 1655 2744 2717 2769 2302 2136
352 1632 1404 1655 2732 2713 2762 2307 2133
353 1626 1415 1654 2740 2720 2762 2287 2106
354 1628 1423 1652 2743 2727 2766 2272 2110
355 1627 1429 1646 2739 2717 2758 2264 2106
356 1612 1425 1645 2738 2722 2753 2266 2092
357 1624 1424 1656 2742 2721 2766 2283 2108
358 1618 1430 1663 2733 2716 2762 2289 2117
359 1622 1427 1664 2739 2713 2761 2299 2128
360 1613 1419 1667 2742 2715 2759 2299 2082
361 1609 1416 1671 2740 2723 2756 2300 2040
362 1600 1413 1657 2732 2721 2765 2297 2046
363 1593 1405 1668 2732 2724 2761 2296 2068
364 1584 1400 1648 2731 2725 2763 2295 2119
365 1576 1385 1645 2740 2717 2760 2288 2078
366 1577 1369 1638 2739 2722 2770 2285 2034
367 1575 1358 1633 2742 2723 2759 2280 2055
368 1559 1344 1636 2732 2721 2756 2275 2097
369 1554 1325 1639 2736 2735 2770 2277 2130
370 1554 1311 1640 2746 2726 2763 2282 2101
371 1550 1295 1646 2743 2725 2773 2279 2092
372 1540 1283 1643 2746 2733 2771 2283 2129
373 1537 1279 1643 2740 2726 2768 2289 2143
374 1540 1283 1647 2747 2724 2771 2295 2156
375 1531 1282 1642 2743 2728 2775 2292 2124
376 1530 1285 1642 2742 2725 2767 2281 2130
377 1524 1282 1640 2741 2724 2767 2283 2148
378 1519 1294 1635 2745 2732 2776 2279 2145
379 1518 1298 1641 2742 2724 2761 2291 2165
380 1511 1301 1641 2740 2726 2768 2290 2161
381 1517 1305 1646 2736 2726 2771 2287 2179
382 1511 1307 1649 2740 2717 2766 2286 2200
383 1514 1311 1650 2744 2731 2766 2275 2210
384 1515 1319 1651 2741 2722 2764 2281 2243
385 1519 1320 1647 2749 2729 2772 2269 2238
386 1520 1327 1646 2735 2730 2764 2267 2256
387 1527 1329 1641 2739 2726 2761 2259 2264
388 1525 1333 1640 2737 2715 2767 2259 2273
389 1532 1340 1637 2741 2719 2754 2261 2288
390 1543 1350 1648 2747 2721 2761 2260 2270
391 1553 1353 1651 2734 2728 2760 2270 2271
392 1561 1359 1650 2731 2721 2764 2268 2265
393 1568 1359 1653 2747 2724 2765 2278 2258
394 1570 1367 1655 2738 2724 2768 2271 2254
395 1580 1364 1648 2740 2719 2759 2274 2224
396 1581 1368 1645 2734 2716 2764 2274 2213
397 1589 1370 1650 2740 2719 2759 2276 2204
398 1597 1366 1642 2742 2722 2753 2277 2192
399 1593 1369 1645 2737 2722 2755 2276 2200
400 1592 1368 1651 2735 2722 2755 2275 2167
401 1590 1361 1642 2738 2725 2756 2275 2172
402 1584 1357 1650 2747 2720 2762 2283 2164
403 1594 1359 1645 2739 2722 2758 2285 2166
404 1583 1355 1651 2742 2724 2753 2287 2171
405 1583 1354 1642 2738 2719 2758 2285 2148
406 1577 1349 1645 2732 2721 2755 2286 2161
407 1572 1351 1640 2743 2724 2759 2290 2159
408 1568 1345 1636 2738 2728 2756 2286 2173
409 1565 1344 1644 2741 2723 2752 2289 2184
410 1558 1341 1646 2743 2722 2760 2288 2176
411 1556 1337 1638 2740 2720 2754 2293 2195
412 1540 1342 1645 2747 2724 2753 2288 2194
413 1546 1340 1646 2741 2721 2754 2283 2206
414 1551 1330 1643 2744 2723 2753 2281 2219
415 1547 1333 1643 2736 2725 2758 2282 2210
416 1552 1334 1650 2736 2720 2760 2282 2222
417 1544 1335 1645 2741 2721 2753 2282 2226
418 1546 1334 1640 2742 2723 2743 2284 2236
419 1546 1331 1645 2743 2725 2749 2288 2256
420 1545 1333 1634 2739 2721 2755 2292 2245
421 1551 1329 1646 2744 2725 2756 2292 2248
422 1554 1340 1647 2743 2713 2734 2296 2252
423 1547 1341 1642 2735 2723 2742 2302 2277
424 1562 1344 1643 2742 2721 2745 2319 2276
425 1569 1356 1650 2734 2718 2733 2329 2238
426 1571 1359 1648 2734 2723 2746 2322 2253
427 1567 1372 1649 2737 2715 2735 2314 2261
428 1583 1378 1638 2739 2721 2742 2321 2285
429 1591 1377 1637 2734 2717 2741 2327 2260
430 1600 1388 1635 2745 2719 2720 2322 2226
431 1614 1389 1644 2733 2723 2730 2304 2212
432 1620 1396 1651 2738 2719 2729 2316 2179
433 1621 1396 1661 2742 2717 2724 2334 2160
434 1619 1408 1674 2735 2713 2731 2366 2176
435 1612 1409 1662 2744 2726 2728 2373 2194
436 1614 1410 1657 2743 2713 2727 2363 2196
437 1621 1410 1636 2740 2717 2719 2347 2134
438 1616 1408 1637 2739 2714 2728 2330 2119
439 1609 1402 1638 2740 2707 2726 2336 2118
440 1603 1412 1629 2735 2714 2723 2328 2097
441 1596 1401 1639 2738 2719 2725 2336 2090
442 1583 1403 1644 2741 2714 2723 2340 2076
443 1580 1394 1642 2736 2706 2736 2347 2103
444 1575 1388 1646 2742 2717 2729 2356 2117
445 1576 1378 1648 2741 2713 2708 2334 2071
446 1568 1368 1638 2735 2717 2719 2349 2086
447 1568 1365 1638 2736 2715 2726 2350 2070
448 1560 1354 1635 2734 2715 2724 2356 2091
449 1551 1347 1635 2716 2709 2719 2361 2128
450 1555 1343 1621 2738 2705 2708 2357 2158
451 1558 1327 1612 2734 2709 2721 2356 2108
452 1572 1336 1627 2737 2713 2720 2327 2045
453 1565 1332 1642 2737 2699 2714 2326 2012
454 1557 1321 1656 2743 2716 2716 2337 1956
455 1550 1332 1664 2737 2707 2715 2384 2002
456 1522 1327 1656 2736 2701 2712 2424 2091
457 1511 1324 1643 2739 2696 2707 2431 2110
458 1522 1323 1625 2732 2695 2707 2395 2129
459 1518 1318 1614 2737 2709 2710 2358 2108
460 1523 1319 1609 2732 2689 2696 2339 2111
461 1523 1316 1603 2738 2698 2703 2333 2126
462 1519 1313 1615 2740 2695 2712 2348 2152
463 1517 1307 1630 2740 2705 2699 2340 2194
464 1520 1309 1635 2724 2681 2698 2314 2176
465 1531 1313 1627 2739 2662 2725 2328 2191
466 1529 1305 1633 2734 2681 2706 2326 2210
467 1538 1307 1637 2727 2691 2704 2336 2202
468 1537 1307 1638 2736 2687 2707 2342 2219
469 1532 1321 1632 2741 2685 2687 2378 2185
470 1542 1332 1637 2737 2684 2688 2383 2195
471 1548 1334 1632 2739 2676 2710 2368 2198
472 1544 1328 1627 2736 2685 2692 2333 2182
473 1532 1319 1621 2730 2692 2707 2321 2209
474 1539 1321 1614 2734 2691 2698 2330 2200
475 1542 1321 1617 2741 2684 2684 2323 2209
476 1540 1327 1626 2719 2680 2689 2313 2214
477 1544 1318 1627 2728 2687 2695 2295 2205
478 1539 1320 1617 2737 2677 2694 2307 2226
479 1544 1318 1630 2738 2682 2689 2316 2218
480 1536 1317 1625 2729 2668 2688 2336 2230
481 1540 1316 1630 2738 2683 2673 2327 2233
482 1543 1320 1632 2731 2682 2678 2327 2222
483 1544 1321 1633 2731 2667 2693 2317 2235
484 1539 1319 1633 2737 2666 2685 2322 2229
485 1536 1317 1628 2732 2679 2697 2319 2234
486 1531 1323 1626 2733 2679 2694 2302 2239
487 1527 1313 1623 2735 2674 2688 2291 2239
488 1524 1317 1622 2734 2675 2703 2279 2251
489 1529 1312 1620 2731 2680 2696 2288 2261
490 1524 1307 1629 2726 2680 2693 2298 2261
491 1526 1314 1626 2741 2677 2680 2311 2298
492 1537 1316 1622 2738 2674 2683 2315 2308
493 1538 1316 1620 2726 2679 2694 2305 2271
494 1535 1321 1622 2731 2672 2673 2297 2232
495 1533 1322 1623 2729 2675 2687 2288 2275
496 1526 1320 1623 2725 2685 2691 2295 2315
497 1530 1325 1622 2743 2672 2687 2281 2310
498 1534 1323 1621 2735 2660 2674 2273 2313
499 1530 1325 1614 2728 2668 2681 2258 2291
500 1533 1326 1617 2729 2675 2681 2257 2308
501 1540 1332 1620 2722 2675 2680 2254 2312
502 1554 1332 1615 2727 2670 2682 2253 2303
503 1555 1336 1620 2717 2682 2693 2254 2278
504 1564 1342 1624 2729 2658 2684 2250 2232
505 1565 1346 1624 2732 2681 2704 2252 2222
506 1565 1347 1633 2727 2686 2698 2258 2214
507 1570 1343 1631 2736 2670 2676 2273 2198
508 1562 1342 1628 2732 2670 2685 2275 2221
509 1548 1340 1630 2726 2676 2688 2275 2237
510 1545 1338 1627 2729 2676 2691 2286 2234
511 1555 1332 1624 2729 2665 2682 2288 2226
512 1542 1324 1620 2725 2676 2683 2284 2265
513 1547 1332 1622 2740 2658 2668 2275 2295
514 1544 1334 1622 2724 2656 2666 2272 2276
515 1546 1334 1620 2739 2653 2675 2271 2284
516 1549 1345 1636 2735 2674 2672 2278 2287
517 1542 1349 1629 2725 2659 2670 2268 2299
518 1548 1351 1622 2728 2675 2681 2258 2265
519 1547 1355 1621 2729 2671 2677 2258 2236
520 1550 1354 1618 2716 2671 2676 2256 2257
521 1558 1355 1614 2728 2652 2663 2273 2218
522 1559 1352 1621 2727 2666 2689 2284 2181
523 1561 1348 1622 2728 2655 2663 2291 2184
524 1553 1350 1626 2735 2658 2674 2303 2202
525 1552 1345 1629 2732 2657 2668 2299 2212
526 1545 1334 1626 2735 2645 2660 2298 2191
527 1543 1325 1623 2733 2653 2674 2290 2202
528 1539 1321 1618 2734 2665 2658 2294 2221
529 1535 1319 1623 2720 2651 2662 2290 2237
530 1528 1318 1620 2725 2663 2679 2281 2252
531 1547 1317 1618 2739 2666 2669 2273 2237
532 1540 1322 1611 2729 2671 2683 2260 2258
533 1540 1317 1612 2737 2677 2681 2259 2285
534 1541 1309 1602 2732 2682 2686 2261 2284
535 1552 1305 1605 2730 2675 2683 2269 2275
536 1575 1303 1604 2737 2684 2701 2260 2240
537 1591 1302 1599 2737 2677 2703 2262 2223
538 1598 1323 1610 2734 2681 2704 2267 2178
539 1607 1315 1613 2736 2689 2700 2267 2158
540 1597 1312 1604 2738 2686 2709 2256 2142
541 1601 1320 1598 2735 2701 2703 2250 2104
542 1585 1329 1605 2740 2699 2706 2249 2112
543 1571 1331 1613 2741 2707 2700 2236 2137
544 1555 1321 1619 2737 2699 2708 2227 2137
545 1554 1318 1609 2736 2693 2703 2226 2145
546 1542 1309 1620 2738 2702 2713 2230 2159
547 1543 1306 1617 2742 2692 2702 2232 2187
548 1529 1314 1613 2739 2695 2713 2235 2235
549 1519 1306 1603 2738 2699 2705 2231 2256
550 1524 1310 1610 2732 2702 2708 2220 2256
551 1517 1319 1630 2732 2700 2713 2246 2228
552 1533 1355 1638 2730 2701 2710 2285 2252
553 1544 1365 1637 2734 2697 2711 2291 2241
554 1557 1353 1621 2729 2705 2716 2244 2216
555 1561 1341 1609 2733 2701 2713 2202 2176
556 1558 1331 1605 2735 2700 2706 2204 2190
557 1553 1329 1601 2738 2695 2704 2208 2248
558 1549 1312 1611 2742 2703 2708 2217 2229
559 1551 1323 1620 2738 2699 2706 2213 2203
560 1543 1324 1622 2734 2698 2717 2228 2243
561 1543 1326 1626 2738 2704 2709 2241 2254
562 1548 1331 1626 2743 2703 2716 2251 2257
563 1547 1331 1621 2743 2701 2711 2249 2230
564 1545 1339 1622 2742 2698 2711 2242 2233
565 1556 1343 1614 2737 2698 2702 2243 2245
566 1556 1344 1612 2730 2701 2708 2235 2223
567 1567 1346 1617 2730 2697 2700 2233 2222
568 1551 1342 1615 2740 2702 2707 2217 2206
569 1554 1337 1617 2740 2699 2701 2217 2223
570 1553 1347 1614 2733 2690 2700 2214 2232
571 1547 1340 1619 2732 2694 2696 2226 2224
572 1554 1347 1618 2730 2700 2700 2231 2236
573 1563 1338 1621 2736 2686 2697 2234 2228
574 1563 1339 1621 2738 2696 2698 2240 2238
575 1562 1345 1617 2733 2691 2693 2244 2230
576 1562 1341 1617 2729 2691 2690 2244 2218
577 1563 1347 1620 2736 2685 2692 2237 2233
578 1553 1347 1616 2732 2684 2690 2230 2214
579 1545 1343 1616 2735 2681 2691 2230 2216
580 1557 1343 1618 2728 2679 2684 2227 2208
581 1549 1338 1619 2730 2679 2678 2232 2218
582 1547 1335 1621 2730 2676 2687 2231 2238
583 1550 1336 1624 2731 2669 2666 2237 2218
584 1547 1335 1623 2731 2671 2688 2237 2221
585 1557 1340 1623 2733 2672 2670 2241 2229
586 1545 1336 1611 2726 2659 2680 2236 2227
587 1546 1329 1619 2728 2676 2676 2232 2235
588 1539 1335 1619 2725 2671 2670 2230 2217
589 1549 1333 1614 2735 2667 2682 2234 2227
590 1551 1333 1620 2730 2670 2698 2232 2213
591 1548 1341 1616 2727 2681 2690 2223 2213
592 1544 1339 1618 2743 2689 2701 2223 2227
593 1553 1338 1611 2743 2698 2715 2215 2225
594 1552 1331 1618 2745 2706 2722 2221 2243
595 1557 1331 1610 2741 2710 2718 2220 2227
596 1560 1327 1605 2745 2710 2722 2222 2211
597 1565 1329 1611 2745 2709 2720 2218 2214
598 1551 1332 1617 2739 2719 2729 2210 2236
599 1563 1332 1617 2732 2719 2729 2227 2262
600 1566 1325 1614 2736 2713 2732 2223 2255
601 1575 1325 1604 2738 2716 2725 2211 2220
602 1574 1322 1612 2740 2717 2726 2193 2187
603 1564 1337 1614 2745 2717 2723 2193 2165
604 1560 1339 1621 2741 2716 2732 2208 2201
605 1545 1351 1624 2750 2710 2724 2218 2203
606 1541 1351 1628 2740 2719 2731 2230 2212
607 1537 1357 1622 2749 2726 2733 2240 2241
608 1530 1351 1620 2737 2720 2727 2246 2245
609 1534 1347 1622 2745 2720 2733 2233 2245
610 1534 1337 1617 2742 2724 2736 2219 2210
611 1549 1332 1613 2740 2720 2732 2218 2210
612 1543 1328 1605 2736 2718 2730 2220 2230
613 1552 1336 1614 2739 2717 2733 2224 2245
614 1544 1334 1608 2737 2726 2732 2210 2252
615 1547 1337 1616 2738 2723 2735 2209 2228
616 1543 1341 1616 2746 2717 2729 2219 2222
617 1546 1340 1627 2746 2724 2727 2235 2231
618 1545 1337 1625 2739 2723 2731 2233 2225
619 1548 1343 1618 2748 2726 2733 2232 2237
620 1546 1335 1620 2740 2716 2734 2229 2234
621 1558 1334 1613 2747 2716 2735 2225 2246
622 1553 1339 1615 2738 2718 2736 2224 2241
623 1546 1337 1611 2742 2722 2732 2216 2228
624 1558 1342 1617 2744 2725 2732 2217 2228
625 1556 1343 1620 2735 2725 2730 2220 2217
626 1563 1343 1616 2742 2723 2733 2225 2223
627 1563 1345 1617 2742 2723 2734 2226 2225
628 1563 1339 1607 2743 2724 2728 2221 2210
629 1562 1341 1613 2746 2725 2738 2228 2212
630 1563 1345 1618 2744 2716 2735 2227 2197
631 1563 1345 1613 2742 2722 2733 2232 2211
632 1555 1348 1616 2744 2720 2737 2225 2213
633 1557 1341 1618 2744 2726 2737 2225 2209
634 1549 1343 1615 2747 2721 2735 2228 2223
635 1551 1336 1619 2738 2721 2729 2228 2217
636 1547 1335 1618 2750 2730 2728 2231 2236
637 1549 1329 1608 2734 2717 2731 2224 2227
638 1543 1332 1617 2742 2719 2737 2228 2224
639 1552 1339 1615 2738 2726 2731 2221 2223
640 1558 1328 1610 2745 2716 2737 2227 2219
641 1555 1335 1615 2741 2725 2735 2223 2235
642 1553 1332 1615 2748 2722 2735 2225 2222
643 1555 1340 1618 2738 2726 2737 2228 2221
644 1559 1340 1620 2745 2721 2729 2226 2221
645 1556 1334 1614 2738 2714 2738 2231 2217
646 1549 1336 1612 2745 2726 2734 2227 2232
647 1551 1333 1605 2737 2720 2730 2228 2217
648 1556 1341 1608 2736 2719 2729 2225 2216
649 1562 1342 1619 2739 2727 2727 2230 2220
650 1552 1339 1614 2737 2720 2729 2227 2215
651 1555 1341 1613 2741 2724 2735 2225 2232
652 1556 1341 1614 2745 2724 2737 2229 2218
653 1553 1341 1617 2742 2720 2735 2229 2216
654 1559 1341 1620 2734 2725 2732 2234 2222
655 1557 1339 1614 2737 2728 2736 2225 2216
656 1560 1340 1614 2738 2722 2732 2230 2231
657 1553 1342 1610 2737 2726 2726 2225 2214
658 1550 1333 1621 2739 2726 2732 2231 2217
659 1545 1335 1618 2743 2722 2736 2231 2218
660 1551 1336 1616 2743 2726 2731 2229 2218
661 1557 1343 1614 2741 2720 2738 2227 2231
662 1552 1340 1606 2743 2725 2734 2228 2217
663 1555 1336 1612 2749 2724 2731 2233 2216
664 1553 1334 1614 2746 2726 2732 2228 2221
665 1553 1343 1608 2740 2727 2740 2230 2219
666 1556 1338 1615 2745 2723 2727 2229 2230
667 1549 1343 1608 2732 2724 2738 2232 2216
668 1556 1342 1618 2740 2730 2731 2232 2217
669 1556 1338 1615 2733 2722 2723 2230 2220
670 1549 1342 1621 2742 2722 2736 2230 2217
671 1555 1337 1621 2737 2718 2737 2229 2235
672 1558 1336 1616 2739 2716 2737 2236 2215
673 1569 1339 1617 2747 2723 2733 2228 2220
674 1558 1337 1619 2742 2727 2733 2230 2220
675 1556 1334 1615 2745 2724 2732 2230 2219
676 1548 1342 1609 2747 2721 2734 2231 2233
677 1556 1343 1617 2745 2722 2735 2232 2212
678 1553 1341 1620 2739 2723 2730 2228 2220
679 1554 1340 1618 2738 2721 2736 2226 2215
680 1553 1342 1622 2737 2720 2736 2229 2224
681 1549 1338 1622 2736 2731 2724 2232 2228
682 1548 1342 1615 2739 2728 2740 2232 2214
683 1552 1341 1619 2747 2721 2728 2228 2217
684 1555 1341 1618 2740 2722 2727 2233 2217
685 1551 1343 1621 2745 2726 2734 2232 2220
686 1556 1339 1617 2744 2719 2734 2237 2231
687 1558 1342 1617 2745 2728 2735 2227 2208
688 1555 1341 1617 2737 2719 2730 2233 2220
689 1553 1341 1614 2736 2722 2741 2229 2215
690 1550 1345 1617 2746 2724 2733 2233 2223
691 1553 1339 1620 2744 2727 2733 2235 2231
692 1552 1338 1617 2741 2722 2737 2228 2213
693 1544 1330 1617 2742 2720 2729 2233 2222
694 1555 1338 1615 2741 2731 2738 2230 2214
695 1556 1339 1609 2737 2726 2735 2236 2224
696 1560 1340 1616 2738 2725 2735 2227 2227
697 1559 1340 1619 2734 2724 2732 2232 2215
698 1562 1340 1621 2738 2718 2731 2231 2221
699 1554 1339 1616 2736 2721 2738 2234 2217
700 1553 1332 1615 2741 2719 2731 2234 2223
701 1555 1342 1621 2736 2725 2736 2231 2230
702 1557 1343 1620 2749 2722 2736 2232 2211
703 1557 1339 1619 2739 2724 2736 2230 2222
704 1558 1338 1615 2739 2721 2738 2233 2212
705 1550 1337 1611 2740 2724 2733 2230 2224
706 1551 1339 1620 2745 2720 2741 2233 2228
707 1550 1339 1618 2741 2724 2731 2232 2213
708 1554 1343 1608 2736 2728 2738 2228 2219
709 1558 1339 1617 2739 2719 2733 2238 2216
710 1561 1341 1618 2737 2723 2737 2228 2223
711 1556 1340 1616 2744 2723 2726 2230 2227
712 1549 1338 1615 2741 2720 2734 2232 2213
713 1555 1342 1616 2738 2725 2728 2235 2221
714 1557 1337 1616 2748 2726 2735 2234 2216
715 1550 1342 1617 2741 2717 2732 2229 2225
716 1549 1332 1620 2743 2728 2735 2234 2226
717 1553 1333 1617 2735 2716 2733 2233 2212
718 1559 1342 1616 2745 2718 2737 2237 2221
719 1554 1338 1614 2732 2723 2737 2229 2213
720 1553 1343 1618 2741 2725 2737 2233 2228
721 1553 1333 1621 2738 2724 2729 2227 2220
722 1547 1339 1616 2741 2730 2727 2214 2185
723 1548 1343 1615 2739 2720 2732 2232 2220
724 1544 1343 1621 2739 2726 2733 2232 2216
725 1553 1337 1621 2741 2716 2733 2230 2224
726 1543 1342 1618 2721 2718 2734 2231 2222
727 1555 1338 1610 2735 2729 2735 2240 2213
728 1547 1339 1617 2733 2724 2741 2231 2222
729 1549 1342 1616 2740 2728 2736 2235 2214
730 1548 1340 1618 2737 2723 2737 2232 2230
731 1538 1343 1613 2745 2715 2736 2235 2221
732 1553 1343 1622 2745 2725 2734 2234 2213
733 1544 1342 1618 2746 2726 2729 2231 2221
734 1553 1337 1619 2731 2727 2732 2231 2213
735 1551 1341 1617 2739 2723 2732 2232 2229
736 1553 1339 1613 2734 2730 2730 2235 2217
737 1555 1342 1613 2745 2719 2731 2233 2215
738 1553 1342 1620 2746 2724 2734 2231 2218
739 1549 1343 1615 2743 2714 2733 2230 2226
740 1551 1333 1614 2743 2722 2730 2227 2232
741 1555 1344 1617 2745 2719 2738 2237 2204
742 1555 1342 1617 2733 2719 2730 2226 2204
743 1551 1342 1623 2743 2720 2734 2238 2224
744 1556 1343 1617 2732 2722 2737 2238 2215
745 1545 1336 1607 2748 2720 2737 2237 2231
746 1543 1341 1615 2734 2719 2734 2235 2218
747 1554 1337 1613 2737 2720 2732 2228 2217
748 1537 1341 1620 2739 2723 2733 2233 2220
749 1553 1339 1611 2746 2727 2739 2234 2221
750 1554 1334 1617 2737 2723 2737 2236 2231
751 1558 1340 1622 2739 2723 2734 2231 2221
752 1555 1341 1615 2743 2719 2736 2231 2216
753 1551 1340 1617 2736 2720 2732 2233 2220
754 1557 1340 1618 2740 2724 2737 2233 2212
755 1558 1341 1622 2744 2723 2736 2235 2230
756 1554 1340 1620 2750 2717 2726 2227 2211
757 1556 1338 1615 2748 2726 2731 2233 2216
758 1560 1338 1617 2743 2718 2733 2233 2217
759 1558 1339 1618 2747 2719 2741 2238 2219
760 1560 1340 1620 2741 2725 2728 2233 2232
761 1552 1340 1613 2737 2722 2736 2235 2215
762 1553 1339 1619 2738 2717 2736 2235 2219
763 1553 1336 1620 2747 2723 2735 2235 2217
764 1555 1338 1615 2739 2719 2741 2238 2220
765 1555 1340 1619 2744 2723 2732 2230 2230
766 1556 1340 1611 2747 2726 2730 2235 2214
767 1559 1336 1616 2738 2721 2729 2231 2216
768 1553 1340 1610 2741 2730 2736 2241 2219
769 1562 1334 1617 2737 2723 2740 2233 2218
770 1556 1336 1614 2748 2728 2734 2235 2230
771 1556 1338 1616 2748 2720 2734 2232 2209
772 1549 1337 1616 2737 2727 2728 2234 2218
773 1548 1340 1618 2745 2728 2737 2240 2217
774 1549 1341 1618 2736 2717 2742 2231 2220
775 1552 1340 1621 2744 2720 2735 2235 2232
776 1550 1342 1611 2746 2724 2736 2230 2211
777 1554 1340 1615 2743 2721 2735 2240 2219
778 1555 1343 1614 2747 2721 2738 2235 2219
779 1555 1339 1608 2737 2719 2731 2231 2219
780 1553 1331 1615 2740 2722 2736 2236 2231
781 1552 1344 1617 2746 2723 2731 2235 2212
782 1544 1337 1613 2740 2721 2736 2239 2219
783 1551 1340 1619 2745 2722 2737 2234 2215
784 1553 1339 1618 2734 2727 2738 2232 2221
785 1553 1342 1611 2738 2721 2737 2230 2224
786 1559 1337 1614 2737 2728 2730 2238 2212
787 1554 1343 1617 2741 2721 2737 2238 2222
788 1555 1338 1616 2745 2727 2737 2232 2210
789 1549 1341 1620 2736 2725 2733 2241 2217
790 1552 1339 1612 2737 2719 2732 2235 2243
791 1548 1339 1616 2740 2726 2738 2239 2236
792 1553 1333 1612 2741 2723 2729 2227 2217
793 1558 1335 1612 2742 2722 2733 2228 2205
794 1542 1339 1620 2744 2723 2734 2227 2220
795 1555 1337 1617 2745 2716 2737 2243 2238
796 1562 1343 1619 2745 2725 2724 2243 2216
797 1556 1337 1614 2738 2725 2731 2233 2218
798 1559 1337 1607 2744 2725 2735 2226 2204
799 1557 1341 1620 2740 2721 2738 2231 2224
800 1557 1340 1616 2735 2720 2736 2236 2225
801 1555 1338 1614 2739 2718 2735 2232 2213
802 1553 1340 1616 2742 2717 2735 2229 2218
803 1553 1339 1621 2736 2718 2733 2234 2219
804 1551 1343 1615 2742 2721 2739 2235 2231
805 1556 1338 1609 2745 2720 2735 2240 2231
806 1560 1339 1616 2745 2729 2733 2233 2213
807 1555 1341 1619 2738 2728 2742 2235 2220
808 1560 1341 1617 2742 2720 2731 2228 2210
809 1557 1340 1611 2739 2727 2736 2239 2228
810 1559 1340 1616 2744 2725 2737 2232 2218
811 1552 1340 1615 2740 2729 2737 2233 2211
812 1558 1339 1615 2744 2722 2730 2237 2219
813 1552 1345 1611 2738 2723 2736 2237 2215
814 1550 1340 1619 2737 2727 2729 2241 2230
815 1555 1338 1618 2736 2716 2728 2230 2223
816 1549 1336 1617 2741 2723 2733 2235 2213
817 1548 1335 1621 2746 2725 2736 2232 2223
818 1552 1343 1610 2748 2724 2733 2234 2212
819 1546 1342 1614 2741 2721 2741 2237 2228
820 1558 1341 1616 2749 2726 2741 2233 2221
821 1557 1338 1616 2736 2727 2729 2237 2216
822 1556 1337 1618 2741 2719 2733 2234 2223
823 1556 1343 1617 2746 2725 2730 2240 2214
824 1557 1342 1616 2743 2723 2738 2233 2228
825 1553 1339 1611 2743 2720 2730 2233 2215
826 1554 1340 1616 2746 2716 2736 2233 2213
827 1555 1336 1610 2743 2726 2735 2237 2223
828 1553 1338 1618 2746 2728 2728 2237 2214
829 1550 1340 1609 2740 2725 2736 2233 2230
830 1553 1342 1617 2745 2722 2742 2233 2217
831 1555 1338 1621 2735 2720 2736 2233 2213
832 1555 1340 1619 2743 2723 2728 2238 2219
833 1563 1339 1617 2744 2721 2731 2236 2216
834 1561 1339 1616 2742 2721 2737 2231 2228
835 1555 1335 1617 2745 2718 2730 2235 2218
836 1551 1339 1615 2744 2722 2731 2235 2215
837 1554 1338 1620 2743 2720 2734 2241 2221
838 1545 1338 1609 2742 2718 2735 2231 2216
839 1555 1344 1622 2741 2719 2730 2236 2226
840 1554 1344 1620 2744 2721 2738 2233 2216
841 1551 1341 1618 2742 2716 2735 2239 2217
842 1552 1343 1621 2747 2723 2731 2234 2220
843 1553 1340 1624 2740 2723 2740 2233 2217
844 1558 1334 1611 2745 2717 2733 2234 2228
845 1556 1337 1614 2742 2717 2728 2235 2216
846 1556 1334 1619 2743 2719 2739 2240 2215
847 1553 1338 1614 2737 2720 2734 2231 2218
848 1553 1340 1619 2748 2727 2741 2236 2218
849 1556 1341 1616 2746 2719 2738 2234 2231
850 1554 1332 1616 2753 2713 2735 2240 2214
851 1559 1338 1616 2743 2723 2732 2236 2217
852 1553 1339 1618 2741 2721 2732 2235 2221
853 1545 1335 1620 2741 2726 2738 2235 2219
854 1553 1342 1612 2742 2727 2735 2234 2232
855 1549 1342 1616 2739 2724 2734 2238 2213
856 1548 1340 1610 2738 2722 2732 2233 2219
857 1552 1341 1609 2742 2719 2732 2233 2212
858 1550 1339 1609 2745 2719 2736 2235 2219
859 1553 1342 1617 2747 2722 2730 2236 2231
860 1549 1339 1616 2740 2722 2738 2237 2214
861 1552 1341 1613 2734 2718 2732 2232 2221
862 1554 1340 1617 2738 2715 2728 2235 2218
863 1560 1341 1612 2746 2718 2735 2231 2218
864 1553 1340 1618 2740 2723 2734 2241 2232
865 1560 1336 1621 2739 2720 2730 2231 2211
866 1554 1341 1621 2741 2726 2739 2235 2218
867 1551 1332 1615 2736 2719 2737 2232 2212
868 1555 1336 1615 2747 2725 2732 2236 2220
869 1554 1333 1615 2745 2721 2740 2241 2231
870 1550 1342 1620 2741 2723 2733 2230 2210
871 1553 1339 1615 2736 2719 2733 2235 2220
872 1547 1341 1619 2744 2713 2736 2232 2214
873 1546 1336 1610 2737 2724 2732 2239 2221
874 1554 1339 1610 2743 2720 2731 2231 2229
875 1556 1341 1618 2740 2729 2735 2235 2213
876 1561 1339 1613 2735 2724 2738 2234 2216
877 1559 1337 1616 2737 2721 2737 2234 2214
878 1555 1343 1616 2742 2722 2737 2240 2221
879 1559 1342 1614 2742 2722 2728 2235 2233
880 1554 1344 1618 2745 2720 2729 2236 2211
881 1547 1335 1617 2747 2717 2740 2235 2219
882 1559 1344 1613 2736 2726 2733 2234 2216
883 1558 1340 1621 2741 2721 2736 2238 2224
884 1561 1338 1617 2744 2723 2737 2232 2228
885 1557 1343 1617 2734 2723 2735 2237 2210
886 1558 1338 1616 2740 2724 2731 2232 2219
887 1555 1340 1621 2738 2731 2741 2241 2220
888 1554 1342 1618 2748 2721 2731 2235 2227
889 1549 1337 1620 2739 2724 2731 2235 2225
890 1554 1341 1612 2742 2726 2729 2231 2211
891 1549 1334 1621 2740 2716 2737 2236 2224
892 1551 1342 1615 2750 2723 2736 2239 2215
893 1557 1341 1612 2738 2729 2734 2233 2226
894 1555 1340 1620 2747 2723 2730 2235 2224
895 1551 1340 1618 2746 2725 2735 2233 2213
896 1546 1341 1614 2737 2721 2735 2238 2219
897 1549 1341 1615 2747 2722 2731 2234 2215
898 1547 1339 1613 2738 2722 2735 2232 2222
899 1551 1333 1615 2742 2725 2737 2235 2225
900 1553 1341 1616 2742 2719 2732 2237 2216
901 1552 1343 1621 2741 2719 2735 2239 2222
902 1547 1334 1612 2743 2723 2735 2234 2217
903 1545 1342 1615 2743 2721 2735 2235 2226
904 1556 1339 1617 2749 2722 2728 2234 2225
905 1558 1336 1618 2744 2719 2736 2238 2214
906 1556 1343 1621 2739 2722 2737 2236 2222
907 1551 1337 1616 2734 2727 2732 2233 2214
908 1558 1334 1621 2743 2719 2735 2236 2229
909 1549 1339 1616 2746 2727 2737 2234 2222
910 1548 1342 1620 2737 2723 2735 2241 2215
911 1552 1339 1616 2746 2722 2736 2231 2222
912 1551 1338 1621 2737 2728 2735 2236 2217
913 1559 1340 1622 2743 2724 2738 2235 2227
914 1550 1335 1617 2741 2720 2732 2237 2220
915 1549 1341 1612 2735 2723 2735 2235 2213
916 1553 1343 1619 2746 2724 2734 2233 2224
917 1550 1340 1617 2744 2715 2742 2235 2214
918 1555 1334 1616 2747 2725 2727 2234 2228
919 1552 1339 1613 2751 2722 2729 2240 2215
920 1554 1337 1618 2745 2721 2725 2234 2213
921 1549 1335 1614 2735 2721 2733 2233 2221
922 1549 1339 1619 2742 2721 2733 2234 2215
923 1548 1339 1622 2743 2720 2736 2235 2229
924 1558 1344 1614 2744 2724 2733 2240 2218
925 1553 1342 1611 2737 2730 2736 2232 2214
926 1556 1340 1609 2740 2717 2735 2237 2222
927 1557 1340 1610 2742 2721 2734 2231 2216
928 1553 1337 1607 2747 2720 2731 2241 2231
929 1554 1340 1618 2748 2723 2730 2233 2211
930 1551 1340 1614 2745 2726 2731 2234 2215
931 1550 1336 1616 2737 2721 2735 2236 2223
932 1555 1341 1614 2743 2722 2736 2235 2215
933 1550 1339 1607 2746 2724 2734 2240 2230
934 1550 1342 1618 2740 2722 2737 2233 2216
935 1548 1341 1612 2745 2717 2740 2236 2216
936 1547 1338 1621 2743 2722 2731 2234 2220
937 1546 1339 1616 2736 2726 2725 2239 2218
938 1539 1335 1614 2742 2720 2731 2235 2229
939 1553 1340 1618 2744 2730 2734 2235 2216
940 1559 1340 1617 2747 2727 2728 2233 2214
941 1554 1340 1616 2738 2721 2731 2234 2221
942 1549 1329 1615 2738 2728 2732 2237 2215
943 1547 1338 1619 2739 2721 2733 2233 2230
944 1561 1338 1615 2735 2727 2738 2230 2214
945 1552 1337 1616 2744 2722 2734 2234 2219
946 1557 1338 1618 2741 2719 2734 2237 2219
947 1571 1340 1617 2738 2717 2729 2238 2215
948 1563 1338 1617 2743 2719 2736 2233 2231
949 1562 1339 1617 2739 2722 2730 2237 2213
950 1547 1336 1613 2740 2725 2733 2233 2218
951 1551 1342 1614 2744 2730 2738 2241 2222
952 1550 1337 1619 2740 2723 2737 2232 2220
953 1552 1340 1615 2738 2722 2738 2234 2231
954 1556 1341 1614 2746 2733 2728 2234 2211
955 1549 1347 1621 2742 2721 2735 2239 2219
956 1544 1340 1613 2739 2723 2730 2238 2217
957 1547 1343 1610 2736 2724 2737 2235 2219
958 1549 1340 1616 2741 2721 2733 2232 2227
959 1549 1341 1615 2743 2720 2733 2231 2212
960 1552 1339 1616 2745 2721 2731 2236 2217
961 1547 1336 1619 2735 2723 2737 2236 2218
962 1561 1340 1619 2734 2726 2733 2232 2219
963 1554 1333 1615 2737 2724 2736 2235 2230
964 1546 1337 1614 2735 2723 2733 2233 2211
965 1552 1342 1621 2745 2722 2734 2243 2222
966 1552 1338 1612 2739 2720 2734 2233 2215
967 1555 1335 1616 2739 2715 2733 2234 2222
968 1551 1339 1621 2741 2730 2735 2232 2228
969 1552 1342 1617 2742 2722 2733 2239 2214
970 1550 1337 1624 2743 2717 2731 2236 2218
971 1548 1341 1618 2743 2722 2730 2235 2214
972 1548 1339 1619 2741 2722 2734 2236 2223
973 1559 1335 1615 2740 2719 2738 2231 2225
974 1553 1338 1612 2742 2715 2737 2239 2214
975 1553 1340 1619 2740 2727 2737 2230 2218
976 1556 1336 1620 2737 2722 2737 2236 2216
977 1562 1340 1618 2738 2720 2734 2229 2221
978 1560 1337 1620 2750 2725 2740 2237 2228
979 1559 1334 1610 2747 2722 2737 2236 2210
980 1545 1337 1613 2748 2722 2732 2232 2221
981 1552 1340 1610 2748 2723 2739 2237 2213
982 1555 1335 1619 2740 2722 2732 2236 2224
983 1557 1338 1620 2740 2726 2738 2240 2225
984 1546 1336 1608 2746 2726 2737 2232 2211
985 1552 1339 1617 2746 2720 2731 2235 2222
986 1554 1337 1621 2736 2725 2733 2233 2212
987 1547 1338 1610 2742 2724 2731 2238 2225
988 1550 1337 1620 2737 2732 2736 2238 2224
989 1545 1343 1621 2737 2722 2732 2233 2215
990 1541 1341 1620 2740 2727 2740 2234 2221
991 1547 1344 1618 2745 2730 2735 2235 2217
992 1546 1340 1610 2740 2722 2735 2236 2224
993 1554 1339 1617 2744 2723 2733 2237 2224
994 1549 1335 1610 2738 2720 2735 2233 2210
995 1549 1335 1614 2739 2722 2733 2234 2221
996 1542 1340 1620 2741 2724 2730 2234 2215
997 1546 1342 1607 2738 2727 2739 2240 2228
998 1558 1342 1615 2745 2718 2734 2227 2219
999 1561 1343 1612 2739 2721 2728 2236 2214
1000 1548 1342 1607 2734 2720 2733 2232 2220
1001 1559 1340 1616 2734 2726 2735 2239 2215
1002 1556 1341 1615 2745 2724 2726 2235 2228
1003 1553 1338 1615 2742 2723 2735 2234 2222
1004 1565 1338 1614 2740 2722 2736 2235 2213
1005 1553 1339 1615 2745 2725 2734 2236 2222
1006 1558 1333 1615 2743 2726 2735 2241 2213
1007 1558 1338 1614 2745 2720 2733 2233 2229
1008 1560 1339 1610 2746 2717 2732 2231 2218
1009 1556 1334 1618 2742 2728 2736 2235 2214
1010 1553 1342 1611 2740 2721 2738 2235 2217
1011 1555 1344 1617 2746 2724 2732 2237 2217
1012 1545 1342 1615 2743 2718 2738 2233 2233
1013 1548 1339 1618 2741 2717 2735 2233 2218
1014 1541 1335 1618 2739 2722 2730 2235 2215
1015 1549 1341 1607 2739 2726 2734 2235 2218
1016 1547 1342 1621 2742 2721 2733 2233 2217
1017 1553 1339 1613 2746 2717 2736 2230 2228
1018 1552 1341 1617 2748 2721 2734 2234 2219
1019 1547 1339 1616 2737 2723 2720 2207 2183
1020 1551 1336 1609 2711 2704 2717 2217 2199
1021 1553 1341 1622 2719 2720 2705 2214 2192
1022 1547 1334 1618 2709 2707 2726 2212 2205
1023 1547 1343 1613 2738 2713 2728 2216 2190
