0 1554 1328 1613 2714 2695 2709 2187 2174
1 1560 1336 1615 2719 2693 2706 2182 2164
2 1548 1336 1607 2715 2697 2710 2189 2164
3 1559 1334 1615 2703 2682 2705 2171 2156
4 1555 1332 1611 2716 2693 2707 2180 2166
5 1545 1333 1608 2713 2686 2710 2186 2169
6 1555 1338 1615 2718 2700 2717 2182 2162
7 1555 1335 1605 2716 2697 2702 2185 2168
8 1547 1333 1609 2714 2689 2695 2186 2167
9 1551 1334 1615 2711 2694 2712 2188 2171
10 1557 1332 1609 2710 2699 2705 2181 2168
11 1554 1330 1609 2701 2702 2706 2180 2176
12 1552 1324 1618 2713 2693 2707 2180 2167
13 1541 1328 1613 2699 2687 2703 2184 2183
14 1548 1334 1614 2711 2688 2695 2178 2171
15 1545 1327 1611 2717 2686 2694 2172 2172
16 1541 1336 1612 2716 2693 2693 2165 2162
17 1544 1338 1609 2706 2692 2717 2182 2176
18 1545 1333 1607 2721 2698 2716 2186 2170
19 1547 1332 1612 2715 2701 2705 2188 2170
20 1553 1329 1608 2714 2699 2714 2190 2169
21 1552 1331 1609 2710 2691 2704 2181 2158
22 1551 1333 1609 2722 2697 2714 2193 2173
23 1546 1336 1613 2719 2692 2701 2184 2161
24 1550 1332 1613 2715 2690 2705 2190 2175
25 1551 1328 1615 2708 2706 2711 2188 2175
26 1545 1333 1610 2725 2698 2706 2182 2179
27 1550 1336 1613 2714 2690 2711 2188 2179
28 1553 1327 1599 2708 2704 2716 2186 2190
29 1544 1337 1610 2728 2703 2721 2188 2176
30 1548 1336 1611 2715 2689 2708 2194 2193
31 1556 1333 1607 2705 2698 2708 2187 2174
32 1557 1335 1607 2719 2698 2709 2186 2185
33 1552 1329 1614 2723 2691 2702 2190 2177
34 1545 1335 1605 2712 2689 2714 2190 2176
35 1553 1331 1605 2707 2700 2716 2193 2176
36 1550 1327 1612 2719 2695 2708 2177 2164
37 1553 1330 1603 2707 2689 2701 2187 2172
38 1554 1329 1613 2701 2686 2698 2179 2167
39 1553 1333 1609 2726 2691 2702 2182 2182
40 1548 1334 1604 2705 2687 2711 2178 2158
41 1556 1331 1609 2710 2705 2724 2188 2180
42 1540 1333 1612 2728 2702 2711 2181 2179
43 1536 1331 1602 2722 2701 2719 2198 2220
44 1546 1329 1610 2726 2712 2725 2201 2202
45 1543 1330 1608 2720 2712 2728 2198 2207
46 1548 1324 1602 2712 2704 2704 2180 2206
47 1537 1321 1603 2733 2691 2726 2193 2209
48 1537 1318 1605 2735 2692 2710 2162 2179
49 1535 1322 1617 2720 2695 2717 2178 2215
50 1536 1324 1616 2723 2708 2717 2180 2203
51 1533 1330 1621 2726 2714 2722 2186 2215
52 1526 1331 1625 2718 2690 2719 2154 2197
53 1519 1334 1624 2719 2697 2741 2179 2214
54 1516 1333 1619 2713 2688 2738 2175 2206
55 1517 1329 1611 2732 2708 2744 2184 2220
56 1516 1340 1611 2715 2707 2735 2191 2248
57 1513 1347 1621 2727 2713 2748 2189 2235
58 1509 1339 1624 2708 2703 2748 2180 2232
59 1511 1348 1619 2702 2695 2750 2184 2231
60 1503 1341 1625 2723 2698 2766 2200 2251
61 1515 1347 1615 2720 2703 2779 2207 2257
62 1508 1343 1622 2729 2689 2790 2190 2279
63 1518 1334 1613 2703 2685 2779 2161 2256
64 1507 1333 1620 2711 2698 2803 2183 2275
65 1504 1330 1615 2731 2715 2811 2189 2289
66 1489 1313 1608 2733 2699 2821 2185 2339
67 1492 1303 1602 2707 2712 2795 2151 2372
68 1486 1284 1604 2721 2712 2838 2121 2374
69 1488 1263 1601 2700 2726 2854 2144 2411
70 1475 1262 1606 2744 2738 2857 2207 2471
71 1459 1221 1611 2701 2768 2902 2169 2554
72 1442 1182 1595 2710 2737 2912 2086 2571
73 1418 1156 1594 2745 2746 2905 2047 2626
74 1409 1099 1591 2749 2734 2897 2073 2727
75 1393 1072 1589 2714 2751 2891 2089 2826
76 1377 1058 1566 2732 2727 2917 2035 2888
77 1388 1054 1560 2730 2731 2900 1963 2899
78 1408 1066 1559 2727 2727 2937 1954 2870
79 1420 1080 1590 2765 2744 2956 1965 2851
80 1434 1133 1614 2719 2725 2937 1970 2831
81 1454 1183 1624 2712 2763 3011 2002 2821
82 1484 1239 1614 2747 2763 2960 2044 2789
83 1526 1279 1620 2730 2770 3006 2107 2687
84 1565 1324 1617 2725 2757 2981 2155 2563
85 1613 1350 1594 2702 2769 2975 2113 2457
86 1646 1361 1580 2700 2770 2998 2084 2419
87 1667 1363 1581 2714 2754 2997 2090 2332
88 1701 1363 1583 2716 2751 3036 2156 2246
89 1700 1363 1586 2715 2731 2981 2147 2203
90 1700 1373 1580 2735 2763 3049 2121 2188
91 1705 1363 1580 2737 2795 3052 2073 2159
92 1688 1353 1587 2673 2732 3047 2044 2138
93 1685 1350 1595 2697 2757 2999 2031 2096
94 1672 1334 1591 2750 2752 3014 2033 2104
95 1655 1322 1581 2735 2754 3070 2024 2156
96 1635 1298 1594 2731 2775 3027 1992 2223
97 1646 1302 1588 2724 2727 3030 2001 2222
98 1635 1292 1573 2714 2763 3006 1956 2265
99 1614 1267 1576 2746 2771 3040 1883 2286
100 1618 1285 1588 2761 2793 3035 1921 2239
101 1602 1296 1625 2730 2766 3015 1977 2225
102 1587 1321 1649 2702 2768 3034 2007 2255
103 1559 1339 1656 2728 2746 3010 2011 2322
104 1548 1344 1665 2735 2744 3011 2047 2298
105 1554 1334 1649 2739 2790 2978 2100 2242
106 1549 1321 1617 2714 2782 3010 2094 2152
107 1540 1306 1606 2701 2797 2985 2056 2141
108 1512 1289 1595 2713 2751 3001 2009 2166
109 1500 1287 1590 2740 2787 3002 2038 2230
110 1498 1285 1591 2725 2786 3037 2085 2260
111 1486 1273 1606 2701 2793 2989 2082 2336
112 1480 1271 1620 2712 2731 3000 2053 2369
113 1494 1288 1633 2727 2706 2989 2017 2318
114 1520 1313 1644 2691 2728 3009 1979 2239
115 1532 1319 1635 2741 2767 2972 1969 2253
116 1530 1326 1631 2743 2756 2988 1935 2265
117 1535 1343 1635 2747 2771 2980 1927 2255
118 1548 1364 1639 2704 2768 2970 1946 2240
119 1556 1384 1640 2692 2745 2976 2021 2250
120 1564 1394 1641 2726 2726 2974 2015 2275
121 1570 1406 1645 2711 2725 2967 2003 2281
122 1586 1414 1644 2718 2764 2948 1977 2208
123 1600 1409 1637 2715 2767 2987 1992 2126
124 1608 1413 1630 2723 2724 2909 1989 2073
125 1610 1432 1634 2697 2755 2956 1975 2088
126 1587 1425 1636 2721 2726 2942 1975 2116
127 1608 1447 1641 2707 2781 2980 2022 2085
128 1602 1424 1636 2704 2703 2905 2033 2082
129 1605 1412 1652 2720 2685 2925 2032 2076
130 1614 1396 1660 2736 2694 2953 2061 2089
131 1611 1365 1648 2738 2686 2908 2040 2126
132 1611 1332 1640 2733 2702 2899 2070 2093
133 1614 1348 1638 2739 2745 2893 2049 2032
134 1593 1365 1643 2702 2731 2897 2056 2009
135 1593 1377 1636 2725 2705 2876 2060 2086
136 1583 1383 1639 2719 2669 2886 2034 2169
137 1579 1345 1642 2728 2664 2895 2041 2198
138 1594 1330 1628 2701 2738 2872 2055 2114
139 1594 1310 1639 2711 2669 2874 2055 2080
140 1595 1313 1633 2719 2617 2852 2058 2110
141 1590 1322 1620 2711 2577 2879 2076 2207
142 1578 1328 1625 2716 2547 2865 2054 2244
143 1577 1334 1632 2697 2526 2861 2092 2237
144 1584 1336 1634 2693 2501 2846 2124 2178
145 1579 1349 1640 2707 2471 2817 2101 2175
146 1585 1359 1634 2708 2458 2815 2079 2138
147 1588 1368 1634 2725 2491 2821 2066 2147
148 1593 1367 1645 2721 2550 2829 2118 2139
149 1598 1385 1646 2721 2596 2790 2150 2138
150 1598 1395 1642 2729 2708 2801 2154 2137
151 1605 1393 1637 2728 2708 2792 2139 2132
152 1615 1399 1644 2713 2701 2769 2159 2127
153 1621 1409 1635 2712 2708 2783 2143 2108
154 1630 1409 1635 2714 2694 2770 2156 2104
155 1633 1417 1650 2707 2699 2771 2185 2128
156 1645 1428 1652 2725 2658 2734 2166 2116
157 1649 1430 1655 2715 2650 2755 2178 2112
158 1649 1441 1657 2715 2628 2741 2188 2113
159 1658 1438 1652 2703 2596 2730 2208 2095
160 1657 1435 1657 2724 2587 2725 2213 2110
161 1661 1443 1644 2723 2599 2722 2233 2108
162 1660 1438 1652 2720 2598 2739 2226 2093
163 1665 1440 1654 2709 2667 2734 2255 2073
164 1660 1430 1659 2704 2659 2723 2259 2073
165 1648 1428 1662 2725 2666 2724 2274 2073
166 1657 1433 1644 2717 2645 2724 2281 2078
167 1649 1418 1657 2720 2627 2737 2302 2087
168 1651 1425 1649 2727 2635 2725 2303 2060
169 1635 1419 1657 2724 2639 2734 2304 2060
170 1621 1415 1657 2704 2640 2728 2315 2071
171 1611 1405 1655 2723 2641 2733 2329 2095
172 1611 1399 1651 2716 2634 2740 2335 2091
173 1598 1379 1654 2732 2633 2727 2334 2099
174 1590 1378 1655 2729 2637 2733 2333 2092
175 1578 1358 1656 2725 2640 2725 2333 2118
176 1570 1358 1652 2731 2641 2712 2319 2110
177 1563 1346 1644 2722 2636 2717 2319 2135
178 1558 1339 1650 2711 2631 2718 2322 2139
179 1549 1327 1650 2727 2633 2721 2321 2160
180 1544 1310 1649 2720 2634 2718 2320 2173
181 1539 1304 1643 2707 2636 2735 2329 2198
182 1538 1308 1648 2733 2641 2715 2326 2197
183 1539 1304 1649 2730 2644 2724 2329 2225
184 1527 1308 1649 2733 2645 2719 2324 2240
185 1526 1321 1640 2698 2642 2707 2318 2232
186 1536 1320 1640 2717 2635 2694 2323 2256
187 1540 1317 1650 2714 2629 2699 2312 2242
188 1549 1336 1638 2704 2629 2694 2315 2258
189 1567 1329 1638 2714 2631 2697 2329 2262
190 1580 1342 1629 2693 2628 2692 2332 2263
191 1589 1345 1634 2710 2640 2696 2319 2232
192 1602 1361 1633 2710 2634 2691 2313 2227
193 1602 1363 1652 2713 2620 2679 2309 2209
194 1610 1380 1656 2715 2592 2676 2315 2195
195 1618 1382 1663 2712 2554 2685 2347 2172
196 1620 1391 1662 2712 2517 2659 2351 2145
197 1626 1387 1658 2713 2486 2653 2339 2124
198 1623 1387 1652 2705 2443 2643 2330 2090
199 1623 1380 1645 2692 2402 2651 2331 2069
200 1620 1375 1646 2700 2371 2638 2353 2072
201 1608 1369 1642 2709 2353 2641 2345 2083
202 1600 1359 1630 2686 2332 2642 2328 2079
203 1590 1341 1644 2700 2316 2605 2311 2083
204 1586 1335 1642 2694 2295 2636 2325 2093
205 1580 1311 1640 2694 2278 2615 2322 2111
206 1569 1305 1633 2700 2265 2620 2337 2135
207 1569 1286 1628 2699 2273 2610 2333 2154
208 1559 1288 1627 2679 2297 2609 2326 2130
209 1555 1279 1629 2691 2370 2598 2314 2138
210 1548 1283 1617 2695 2443 2611 2308 2153
211 1543 1282 1628 2693 2481 2594 2321 2167
212 1545 1281 1623 2693 2468 2585 2309 2175
213 1547 1284 1626 2700 2463 2596 2298 2157
214 1558 1295 1627 2712 2484 2582 2306 2131
215 1561 1304 1628 2713 2496 2580 2289 2084
216 1556 1309 1628 2702 2535 2583 2295 2111
217 1556 1301 1627 2688 2548 2607 2274 2106
218 1566 1315 1628 2691 2549 2595 2287 2094
219 1577 1316 1633 2690 2551 2599 2294 2072
220 1577 1324 1636 2704 2562 2599 2298 2083
221 1578 1330 1632 2693 2552 2601 2298 2101
222 1570 1326 1634 2698 2563 2594 2285 2096
223 1573 1333 1635 2712 2559 2606 2287 2064
224 1572 1339 1631 2688 2557 2588 2275 2069
225 1583 1339 1623 2698 2561 2591 2259 2069
226 1573 1331 1633 2696 2560 2583 2265 2069
227 1567 1343 1632 2677 2563 2595 2283 2063
228 1577 1341 1628 2674 2558 2625 2276 2068
229 1573 1335 1634 2676 2565 2584 2277 2052
230 1574 1340 1629 2699 2566 2605 2272 2064
231 1573 1337 1628 2696 2557 2586 2282 2071
232 1563 1329 1634 2689 2562 2610 2275 2062
233 1566 1333 1624 2701 2567 2610 2278 2083
234 1561 1332 1629 2697 2567 2614 2289 2079
235 1553 1331 1622 2708 2575 2616 2289 2105
236 1554 1324 1626 2703 2566 2596 2262 2090
237 1549 1316 1635 2698 2572 2592 2258 2108
238 1547 1321 1633 2705 2570 2600 2271 2112
239 1547 1316 1629 2705 2574 2625 2284 2126
240 1549 1315 1619 2692 2572 2602 2293 2130
241 1551 1317 1624 2694 2568 2618 2277 2148
242 1550 1314 1626 2707 2571 2615 2274 2125
243 1547 1321 1626 2712 2577 2608 2288 2129
244 1545 1325 1621 2690 2563 2611 2277 2147
245 1554 1321 1620 2693 2564 2608 2265 2144
246 1559 1311 1623 2716 2567 2600 2249 2146
247 1557 1313 1619 2700 2574 2609 2260 2162
248 1557 1312 1622 2695 2568 2620 2265 2183
249 1551 1310 1620 2689 2571 2629 2247 2186
250 1559 1300 1622 2683 2574 2630 2255 2219
251 1563 1302 1622 2707 2589 2635 2264 2217
252 1562 1294 1631 2706 2583 2620 2270 2230
253 1570 1298 1626 2703 2577 2619 2280 2235
254 1558 1304 1631 2708 2579 2609 2265 2235
255 1573 1305 1613 2698 2571 2613 2272 2231
256 1574 1312 1606 2712 2582 2628 2280 2241
257 1578 1317 1604 2691 2570 2607 2258 2200
258 1572 1322 1609 2702 2565 2597 2264 2199
259 1575 1332 1611 2686 2564 2615 2253 2173
260 1578 1332 1615 2700 2571 2627 2259 2157
261 1579 1339 1623 2697 2581 2621 2265 2174
262 1571 1337 1642 2702 2579 2621 2269 2183
263 1575 1346 1639 2695 2570 2611 2251 2166
264 1583 1336 1629 2701 2566 2618 2258 2134
265 1583 1341 1629 2715 2573 2615 2264 2140
266 1581 1337 1625 2693 2571 2625 2255 2110
267 1592 1334 1609 2699 2579 2633 2246 2121
268 1580 1339 1619 2710 2583 2626 2250 2098
269 1590 1331 1619 2706 2586 2637 2251 2122
270 1588 1321 1612 2697 2574 2628 2253 2120
271 1578 1326 1623 2709 2590 2633 2263 2126
272 1576 1321 1625 2698 2581 2623 2258 2120
273 1576 1321 1621 2708 2585 2623 2267 2129
274 1571 1320 1624 2712 2581 2637 2271 2118
275 1566 1320 1626 2705 2574 2635 2260 2107
276 1555 1317 1623 2699 2568 2646 2265 2112
277 1559 1312 1630 2701 2570 2631 2255 2115
278 1554 1311 1627 2707 2562 2635 2249 2110
279 1558 1311 1623 2697 2565 2628 2246 2108
280 1562 1312 1623 2704 2557 2642 2235 2107
281 1565 1320 1621 2706 2548 2642 2226 2096
282 1559 1320 1626 2700 2545 2641 2242 2123
283 1559 1317 1621 2700 2515 2636 2242 2121
284 1555 1323 1624 2707 2480 2661 2259 2147
285 1558 1324 1627 2711 2446 2650 2255 2122
286 1547 1330 1628 2707 2421 2639 2252 2142
287 1549 1326 1624 2711 2410 2654 2263 2148
288 1549 1334 1634 2708 2408 2642 2254 2148
289 1556 1335 1622 2708 2411 2646 2262 2143
290 1548 1340 1630 2721 2401 2630 2268 2146
291 1554 1343 1626 2710 2391 2653 2256 2148
292 1548 1341 1621 2704 2382 2638 2240 2150
293 1551 1339 1620 2713 2377 2636 2238 2152
294 1551 1334 1618 2714 2377 2638 2227 2169
295 1560 1328 1613 2706 2392 2661 2232 2190
296 1561 1308 1614 2707 2418 2642 2223 2177
297 1574 1294 1617 2704 2480 2650 2224 2199
298 1580 1275 1623 2691 2519 2663 2211 2179
299 1587 1287 1622 2702 2538 2665 2233 2193
300 1570 1286 1608 2710 2553 2680 2209 2189
301 1576 1309 1609 2720 2569 2657 2212 2199
302 1568 1300 1606 2712 2565 2656 2210 2209
303 1584 1310 1606 2714 2600 2677 2223 2210
304 1592 1308 1604 2715 2656 2678 2229 2161
305 1596 1312 1617 2728 2664 2676 2212 2145
306 1589 1313 1618 2714 2665 2687 2228 2138
307 1588 1313 1618 2731 2646 2684 2236 2125
308 1579 1305 1619 2719 2665 2679 2245 2128
309 1574 1306 1619 2721 2620 2678 2241 2125
310 1579 1314 1609 2719 2617 2679 2249 2103
311 1578 1317 1611 2708 2613 2683 2234 2088
312 1574 1325 1613 2718 2619 2670 2217 2102
313 1562 1332 1624 2719 2627 2678 2236 2116
314 1561 1323 1627 2720 2626 2691 2251 2139
315 1557 1327 1623 2714 2627 2677 2240 2104
316 1550 1331 1621 2715 2628 2695 2256 2143
317 1544 1334 1621 2726 2630 2691 2254 2144
318 1540 1336 1619 2725 2633 2681 2237 2167
319 1541 1332 1612 2725 2629 2681 2241 2169
320 1540 1321 1626 2725 2636 2697 2234 2186
321 1536 1321 1624 2725 2627 2654 2211 2177
322 1540 1319 1618 2706 2630 2690 2220 2215
323 1544 1307 1611 2725 2635 2695 2226 2204
324 1545 1317 1615 2707 2628 2677 2206 2196
325 1547 1313 1617 2724 2629 2686 2203 2204
326 1559 1315 1610 2698 2628 2686 2215 2229
327 1552 1325 1618 2701 2625 2708 2206 2224
328 1557 1309 1612 2714 2628 2700 2209 2193
329 1561 1321 1624 2704 2634 2690 2194 2121
330 1552 1328 1618 2723 2636 2699 2221 2122
331 1529 1336 1629 2715 2634 2695 2228 2152
332 1518 1336 1637 2712 2637 2693 2226 2166
333 1513 1331 1638 2700 2635 2700 2228 2170
334 1493 1332 1638 2708 2638 2693 2210 2181
335 1498 1322 1628 2720 2641 2695 2208 2234
336 1498 1309 1615 2721 2637 2698 2208 2233
337 1512 1301 1607 2727 2641 2713 2194 2232
338 1524 1298 1609 2724 2645 2705 2179 2221
339 1532 1291 1614 2724 2647 2709 2195 2252
340 1541 1291 1616 2718 2649 2696 2195 2256
341 1555 1300 1616 2721 2653 2716 2180 2253
342 1569 1296 1611 2707 2656 2721 2190 2230
343 1569 1313 1616 2728 2677 2708 2164 2195
344 1584 1313 1615 2715 2688 2708 2185 2218
345 1584 1333 1609 2724 2700 2712 2208 2203
346 1591 1340 1610 2725 2704 2719 2208 2184
347 1601 1341 1615 2729 2706 2716 2192 2131
348 1597 1336 1616 2718 2696 2718 2207 2142
349 1596 1345 1617 2702 2686 2700 2205 2116
350 1586 1344 1621 2719 2709 2716 2219 2134
351 1585 1335 1621 2720 2686 2703 2215 2113
352 1583 1336 1613 2723 2697 2704 2214 2121
353 1572 1337 1616 2705 2695 2713 2203 2114
354 1574 1327 1605 2710 2682 2714 2209 2116
355 1561 1327 1616 2705 2693 2708 2196 2127
356 1565 1326 1613 2711 2697 2717 2199 2136
357 1560 1323 1613 2727 2703 2712 2193 2132
358 1558 1325 1611 2724 2701 2706 2194 2133
359 1552 1327 1623 2719 2713 2719 2194 2140
360 1557 1317 1620 2723 2704 2717 2201 2151
361 1548 1326 1617 2712 2695 2724 2209 2151
362 1561 1320 1611 2704 2688 2705 2185 2137
363 1559 1323 1619 2706 2688 2714 2209 2168
364 1554 1327 1626 2734 2710 2720 2191 2140
365 1560 1326 1618 2703 2711 2718 2203 2168
366 1555 1321 1629 2709 2703 2716 2199 2165
367 1553 1328 1625 2727 2712 2721 2209 2171
368 1563 1325 1622 2715 2691 2721 2193 2160
369 1556 1322 1626 2711 2704 2715 2210 2161
370 1561 1328 1619 2702 2701 2708 2201 2162
371 1557 1322 1624 2731 2710 2712 2199 2172
372 1550 1324 1620 2722 2707 2731 2217 2184
373 1549 1321 1618 2718 2707 2722 2211 2186
374 1557 1325 1610 2709 2683 2705 2192 2184
375 1557 1327 1611 2715 2693 2717 2198 2184
376 1559 1323 1625 2718 2709 2716 2194 2192
377 1556 1325 1620 2720 2703 2715 2191 2188
378 1558 1326 1623 2719 2698 2726 2206 2198
379 1569 1329 1616 2716 2707 2710 2178 2172
380 1568 1327 1613 2723 2702 2703 2199 2196
381 1566 1330 1619 2719 2701 2720 2202 2185
382 1570 1324 1607 2705 2681 2705 2184 2183
383 1568 1325 1612 2724 2684 2711 2197 2169
384 1572 1323 1614 2717 2693 2710 2203 2170
385 1567 1323 1617 2724 2695 2720 2218 2173
386 1572 1326 1616 2726 2710 2716 2207 2168
387 1559 1332 1618 2724 2707 2727 2221 2176
388 1568 1328 1615 2727 2708 2722 2212 2175
389 1551 1327 1617 2726 2713 2723 2196 2144
390 1550 1330 1616 2717 2703 2696 2199 2151
391 1565 1332 1613 2727 2708 2720 2187 2150
392 1563 1326 1611 2702 2701 2713 2198 2154
393 1559 1329 1609 2700 2693 2713 2194 2161
394 1556 1328 1618 2729 2668 2726 2214 2174
395 1556 1326 1616 2726 2652 2723 2213 2172
396 1554 1325 1615 2716 2631 2720 2205 2163
397 1556 1331 1612 2708 2627 2715 2196 2185
398 1557 1325 1617 2712 2637 2701 2196 2171
399 1561 1327 1614 2711 2637 2723 2193 2172
400 1566 1325 1609 2703 2636 2728 2207 2185
401 1556 1328 1609 2723 2640 2714 2210 2186
402 1561 1333 1616 2730 2638 2726 2212 2177
403 1554 1329 1612 2725 2632 2727 2216 2175
404 1551 1318 1610 2729 2627 2710 2212 2154
405 1561 1321 1617 2723 2625 2722 2203 2145
406 1557 1331 1619 2703 2627 2723 2196 2144
407 1566 1325 1610 2714 2635 2716 2208 2143
408 1560 1323 1614 2719 2644 2730 2203 2174
409 1558 1321 1611 2721 2653 2732 2221 2168
410 1551 1326 1613 2731 2655 2717 2212 2176
411 1559 1333 1606 2718 2650 2715 2195 2154
412 1556 1336 1613 2725 2640 2710 2197 2153
413 1561 1326 1614 2717 2634 2714 2194 2154
414 1554 1328 1614 2718 2634 2718 2198 2170
415 1560 1328 1610 2713 2636 2705 2192 2160
416 1566 1319 1612 2721 2640 2708 2180 2163
417 1567 1316 1611 2722 2649 2720 2195 2163
418 1571 1315 1607 2719 2648 2718 2202 2176
419 1569 1324 1604 2724 2649 2714 2190 2157
420 1573 1322 1602 2713 2645 2701 2192 2151
421 1564 1317 1615 2720 2644 2716 2193 2130
422 1567 1328 1609 2726 2643 2719 2209 2132
423 1561 1334 1614 2715 2646 2716 2201 2135
424 1566 1336 1610 2729 2647 2722 2213 2149
425 1558 1333 1612 2710 2646 2717 2208 2149
426 1552 1327 1617 2723 2646 2727 2209 2146
427 1561 1325 1608 2716 2645 2730 2204 2165
428 1549 1323 1612 2735 2644 2722 2197 2163
429 1562 1321 1608 2724 2636 2708 2187 2171
430 1562 1326 1612 2723 2634 2716 2196 2166
431 1566 1324 1608 2723 2632 2717 2206 2180
432 1558 1318 1610 2706 2629 2733 2198 2154
433 1561 1329 1613 2728 2639 2725 2211 2173
434 1564 1323 1614 2731 2645 2728 2207 2161
435 1565 1328 1614 2719 2646 2728 2204 2157
436 1560 1330 1610 2731 2647 2718 2212 2158
437 1556 1327 1611 2706 2638 2725 2194 2143
438 1559 1329 1609 2721 2638 2719 2213 2162
439 1560 1327 1607 2728 2641 2724 2205 2157
440 1561 1325 1611 2723 2636 2720 2203 2149
441 1561 1323 1615 2725 2637 2709 2197 2160
442 1560 1326 1615 2720 2639 2707 2187 2168
443 1551 1325 1618 2721 2640 2720 2189 2160
444 1557 1319 1616 2721 2644 2709 2187 2173
445 1554 1325 1624 2711 2643 2715 2186 2156
446 1559 1331 1612 2699 2644 2721 2198 2181
447 1558 1330 1611 2729 2648 2725 2201 2170
448 1550 1332 1617 2701 2644 2717 2193 2180
449 1546 1332 1618 2714 2642 2731 2207 2185
450 1543 1329 1622 2723 2653 2714 2193 2181
451 1549 1324 1623 2703 2652 2725 2191 2181
452 1551 1325 1621 2716 2656 2725 2201 2191
453 1551 1326 1609 2726 2657 2722 2200 2185
454 1558 1324 1619 2723 2658 2726 2195 2188
455 1550 1330 1615 2727 2665 2719 2208 2194
456 1556 1333 1615 2722 2659 2733 2210 2194
457 1560 1331 1612 2726 2667 2725 2208 2202
458 1550 1337 1622 2731 2663 2701 2188 2173
459 1551 1335 1612 2726 2665 2727 2208 2206
460 1555 1332 1617 2730 2676 2727 2205 2191
461 1565 1332 1618 2715 2671 2729 2208 2199
462 1566 1331 1611 2706 2665 2702 2207 2188
463 1551 1334 1615 2702 2671 2727 2196 2206
464 1562 1331 1615 2726 2679 2716 2206 2196
465 1569 1331 1611 2711 2678 2729 2213 2206
466 1563 1323 1606 2729 2678 2729 2210 2194
467 1560 1330 1607 2723 2677 2719 2200 2191
468 1560 1322 1618 2723 2687 2713 2203 2173
469 1554 1334 1613 2726 2685 2725 2206 2177
470 1557 1328 1608 2709 2686 2731 2201 2179
471 1556 1324 1619 2692 2694 2725 2210 2177
472 1555 1334 1611 2727 2690 2729 2204 2182
473 1547 1330 1610 2706 2695 2729 2196 2174
474 1557 1330 1605 2727 2700 2704 2203 2183
475 1562 1320 1613 2708 2690 2723 2199 2182
476 1560 1330 1613 2732 2710 2726 2190 2179
477 1563 1319 1603 2719 2695 2732 2206 2184
478 1560 1322 1616 2724 2711 2727 2209 2187
479 1557 1326 1617 2727 2710 2723 2208 2186
480 1545 1337 1620 2729 2712 2723 2217 2196
481 1546 1332 1610 2728 2706 2727 2205 2191
482 1549 1331 1603 2714 2690 2726 2209 2194
483 1554 1327 1614 2731 2703 2701 2186 2172
484 1558 1333 1613 2725 2702 2717 2196 2179
485 1546 1332 1615 2711 2689 2715 2198 2169
486 1555 1330 1608 2713 2685 2713 2193 2172
487 1552 1326 1616 2710 2696 2724 2200 2172
488 1563 1330 1611 2697 2693 2719 2201 2178
489 1559 1328 1617 2712 2692 2704 2188 2171
490 1549 1338 1614 2723 2706 2724 2200 2168
491 1561 1334 1607 2726 2706 2724 2204 2169
492 1561 1337 1608 2724 2715 2730 2212 2185
493 1562 1333 1607 2718 2707 2731 2213 2200
494 1567 1332 1609 2726 2678 2725 2205 2190
495 1558 1328 1614 2732 2712 2728 2201 2185
496 1557 1328 1613 2718 2703 2721 2208 2187
497 1556 1324 1616 2730 2713 2719 2210 2197
498 1555 1324 1615 2709 2690 2726 2202 2181
499 1562 1327 1604 2729 2709 2724 2188 2174
500 1556 1324 1615 2702 2688 2709 2197 2171
501 1559 1323 1608 2719 2690 2728 2199 2170
502 1546 1322 1614 2716 2703 2725 2199 2159
503 1557 1330 1613 2710 2696 2722 2200 2163
504 1555 1329 1607 2707 2700 2728 2194 2168
505 1552 1329 1609 2729 2696 2720 2186 2157
506 1559 1323 1613 2721 2709 2704 2202 2178
507 1561 1329 1608 2700 2702 2711 2194 2167
508 1555 1328 1614 2718 2704 2726 2197 2186
509 1561 1335 1613 2718 2705 2716 2201 2183
510 1552 1339 1612 2729 2711 2729 2206 2195
511 1553 1326 1615 2721 2705 2727 2210 2190
512 1557 1332 1606 2725 2708 2725 2210 2195
513 1561 1334 1608 2728 2700 2722 2211 2188
514 1554 1336 1615 2731 2713 2726 2216 2195
515 1546 1339 1614 2729 2706 2721 2213 2179
516 1548 1333 1616 2730 2706 2713 2198 2173
517 1555 1333 1605 2701 2706 2719 2209 2171
518 1559 1336 1612 2714 2698 2732 2193 2156
519 1562 1325 1611 2729 2704 2717 2204 2161
520 1561 1330 1608 2726 2684 2729 2190 2151
521 1563 1324 1613 2718 2695 2727 2191 2161
522 1558 1323 1618 2717 2715 2727 2191 2156
523 1560 1324 1620 2712 2703 2719 2194 2184
524 1562 1328 1620 2703 2692 2714 2192 2167
525 1559 1324 1622 2716 2699 2717 2180 2171
526 1562 1328 1612 2716 2690 2712 2197 2170
527 1560 1331 1609 2712 2701 2714 2201 2196
528 1551 1329 1619 2726 2711 2717 2211 2183
529 1561 1326 1607 2725 2704 2714 2197 2178
530 1568 1333 1612 2728 2706 2705 2204 2169
531 1562 1331 1610 2716 2696 2717 2194 2162
532 1567 1333 1608 2727 2710 2716 2200 2171
533 1563 1333 1615 2724 2704 2710 2188 2156
534 1562 1334 1621 2725 2711 2726 2207 2171
535 1559 1332 1608 2710 2699 2716 2190 2155
536 1561 1329 1612 2712 2656 2717 2192 2164
537 1556 1323 1616 2720 2635 2706 2202 2163
538 1564 1333 1614 2719 2636 2722 2200 2176
539 1561 1326 1618 2724 2637 2722 2205 2171
540 1557 1329 1618 2722 2638 2732 2207 2188
541 1552 1332 1604 2720 2641 2726 2212 2181
542 1562 1331 1613 2715 2634 2713 2205 2189
543 1565 1324 1610 2722 2617 2724 2207 2182
544 1550 1327 1609 2728 2644 2726 2195 2181
545 1557 1329 1610 2731 2628 2713 2202 2176
546 1557 1330 1605 2722 2622 2730 2208 2182
547 1560 1323 1611 2717 2609 2728 2191 2168
548 1551 1323 1612 2723 2583 2732 2214 2175
549 1553 1333 1617 2720 2562 2720 2192 2156
550 1558 1332 1609 2710 2538 2728 2205 2170
551 1558 1328 1614 2728 2521 2700 2184 2148
552 1563 1328 1617 2713 2498 2721 2201 2160
553 1555 1325 1617 2734 2606 2720 2207 2162
554 1551 1330 1612 2704 2653 2718 2199 2166
555 1554 1324 1614 2727 2658 2719 2189 2169
556 1563 1332 1609 2703 2651 2724 2194 2155
557 1562 1332 1606 2709 2697 2722 2201 2178
558 1549 1334 1612 2704 2681 2706 2190 2172
559 1561 1330 1604 2727 2700 2711 2202 2185
560 1558 1326 1610 2725 2701 2722 2197 2169
561 1560 1333 1612 2735 2695 2722 2209 2181
562 1556 1333 1603 2716 2701 2724 2202 2171
563 1555 1322 1614 2705 2693 2726 2203 2174
564 1554 1332 1615 2734 2703 2721 2205 2169
565 1561 1329 1610 2715 2699 2730 2202 2171
566 1554 1331 1611 2726 2704 2705 2201 2172
567 1545 1337 1606 2703 2700 2730 2202 2167
568 1557 1336 1606 2719 2657 2711 2206 2171
569 1555 1332 1602 2710 2653 2727 2204 2170
570 1558 1326 1603 2717 2643 2723 2206 2173
571 1558 1324 1605 2716 2600 2728 2207 2169
572 1555 1324 1616 2718 2570 2725 2207 2177
573 1554 1325 1614 2723 2563 2723 2200 2172
574 1546 1331 1614 2726 2614 2722 2203 2189
575 1552 1331 1609 2725 2645 2709 2194 2176
576 1553 1336 1606 2721 2648 2722 2203 2191
577 1553 1330 1612 2714 2648 2703 2195 2175
578 1541 1338 1614 2732 2646 2723 2199 2180
579 1545 1336 1608 2708 2643 2730 2210 2174
580 1540 1335 1614 2725 2631 2707 2197 2170
581 1555 1324 1615 2715 2641 2721 2208 2169
582 1552 1334 1608 2730 2643 2716 2199 2160
583 1553 1333 1607 2720 2640 2727 2207 2166
584 1553 1329 1606 2708 2646 2723 2206 2170
585 1548 1333 1615 2729 2663 2714 2205 2175
586 1555 1333 1609 2715 2659 2721 2199 2168
587 1544 1332 1611 2730 2659 2705 2197 2182
588 1551 1326 1615 2725 2656 2711 2200 2168
589 1557 1332 1613 2713 2659 2729 2202 2184
590 1561 1330 1608 2721 2675 2714 2205 2181
591 1559 1331 1616 2718 2699 2724 2202 2187
592 1555 1332 1611 2723 2709 2720 2203 2169
593 1557 1335 1617 2730 2703 2714 2204 2185
594 1552 1326 1614 2716 2702 2720 2206 2178
595 1549 1330 1613 2732 2701 2719 2199 2175
596 1555 1327 1604 2720 2697 2720 2199 2167
597 1559 1325 1618 2730 2712 2714 2193 2169
598 1560 1326 1610 2723 2686 2717 2197 2167
599 1560 1327 1606 2708 2691 2721 2188 2160
600 1556 1330 1605 2709 2695 2728 2191 2162
601 1554 1332 1607 2713 2688 2716 2193 2161
602 1556 1328 1617 2706 2703 2718 2190 2179
603 1561 1329 1601 2722 2702 2711 2201 2169
604 1556 1332 1612 2701 2693 2718 2200 2180
605 1549 1331 1617 2705 2685 2708 2191 2176
606 1548 1335 1618 2723 2705 2727 2203 2185
607 1555 1324 1617 2725 2703 2705 2201 2169
608 1560 1336 1612 2717 2699 2690 2200 2179
609 1558 1322 1612 2701 2717 2723 2206 2181
610 1550 1336 1613 2725 2703 2727 2202 2187
611 1549 1333 1611 2727 2708 2688 2183 2153
612 1547 1333 1612 2721 2707 2703 2197 2157
613 1554 1328 1616 2729 2705 2715 2198 2165
614 1554 1333 1613 2717 2697 2718 2187 2164
615 1555 1326 1610 2718 2704 2716 2198 2164
616 1547 1326 1612 2709 2710 2727 2206 2157
617 1554 1332 1607 2732 2690 2717 2212 2188
618 1552 1330 1603 2713 2687 2728 2202 2175
619 1552 1329 1616 2708 2699 2727 2182 2171
620 1559 1331 1605 2714 2690 2720 2186 2164
621 1563 1331 1608 2721 2694 2717 2190 2182
622 1550 1332 1617 2718 2706 2724 2191 2174
623 1545 1336 1613 2732 2686 2717 2205 2185
624 1554 1334 1612 2703 2712 2715 2201 2174
625 1549 1334 1609 2706 2705 2722 2194 2175
626 1547 1332 1615 2728 2696 2708 2192 2164
627 1553 1331 1612 2715 2709 2719 2216 2177
628 1551 1325 1609 2704 2681 2727 2205 2183
629 1555 1331 1606 2718 2699 2711 2187 2164
630 1553 1333 1608 2724 2687 2717 2205 2178
631 1553 1331 1605 2729 2701 2714 2202 2177
632 1555 1330 1605 2718 2706 2715 2206 2182
633 1553 1333 1610 2726 2710 2710 2180 2155
634 1549 1326 1615 2709 2699 2716 2188 2160
635 1548 1333 1602 2710 2706 2709 2184 2156
636 1561 1332 1614 2709 2674 2701 2180 2161
637 1557 1335 1608 2709 2693 2713 2190 2167
638 1559 1325 1613 2721 2656 2731 2196 2184
639 1555 1333 1610 2720 2646 2714 2191 2173
640 1558 1323 1612 2711 2639 2716 2186 2180
641 1556 1327 1603 2712 2638 2715 2188 2174
642 1553 1332 1610 2707 2633 2718 2195 2184
643 1553 1326 1611 2715 2631 2714 2185 2170
644 1558 1324 1614 2719 2630 2711 2188 2172
645 1557 1330 1609 2719 2627 2710 2192 2172
646 1550 1331 1610 2708 2644 2711 2189 2167
647 1549 1331 1607 2723 2646 2720 2199 2171
648 1554 1328 1610 2717 2647 2717 2184 2169
649 1555 1331 1611 2714 2650 2705 2190 2162
650 1557 1321 1606 2720 2644 2715 2184 2168
651 1549 1324 1612 2708 2641 2704 2176 2172
652 1546 1321 1603 2708 2645 2717 2187 2177
653 1550 1320 1616 2705 2646 2699 2166 2176
654 1552 1332 1609 2718 2646 2712 2184 2184
655 1546 1332 1608 2715 2646 2715 2183 2196
656 1550 1335 1611 2714 2639 2715 2192 2183
657 1556 1337 1613 2725 2636 2701 2184 2187
658 1565 1333 1613 2714 2636 2704 2192 2172
659 1562 1336 1611 2711 2641 2714 2192 2176
660 1567 1332 1608 2720 2637 2719 2181 2156
661 1568 1340 1613 2712 2630 2708 2177 2153
662 1561 1337 1619 2716 2627 2716 2176 2151
663 1556 1341 1615 2712 2624 2710 2184 2158
664 1558 1336 1608 2711 2623 2715 2182 2164
665 1556 1339 1607 2709 2620 2711 2184 2158
666 1554 1333 1617 2711 2619 2705 2174 2150
667 1554 1334 1616 2720 2624 2702 2188 2155
668 1548 1334 1615 2718 2629 2705 2188 2171
669 1557 1331 1615 2711 2632 2716 2196 2171
670 1559 1325 1617 2719 2632 2709 2198 2186
671 1560 1334 1608 2714 2630 2705 2192 2160
672 1560 1329 1606 2713 2627 2706 2193 2174
673 1555 1329 1615 2712 2624 2712 2190 2166
674 1553 1331 1612 2712 2617 2717 2186 2173
675 1551 1331 1604 2717 2613 2715 2190 2172
676 1555 1330 1610 2724 2624 2712 2190 2176
677 1557 1322 1614 2726 2629 2713 2184 2170
678 1553 1327 1604 2701 2627 2715 2192 2169
679 1551 1326 1609 2714 2629 2719 2191 2173
680 1553 1328 1608 2715 2629 2717 2190 2169
681 1543 1330 1608 2713 2623 2703 2189 2178
682 1544 1329 1607 2715 2616 2717 2198 2174
683 1545 1328 1602 2706 2609 2719 2187 2180
684 1549 1334 1609 2723 2604 2725 2191 2176
685 1554 1326 1615 2715 2604 2703 2187 2188
686 1551 1328 1607 2713 2604 2719 2173 2174
687 1554 1333 1609 2713 2606 2704 2177 2184
688 1555 1322 1617 2723 2606 2707 2175 2172
689 1553 1327 1615 2717 2605 2705 2186 2190
690 1550 1331 1604 2716 2610 2706 2186 2183
691 1554 1324 1612 2710 2605 2719 2195 2194
692 1555 1327 1617 2722 2601 2720 2192 2187
693 1549 1322 1614 2715 2604 2700 2191 2193
694 1543 1330 1612 2707 2610 2729 2187 2185
695 1542 1330 1608 2722 2614 2721 2200 2199
696 1547 1327 1608 2723 2614 2720 2199 2203
697 1551 1325 1610 2718 2610 2725 2188 2207
698 1544 1324 1614 2712 2605 2725 2180 2207
699 1552 1326 1612 2720 2603 2703 2172 2199
700 1548 1323 1602 2700 2603 2701 2164 2221
701 1550 1316 1603 2729 2607 2724 2191 2221
702 1546 1322 1605 2713 2608 2711 2166 2224
703 1540 1318 1605 2706 2616 2723 2155 2213
704 1550 1323 1601 2717 2619 2719 2188 2243
705 1553 1313 1615 2729 2621 2710 2173 2239
706 1544 1308 1614 2712 2622 2716 2163 2229
707 1543 1313 1609 2701 2617 2711 2145 2235
708 1542 1304 1602 2707 2616 2716 2138 2240
709 1537 1305 1605 2717 2620 2722 2143 2248
710 1531 1301 1608 2733 2631 2749 2167 2290
711 1527 1292 1600 2732 2641 2758 2182 2328
712 1515 1297 1599 2732 2645 2757 2158 2335
713 1508 1291 1609 2736 2643 2764 2162 2358
714 1498 1289 1607 2729 2640 2771 2153 2367
715 1496 1283 1607 2737 2637 2793 2148 2403
716 1478 1266 1603 2740 2636 2801 2131 2429
717 1465 1258 1603 2729 2630 2811 2123 2461
718 1451 1247 1606 2734 2633 2819 2112 2513
719 1442 1231 1604 2730 2641 2826 2111 2558
720 1444 1223 1606 2737 2664 2854 2111 2593
721 1438 1211 1606 2729 2674 2887 2100 2640
722 1433 1202 1602 2750 2686 2854 2126 2627
723 1435 1187 1599 2740 2689 2910 2106 2672
724 1436 1171 1598 2751 2697 2891 2098 2665
725 1462 1175 1597 2725 2691 2942 2093 2637
726 1476 1187 1590 2744 2707 2951 2101 2616
727 1506 1201 1590 2758 2712 2982 2115 2591
728 1521 1209 1600 2703 2700 2972 2113 2590
729 1541 1227 1597 2749 2724 2967 2076 2557
730 1560 1243 1583 2730 2714 2995 2076 2493
731 1572 1264 1594 2740 2718 2972 2114 2454
732 1592 1281 1596 2740 2723 3004 2149 2453
733 1602 1295 1597 2748 2710 3014 2126 2422
734 1611 1292 1588 2761 2721 3014 2089 2357
735 1629 1295 1581 2722 2709 3054 2097 2267
736 1622 1302 1589 2750 2717 3076 2101 2295
737 1610 1285 1580 2741 2731 3087 2057 2355
738 1597 1280 1577 2736 2763 3070 1995 2320
739 1582 1271 1581 2726 2722 3109 2009 2325
740 1557 1266 1584 2751 2715 3115 2005 2345
741 1551 1275 1585 2721 2674 3096 2023 2368
742 1534 1266 1595 2743 2654 3180 2013 2423
743 1526 1264 1598 2753 2641 3083 2015 2419
744 1522 1258 1594 2732 2643 3161 2029 2434
745 1532 1259 1602 2744 2643 3139 2027 2434
746 1533 1253 1614 2730 2632 3168 2004 2405
747 1520 1243 1606 2747 2632 3127 1970 2398
748 1514 1225 1605 2722 2654 3118 1969 2391
749 1513 1237 1607 2758 2665 3153 2002 2409
750 1498 1232 1611 2714 2675 3182 2010 2445
751 1491 1243 1603 2732 2682 3157 2005 2460
752 1488 1241 1604 2733 2686 3189 1991 2462
753 1491 1262 1592 2729 2753 3136 2018 2445
754 1497 1266 1592 2719 2746 3188 2014 2428
755 1481 1259 1614 2747 2763 3146 1999 2429
756 1510 1274 1599 2746 2758 3116 2044 2398
757 1504 1270 1604 2729 2748 3171 2029 2432
758 1515 1286 1622 2747 2736 3143 1973 2431
759 1526 1299 1625 2727 2696 3129 1939 2409
760 1538 1301 1619 2743 2660 3144 1946 2425
761 1550 1325 1619 2719 2619 3160 1943 2363
762 1572 1346 1621 2709 2608 3188 1958 2376
763 1581 1348 1617 2739 2603 3189 1922 2400
764 1608 1368 1616 2723 2592 3185 1848 2383
765 1625 1364 1612 2757 2584 3160 1799 2316
766 1638 1363 1619 2739 2749 3145 1810 2277
767 1638 1362 1619 2699 2710 3198 1844 2266
768 1647 1367 1622 2728 2779 3084 1896 2265
769 1653 1371 1626 2736 2744 3084 1891 2278
770 1644 1392 1628 2742 2730 3095 1892 2277
771 1650 1403 1634 2736 2729 3096 1899 2211
772 1666 1408 1636 2761 2713 3104 1930 2118
773 1669 1420 1637 2741 2665 3086 1948 2069
774 1670 1421 1637 2718 2640 3106 1961 2067
775 1655 1419 1650 2737 2607 3099 1974 2005
776 1650 1424 1655 2737 2574 3073 1969 1984
777 1636 1415 1636 2754 2742 3069 1974 1994
778 1634 1400 1651 2719 2765 3063 1978 1974
779 1617 1381 1645 2709 2745 3080 1979 1958
780 1609 1369 1628 2724 2766 3013 1971 1923
781 1584 1359 1621 2739 2749 3031 1976 1977
782 1554 1343 1641 2750 2813 3051 1980 2024
783 1539 1326 1636 2723 2815 3019 1967 2095
784 1521 1307 1649 2717 2796 3044 1968 2087
785 1515 1296 1661 2747 2746 2965 1999 2098
786 1501 1295 1660 2748 2752 2968 2015 2119
787 1491 1306 1643 2727 2724 2916 2011 2163
788 1488 1313 1640 2739 2799 2961 2011 2187
789 1490 1334 1633 2743 2743 2915 2015 2189
790 1510 1340 1632 2749 2751 2874 2013 2209
791 1528 1349 1630 2745 2735 2869 2019 2221
792 1552 1368 1631 2727 2733 2882 2035 2229
793 1569 1377 1629 2720 2738 2843 2049 2246
794 1583 1388 1646 2719 2729 2854 2071 2276
795 1601 1412 1652 2746 2716 2817 2088 2278
796 1613 1422 1654 2730 2684 2843 2108 2293
797 1625 1445 1662 2738 2624 2799 2122 2277
798 1652 1474 1663 2733 2588 2801 2141 2266
799 1669 1495 1664 2730 2551 2789 2163 2218
800 1686 1517 1667 2716 2555 2774 2190 2188
801 1699 1535 1664 2709 2679 2776 2228 2130
802 1716 1561 1670 2723 2681 2757 2246 2113
803 1722 1570 1656 2726 2695 2747 2275 2063
804 1744 1575 1662 2729 2701 2743 2294 2014
805 1746 1576 1669 2721 2654 2751 2314 1967
806 1749 1575 1670 2717 2676 2754 2326 1939
807 1746 1566 1676 2726 2678 2743 2340 1940
808 1737 1558 1678 2723 2658 2749 2357 1934
809 1733 1541 1678 2730 2634 2744 2367 1937
810 1727 1513 1674 2731 2616 2739 2371 1926
811 1708 1500 1672 2715 2605 2747 2366 1935
812 1688 1479 1670 2728 2599 2751 2365 1940
813 1668 1459 1676 2723 2601 2747 2359 1964
814 1649 1429 1668 2724 2612 2749 2366 1975
815 1625 1409 1672 2734 2637 2746 2376 2008
816 1608 1393 1660 2738 2655 2754 2393 2024
817 1583 1369 1649 2728 2655 2758 2405 2052
818 1562 1349 1660 2730 2647 2755 2407 2057
819 1534 1335 1653 2738 2632 2754 2405 2075
820 1520 1316 1643 2737 2629 2750 2400 2079
821 1503 1306 1647 2733 2637 2756 2395 2103
822 1485 1291 1647 2731 2630 2756 2381 2117
823 1473 1269 1649 2734 2629 2766 2382 2128
824 1457 1261 1657 2736 2628 2771 2382 2152
825 1444 1255 1658 2733 2634 2760 2377 2188
826 1433 1246 1654 2728 2676 2762 2355 2241
827 1425 1245 1653 2733 2671 2753 2336 2257
828 1434 1246 1654 2731 2665 2764 2310 2309
829 1435 1247 1639 2730 2660 2768 2299 2358
830 1446 1237 1641 2730 2662 2763 2298 2413
831 1458 1241 1641 2725 2662 2761 2300 2437
832 1468 1242 1640 2737 2664 2752 2294 2461
833 1484 1257 1643 2731 2662 2749 2281 2476
834 1502 1275 1647 2728 2663 2751 2283 2502
835 1519 1293 1655 2730 2665 2748 2284 2501
836 1540 1325 1657 2730 2656 2743 2292 2498
837 1572 1345 1654 2727 2651 2746 2288 2476
838 1591 1355 1656 2720 2650 2749 2304 2451
839 1618 1380 1654 2723 2645 2737 2315 2429
840 1637 1391 1653 2723 2706 2740 2321 2398
841 1645 1404 1653 2722 2657 2730 2324 2363
842 1668 1420 1653 2724 2706 2727 2321 2308
843 1687 1432 1652 2727 2661 2731 2334 2273
844 1697 1437 1660 2726 2655 2727 2347 2229
845 1705 1446 1663 2734 2651 2724 2362 2213
846 1697 1455 1669 2729 2654 2723 2367 2168
847 1711 1449 1661 2725 2617 2727 2383 2138
848 1705 1451 1663 2727 2587 2726 2393 2091
849 1697 1446 1659 2721 2575 2729 2401 2070
850 1681 1425 1652 2731 2568 2728 2396 2043
851 1674 1402 1655 2722 2557 2727 2389 2031
852 1659 1399 1657 2734 2543 2718 2400 2001
853 1642 1379 1647 2736 2527 2719 2401 2015
854 1621 1359 1641 2734 2511 2725 2389 2023
855 1603 1339 1636 2731 2495 2723 2380 2022
856 1582 1318 1637 2732 2481 2720 2384 2020
857 1572 1313 1635 2729 2478 2724 2382 2031
858 1557 1295 1637 2728 2478 2722 2382 2059
859 1545 1287 1631 2730 2482 2719 2368 2070
860 1532 1282 1631 2733 2489 2725 2367 2091
861 1515 1279 1628 2731 2495 2712 2362 2105
862 1518 1281 1628 2726 2496 2706 2351 2136
863 1522 1273 1634 2732 2494 2708 2343 2141
864 1526 1274 1632 2723 2491 2703 2339 2154
865 1537 1284 1630 2728 2495 2703 2343 2149
866 1539 1293 1631 2724 2507 2694 2331 2172
867 1547 1297 1632 2722 2527 2699 2337 2170
868 1552 1312 1636 2719 2548 2700 2337 2174
869 1563 1316 1638 2725 2560 2689 2341 2158
870 1574 1320 1635 2728 2566 2677 2332 2147
871 1576 1334 1640 2720 2568 2692 2334 2131
872 1588 1340 1644 2724 2564 2671 2334 2124
873 1590 1344 1633 2712 2561 2670 2334 2119
874 1600 1342 1644 2717 2562 2657 2338 2102
875 1604 1345 1640 2712 2566 2667 2334 2091
876 1605 1351 1637 2719 2567 2651 2329 2075
877 1606 1350 1630 2714 2566 2657 2321 2075
878 1603 1344 1628 2724 2563 2670 2324 2061
879 1601 1339 1626 2716 2554 2660 2319 2062
880 1591 1337 1631 2720 2546 2651 2316 2046
881 1591 1338 1631 2716 2537 2638 2308 2057
882 1595 1332 1630 2716 2535 2642 2306 2046
883 1595 1330 1635 2712 2541 2643 2308 2036
884 1592 1325 1622 2685 2548 2619 2265 1974
885 1582 1323 1631 2684 2554 2612 2260 1966
886 1592 1311 1635 2695 2561 2627 2257 1950
887 1576 1305 1632 2684 2565 2635 2266 1944
888 1572 1311 1625 2684 2559 2613 2252 1948
889 1564 1307 1627 2715 2567 2609 2273 1952
890 1552 1306 1620 2691 2564 2616 2264 1967
891 1551 1297 1632 2707 2569 2624 2294 1995
892 1548 1295 1627 2697 2575 2614 2277 2012
893 1539 1305 1631 2706 2575 2636 2259 1994
894 1539 1294 1620 2692 2573 2630 2265 2045
895 1538 1300 1624 2702 2581 2627 2256 2051
896 1538 1305 1630 2690 2579 2641 2273 2099
897 1535 1308 1633 2704 2581 2623 2266 2086
898 1537 1309 1620 2679 2568 2621 2255 2090
899 1538 1308 1630 2693 2570 2622 2246 2085
900 1539 1319 1631 2688 2575 2624 2251 2101
901 1547 1312 1635 2713 2574 2630 2248 2107
902 1550 1322 1635 2682 2569 2621 2254 2107
903 1549 1325 1625 2695 2572 2625 2264 2120
904 1554 1327 1639 2695 2571 2623 2271 2127
905 1558 1326 1637 2689 2576 2613 2280 2151
906 1562 1330 1634 2700 2573 2613 2274 2148
907 1564 1336 1635 2695 2573 2602 2281 2160
908 1565 1336 1621 2707 2577 2631 2276 2164
909 1568 1342 1626 2721 2590 2621 2286 2177
910 1573 1344 1633 2704 2579 2634 2276 2165
911 1572 1333 1638 2714 2587 2616 2284 2178
912 1566 1340 1635 2699 2573 2615 2276 2160
913 1565 1344 1641 2704 2569 2609 2282 2156
914 1567 1340 1637 2690 2578 2626 2265 2147
915 1566 1337 1628 2706 2577 2621 2278 2164
916 1558 1337 1633 2705 2571 2621 2282 2159
917 1561 1335 1633 2679 2559 2610 2249 2127
918 1555 1333 1633 2695 2570 2623 2256 2141
919 1543 1328 1634 2714 2585 2619 2272 2165
920 1551 1324 1632 2705 2569 2602 2266 2175
921 1551 1320 1637 2710 2587 2611 2271 2191
922 1546 1313 1630 2690 2565 2635 2260 2203
923 1550 1309 1632 2710 2587 2620 2277 2234
924 1549 1307 1624 2700 2575 2637 2269 2260
925 1546 1302 1623 2683 2572 2620 2244 2242
926 1544 1301 1623 2687 2570 2615 2264 2282
927 1554 1298 1627 2689 2580 2637 2274 2272
928 1565 1304 1624 2703 2582 2619 2251 2289
929 1569 1311 1624 2689 2578 2627 2262 2287
930 1567 1311 1628 2709 2577 2607 2249 2252
931 1578 1315 1636 2708 2584 2628 2254 2261
932 1575 1319 1635 2696 2580 2608 2252 2264
933 1571 1328 1640 2690 2575 2602 2257 2232
934 1572 1329 1636 2688 2566 2610 2259 2226
935 1571 1338 1632 2686 2562 2625 2259 2225
936 1563 1337 1628 2691 2570 2610 2277 2226
937 1563 1346 1624 2685 2567 2614 2277 2241
938 1557 1341 1634 2679 2567 2602 2235 2268
939 1555 1333 1624 2709 2583 2636 2253 2305
940 1556 1326 1621 2672 2572 2613 2273 2254
941 1556 1329 1630 2717 2587 2628 2270 2274
942 1545 1334 1634 2714 2594 2633 2264 2293
943 1555 1336 1621 2700 2580 2637 2231 2263
944 1561 1336 1621 2714 2587 2631 2234 2229
945 1559 1339 1627 2704 2585 2643 2246 2242
946 1572 1330 1620 2703 2593 2620 2226 2213
947 1573 1324 1615 2716 2600 2625 2227 2193
948 1575 1314 1627 2696 2597 2640 2232 2176
949 1580 1309 1626 2703 2600 2643 2226 2170
950 1578 1311 1635 2685 2599 2641 2232 2161
951 1581 1301 1631 2694 2592 2632 2226 2170
952 1583 1302 1622 2684 2596 2644 2236 2188
953 1585 1305 1623 2693 2600 2641 2232 2183
954 1588 1300 1613 2700 2609 2641 2256 2213
955 1595 1298 1602 2706 2606 2664 2257 2202
956 1588 1311 1611 2710 2609 2643 2254 2193
957 1596 1313 1611 2706 2603 2647 2250 2194
958 1591 1317 1620 2716 2604 2644 2252 2213
959 1574 1322 1624 2710 2608 2644 2254 2223
960 1576 1328 1616 2712 2608 2643 2246 2232
961 1579 1323 1615 2710 2613 2635 2239 2214
962 1571 1317 1627 2706 2608 2666 2252 2206
963 1579 1320 1620 2707 2604 2657 2244 2188
964 1581 1325 1618 2701 2596 2653 2243 2189
965 1581 1323 1631 2712 2612 2651 2251 2173
966 1584 1323 1620 2710 2602 2645 2254 2173
967 1575 1329 1623 2708 2609 2661 2262 2198
968 1579 1333 1629 2710 2610 2656 2252 2197
969 1580 1333 1631 2716 2610 2644 2228 2152
970 1586 1330 1626 2713 2608 2664 2247 2162
971 1580 1333 1633 2706 2619 2643 2261 2185
972 1579 1323 1631 2700 2598 2656 2244 2186
973 1573 1319 1632 2702 2596 2655 2235 2162
974 1581 1342 1638 2721 2612 2643 2245 2103
975 1569 1343 1629 2689 2602 2636 2239 2127
976 1575 1358 1621 2687 2596 2659 2221 2120
977 1574 1360 1621 2705 2600 2639 2221 2072
978 1576 1360 1618 2707 2604 2628 2220 2065
979 1577 1355 1619 2691 2599 2659 2243 2061
980 1576 1348 1635 2714 2612 2642 2248 2037
981 1578 1337 1627 2703 2606 2634 2243 2055
982 1564 1329 1631 2710 2598 2638 2224 2028
983 1568 1326 1626 2698 2597 2648 2228 2050
984 1564 1322 1625 2706 2613 2656 2246 2080
985 1566 1317 1618 2714 2609 2661 2234 2096
986 1567 1300 1613 2715 2616 2656 2231 2114
987 1559 1287 1617 2703 2628 2673 2227 2115
988 1549 1293 1622 2714 2627 2677 2237 2150
989 1555 1286 1611 2720 2636 2682 2235 2174
990 1541 1285 1619 2715 2635 2683 2231 2204
991 1542 1275 1611 2727 2644 2688 2231 2197
992 1542 1278 1610 2722 2644 2693 2229 2211
993 1540 1271 1617 2717 2643 2682 2217 2218
994 1538 1278 1620 2724 2650 2701 2216 2235
995 1534 1279 1619 2718 2647 2694 2209 2216
996 1543 1287 1621 2724 2653 2700 2213 2215
997 1543 1300 1618 2723 2656 2702 2222 2185
998 1542 1306 1620 2710 2648 2696 2215 2161
999 1548 1305 1620 2717 2661 2708 2208 2146
1000 1554 1307 1624 2724 2663 2702 2187 2155
1001 1551 1296 1622 2722 2663 2699 2193 2169
1002 1562 1301 1624 2728 2665 2715 2204 2170
1003 1554 1298 1620 2717 2668 2694 2198 2155
1004 1568 1309 1618 2722 2666 2723 2196 2155
1005 1572 1313 1613 2730 2666 2712 2178 2141
1006 1571 1314 1615 2724 2669 2712 2192 2143
1007 1567 1319 1612 2721 2672 2709 2203 2155
1008 1576 1327 1612 2721 2666 2712 2205 2150
1009 1567 1326 1613 2723 2668 2712 2203 2167
1010 1564 1323 1617 2722 2660 2718 2208 2149
1011 1567 1328 1622 2722 2663 2711 2208 2155
1012 1567 1329 1620 2705 2666 2720 2228 2161
1013 1570 1329 1613 2731 2667 2720 2216 2149
1014 1567 1333 1621 2718 2665 2722 2213 2146
1015 1569 1328 1613 2729 2667 2701 2205 2140
1016 1565 1325 1613 2722 2665 2720 2212 2149
1017 1562 1329 1612 2717 2661 2724 2202 2145
1018 1566 1325 1611 2725 2666 2715 2207 2161
1019 1566 1321 1610 2727 2658 2712 2197 2153
1020 1564 1319 1603 2724 2663 2724 2212 2173
1021 1559 1317 1610 2726 2659 2705 2202 2167
1022 1563 1324 1613 2735 2658 2709 2204 2175
1023 1558 1315 1607 2736 2665 2726 2203 2163
