0 1561 1342 1616 2741 2720 2735 2234 2212
1 1559 1339 1605 2739 2724 2732 2230 2223
2 1554 1338 1615 2742 2723 2737 2230 2226
3 1547 1339 1611 2741 2717 2733 2232 2210
4 1557 1341 1619 2742 2721 2735 2233 2220
5 1548 1335 1618 2740 2725 2725 2230 2211
6 1555 1345 1614 2742 2725 2732 2231 2225
7 1548 1341 1615 2745 2718 2736 2232 2226
8 1554 1343 1617 2742 2724 2729 2230 2208
9 1554 1342 1619 2740 2720 2731 2236 2219
10 1544 1343 1616 2738 2719 2729 2225 2207
11 1547 1344 1616 2739 2724 2733 2229 2224
12 1547 1341 1610 2733 2715 2723 2229 2224
13 1553 1333 1613 2736 2719 2733 2232 2210
14 1563 1336 1614 2738 2728 2729 2234 2218
15 1559 1337 1617 2737 2723 2733 2231 2213
16 1562 1334 1616 2740 2730 2739 2231 2221
17 1552 1344 1613 2743 2715 2731 2229 2223
18 1549 1338 1618 2742 2722 2731 2235 2210
19 1557 1335 1615 2741 2723 2735 2234 2220
20 1551 1341 1618 2741 2717 2733 2227 2211
21 1557 1333 1617 2740 2724 2729 2232 2219
22 1555 1340 1616 2737 2722 2731 2231 2222
23 1560 1343 1611 2741 2718 2726 2233 2209
24 1563 1339 1618 2733 2719 2737 2229 2216
25 1562 1344 1610 2734 2719 2732 2230 2212
26 1559 1331 1617 2735 2721 2729 2225 2221
27 1558 1339 1616 2744 2721 2726 2233 2223
28 1549 1341 1611 2744 2726 2728 2230 2206
29 1546 1339 1619 2745 2719 2730 2227 2220
30 1556 1341 1620 2740 2726 2728 2231 2212
31 1562 1343 1615 2732 2722 2737 2228 2221
32 1560 1341 1617 2739 2717 2728 2236 2222
33 1553 1344 1621 2736 2719 2730 2225 2207
34 1554 1343 1616 2743 2727 2734 2232 2218
35 1558 1341 1609 2742 2724 2732 2228 2211
36 1559 1339 1611 2739 2724 2736 2234 2225
37 1556 1333 1614 2733 2717 2733 2234 2220
38 1554 1341 1619 2736 2723 2732 2230 2211
39 1553 1341 1620 2743 2717 2735 2233 2219
40 1550 1345 1618 2742 2716 2729 2230 2212
41 1558 1342 1616 2738 2719 2732 2237 2225
42 1561 1342 1616 2745 2720 2732 2231 2219
43 1559 1337 1610 2742 2717 2729 2230 2210
44 1545 1341 1619 2743 2723 2730 2230 2220
45 1552 1341 1615 2745 2718 2737 2231 2211
46 1557 1344 1620 2739 2720 2733 2236 2227
47 1551 1339 1612 2744 2728 2736 2228 2216
48 1552 1333 1615 2738 2725 2732 2232 2211
49 1551 1339 1612 2743 2718 2737 2230 2221
50 1553 1342 1622 2738 2717 2738 2231 2209
51 1559 1338 1613 2737 2720 2737 2234 2227
52 1557 1341 1619 2741 2724 2726 2228 2218
53 1553 1336 1612 2738 2725 2737 2231 2206
54 1548 1343 1619 2743 2721 2729 2232 2219
55 1554 1342 1614 2738 2725 2734 2234 2211
56 1553 1344 1610 2746 2724 2731 2231 2226
57 1551 1341 1616 2744 2727 2734 2232 2217
58 1556 1341 1614 2731 2715 2731 2230 2212
59 1561 1334 1610 2737 2719 2729 2230 2217
60 1558 1338 1617 2737 2723 2732 2234 2209
61 1558 1335 1613 2739 2726 2729 2230 2228
62 1557 1345 1620 2738 2723 2729 2229 2215
63 1561 1340 1617 2741 2722 2728 2231 2213
64 1558 1340 1614 2744 2727 2730 2235 2216
65 1559 1341 1617 2736 2722 2738 2230 2214
66 1560 1339 1621 2738 2724 2728 2229 2227
67 1556 1339 1617 2740 2724 2731 2232 2217
68 1554 1337 1618 2744 2718 2731 2234 2212
69 1549 1345 1618 2741 2722 2723 2234 2216
70 1551 1341 1618 2744 2720 2732 2230 2215
71 1549 1342 1614 2740 2714 2730 2231 2225
72 1543 1342 1617 2736 2719 2728 2231 2216
73 1552 1340 1607 2739 2726 2734 2232 2210
74 1551 1335 1617 2735 2724 2738 2233 2219
75 1558 1340 1620 2737 2715 2736 2227 2212
76 1545 1333 1610 2744 2719 2732 2232 2230
77 1558 1335 1619 2734 2727 2731 2228 2213
78 1555 1340 1616 2745 2715 2734 2236 2214
79 1559 1337 1613 2737 2724 2732 2230 2219
80 1550 1342 1616 2741 2723 2732 2229 2212
81 1557 1339 1619 2739 2722 2735 2229 2229
82 1555 1341 1613 2743 2725 2728 2231 2212
83 1554 1338 1617 2748 2724 2733 2232 2213
84 1555 1342 1615 2741 2720 2733 2226 2217
85 1558 1340 1611 2740 2722 2732 2234 2216
86 1556 1339 1616 2741 2717 2733 2229 2230
87 1552 1342 1621 2740 2722 2734 2239 2214
88 1553 1341 1620 2741 2723 2731 2229 2214
89 1561 1341 1618 2741 2723 2730 2232 2218
90 1559 1339 1613 2736 2726 2737 2231 2214
91 1557 1342 1617 2737 2723 2730 2230 2227
92 1551 1340 1616 2740 2722 2733 2232 2214
93 1554 1341 1617 2740 2715 2731 2228 2214
94 1553 1330 1611 2743 2719 2733 2233 2218
95 1548 1343 1619 2739 2725 2730 2230 2216
96 1561 1339 1618 2736 2722 2728 2232 2225
97 1558 1336 1614 2740 2720 2730 2231 2214
98 1560 1335 1613 2742 2724 2732 2227 2215
99 1565 1342 1618 2745 2720 2732 2231 2217
100 1557 1341 1606 2741 2715 2731 2232 2214
101 1560 1344 1612 2746 2727 2728 2234 2230
102 1561 1338 1616 2746 2719 2732 2230 2211
103 1557 1341 1610 2743 2720 2728 2231 2212
104 1554 1340 1621 2734 2717 2736 2231 2217
105 1549 1342 1612 2740 2717 2729 2236 2216
106 1556 1343 1619 2738 2714 2734 2230 2224
107 1561 1335 1617 2741 2719 2735 2230 2211
108 1556 1337 1617 2737 2721 2736 2231 2216
109 1567 1341 1618 2749 2720 2727 2231 2216
110 1565 1338 1620 2741 2720 2731 2235 2217
111 1561 1340 1618 2743 2718 2733 2225 2226
112 1554 1343 1609 2747 2720 2730 2232 2213
113 1553 1341 1610 2747 2720 2730 2227 2213
114 1549 1336 1617 2740 2726 2730 2233 2216
115 1549 1337 1618 2735 2717 2735 2229 2214
116 1550 1331 1613 2748 2722 2733 2230 2229
117 1547 1339 1613 2737 2702 2715 2201 2179
118 1554 1347 1618 2731 2718 2738 2232 2217
119 1553 1340 1620 2735 2721 2733 2236 2216
120 1562 1339 1618 2743 2725 2736 2226 2217
121 1562 1340 1620 2742 2715 2735 2232 2230
122 1561 1337 1619 2739 2726 2736 2230 2210
123 1561 1339 1617 2745 2717 2731 2234 2218
124 1562 1336 1618 2744 2718 2728 2234 2215
125 1563 1338 1618 2743 2726 2735 2230 2219
126 1552 1340 1612 2743 2719 2731 2234 2229
127 1559 1339 1611 2741 2718 2732 2226 2210
128 1561 1340 1613 2739 2717 2730 2237 2216
129 1560 1338 1618 2735 2724 2734 2231 2214
130 1554 1339 1615 2744 2725 2731 2226 2217
131 1563 1343 1620 2740 2722 2732 2232 2229
132 1558 1329 1606 2744 2719 2728 2231 2210
133 1558 1341 1619 2737 2721 2725 2237 2218
134 1559 1331 1617 2744 2713 2737 2227 2215
135 1558 1339 1617 2742 2722 2738 2229 2217
136 1562 1339 1618 2737 2703 2739 2227 2229
137 1550 1342 1615 2744 2720 2734 2231 2208
138 1553 1340 1615 2740 2718 2733 2233 2217
139 1549 1334 1616 2746 2719 2735 2229 2212
140 1555 1340 1614 2742 2718 2734 2232 2220
141 1559 1339 1619 2739 2727 2731 2230 2223
142 1558 1338 1617 2734 2721 2729 2237 2212
143 1562 1340 1617 2738 2717 2730 2229 2218
144 1562 1338 1618 2745 2721 2733 2230 2214
145 1570 1341 1613 2744 2726 2723 2230 2221
146 1558 1341 1616 2737 2726 2733 2234 2226
147 1553 1344 1613 2741 2715 2729 2235 2211
148 1555 1341 1608 2736 2719 2732 2229 2217
149 1561 1341 1615 2741 2726 2732 2231 2211
150 1557 1339 1612 2740 2717 2732 2231 2221
151 1557 1341 1616 2740 2719 2738 2237 2228
152 1554 1334 1613 2741 2725 2727 2230 2211
153 1560 1335 1616 2733 2722 2731 2227 2217
154 1555 1338 1611 2743 2716 2734 2231 2213
155 1547 1339 1619 2736 2726 2735 2230 2220
156 1556 1338 1616 2742 2728 2738 2235 2225
157 1565 1342 1618 2739 2718 2733 2229 2212
158 1561 1340 1618 2735 2724 2729 2228 2216
159 1553 1339 1616 2739 2720 2730 2230 2215
160 1567 1343 1622 2737 2726 2734 2234 2221
161 1564 1339 1621 2736 2719 2733 2229 2222
162 1566 1342 1621 2743 2728 2728 2229 2212
163 1551 1339 1619 2741 2718 2732 2229 2218
164 1559 1335 1621 2742 2718 2731 2233 2215
165 1566 1338 1621 2738 2725 2731 2235 2223
166 1571 1338 1614 2740 2719 2729 2226 2220
167 1566 1339 1621 2746 2724 2734 2233 2211
168 1559 1340 1611 2744 2723 2734 2226 2217
169 1553 1339 1612 2737 2722 2740 2234 2214
170 1551 1337 1614 2737 2720 2732 2231 2224
171 1554 1341 1616 2740 2724 2734 2228 2228
172 1553 1341 1613 2738 2724 2733 2230 2212
173 1553 1341 1611 2734 2724 2733 2233 2226
174 1554 1340 1610 2735 2717 2730 2234 2217
175 1551 1342 1617 2735 2715 2738 2231 2225
176 1550 1340 1614 2742 2718 2733 2230 2226
177 1548 1344 1620 2734 2720 2729 2230 2214
178 1555 1337 1617 2741 2720 2730 2231 2226
179 1548 1337 1606 2736 2715 2738 2229 2212
180 1562 1342 1615 2731 2715 2731 2226 2230
181 1557 1338 1615 2740 2722 2738 2228 2221
182 1560 1347 1620 2743 2718 2732 2216 2198
183 1552 1346 1617 2741 2724 2728 2233 2213
184 1557 1338 1612 2744 2722 2738 2227 2206
185 1561 1336 1616 2741 2714 2736 2231 2224
186 1565 1337 1617 2739 2719 2728 2229 2210
187 1558 1337 1619 2747 2716 2731 2236 2207
188 1557 1342 1620 2741 2717 2731 2234 2223
189 1556 1341 1611 2739 2723 2733 2227 2221
190 1550 1340 1609 2736 2721 2736 2230 2233
191 1556 1338 1614 2740 2721 2730 2228 2224
192 1553 1336 1612 2737 2720 2737 2231 2216
193 1556 1332 1616 2741 2715 2734 2228 2222
194 1559 1338 1609 2744 2721 2729 2230 2221
195 1557 1340 1617 2743 2718 2736 2227 2232
196 1555 1341 1609 2738 2714 2732 2232 2222
197 1565 1341 1620 2734 2726 2728 2231 2207
198 1559 1337 1612 2738 2727 2737 2226 2214
199 1555 1340 1606 2735 2725 2730 2230 2212
200 1558 1342 1618 2747 2716 2733 2229 2229
201 1556 1339 1615 2736 2724 2736 2234 2216
202 1547 1335 1613 2742 2722 2734 2233 2215
203 1551 1334 1617 2742 2722 2727 2226 2214
204 1547 1335 1621 2736 2726 2734 2233 2197
205 1550 1339 1622 2736 2724 2729 2234 2213
206 1554 1341 1624 2743 2719 2737 2245 2224
207 1550 1338 1620 2738 2718 2737 2233 2220
208 1548 1344 1616 2741 2722 2736 2238 2219
209 1549 1348 1619 2736 2721 2728 2231 2205
210 1546 1340 1612 2747 2729 2733 2238 2220
211 1544 1339 1614 2736 2717 2725 2232 2211
212 1548 1344 1604 2746 2727 2729 2228 2226
213 1549 1337 1613 2742 2728 2732 2229 2247
214 1555 1332 1616 2740 2719 2732 2227 2238
215 1561 1332 1615 2739 2726 2734 2237 2242
216 1565 1327 1614 2742 2724 2738 2229 2190
217 1566 1338 1616 2735 2719 2737 2232 2179
218 1557 1344 1619 2743 2720 2737 2233 2218
219 1549 1341 1619 2736 2720 2730 2239 2245
220 1556 1341 1622 2737 2720 2735 2241 2244
221 1555 1340 1612 2742 2724 2735 2234 2206
222 1552 1344 1620 2737 2723 2725 2236 2204
223 1551 1344 1613 2739 2726 2738 2237 2235
224 1548 1345 1614 2744 2721 2735 2236 2233
225 1554 1335 1605 2745 2729 2736 2230 2235
226 1555 1328 1614 2737 2715 2726 2224 2205
227 1554 1339 1613 2741 2719 2729 2229 2213
228 1552 1338 1615 2740 2719 2736 2232 2221
229 1553 1342 1620 2743 2719 2736 2239 2213
230 1541 1341 1620 2743 2728 2733 2230 2231
231 1552 1343 1616 2741 2720 2731 2233 2214
232 1542 1345 1614 2733 2722 2735 2231 2215
233 1554 1341 1619 2746 2724 2730 2238 2226
234 1556 1340 1616 2739 2722 2729 2236 2214
235 1553 1343 1619 2744 2726 2734 2231 2227
236 1532 1349 1625 2749 2718 2732 2233 2212
237 1558 1346 1619 2737 2722 2730 2230 2226
238 1558 1333 1610 2745 2719 2730 2234 2229
239 1567 1336 1614 2739 2722 2732 2226 2205
240 1565 1338 1614 2745 2722 2730 2223 2204
241 1558 1341 1617 2735 2717 2736 2225 2192
242 1560 1330 1611 2742 2718 2739 2230 2204
243 1557 1341 1621 2739 2723 2727 2233 2210
244 1560 1338 1619 2738 2727 2732 2232 2213
245 1560 1333 1614 2739 2722 2739 2232 2228
246 1558 1337 1614 2740 2719 2733 2231 2217
247 1557 1342 1616 2747 2722 2735 2235 2219
248 1559 1338 1612 2741 2723 2732 2227 2217
249 1552 1341 1618 2742 2727 2737 2231 2217
250 1556 1335 1617 2746 2718 2740 2228 2229
251 1554 1340 1617 2738 2724 2733 2231 2209
252 1561 1341 1617 2741 2723 2732 2236 2215
253 1564 1342 1616 2746 2724 2730 2225 2211
254 1567 1342 1616 2742 2725 2732 2231 2213
255 1562 1332 1616 2741 2722 2739 2228 2223
256 1565 1342 1617 2734 2726 2738 2234 2206
257 1562 1343 1616 2741 2722 2734 2232 2214
258 1559 1338 1621 2736 2731 2731 2230 2214
259 1557 1343 1619 2734 2721 2735 2232 2213
260 1560 1341 1621 2740 2720 2732 2232 2229
261 1558 1339 1619 2736 2718 2737 2234 2208
262 1555 1342 1620 2745 2721 2733 2229 2214
263 1554 1338 1617 2742 2721 2731 2230 2208
264 1558 1333 1616 2740 2722 2731 2233 2216
265 1557 1339 1615 2738 2722 2735 2234 2228
266 1561 1337 1617 2742 2726 2738 2235 2204
267 1563 1340 1616 2736 2722 2738 2228 2214
268 1560 1340 1617 2741 2720 2727 2228 2206
269 1552 1338 1616 2736 2719 2736 2230 2217
270 1555 1341 1619 2746 2724 2736 2233 2226
271 1555 1332 1618 2744 2722 2737 2227 2211
272 1553 1341 1617 2739 2717 2730 2226 2212
273 1554 1339 1613 2744 2720 2739 2227 2210
274 1558 1340 1617 2743 2721 2741 2223 2215
275 1561 1336 1616 2738 2719 2737 2226 2223
276 1552 1337 1616 2742 2719 2727 2220 2201
277 1550 1343 1616 2738 2725 2740 2226 2209
278 1555 1334 1613 2740 2723 2729 2220 2213
279 1568 1335 1617 2736 2728 2737 2226 2213
280 1562 1327 1618 2743 2724 2738 2227 2216
281 1563 1336 1615 2740 2716 2737 2223 2205
282 1560 1337 1606 2743 2723 2734 2225 2223
283 1552 1336 1609 2741 2721 2737 2224 2219
284 1548 1339 1619 2736 2722 2737 2224 2217
285 1551 1334 1614 2743 2718 2740 2219 2225
286 1551 1338 1611 2746 2726 2747 2220 2217
287 1549 1344 1621 2732 2724 2745 2216 2225
288 1540 1343 1620 2736 2729 2734 2226 2220
289 1550 1340 1615 2745 2725 2740 2220 2225
290 1550 1340 1617 2741 2716 2736 2221 2233
291 1553 1341 1614 2737 2732 2741 2221 2216
292 1564 1333 1615 2740 2727 2740 2214 2218
293 1567 1331 1614 2737 2725 2745 2223 2210
294 1558 1336 1609 2739 2726 2745 2216 2211
295 1565 1340 1616 2741 2725 2745 2219 2218
296 1564 1340 1618 2736 2723 2743 2219 2212
297 1559 1339 1620 2743 2722 2749 2220 2210
298 1559 1342 1618 2735 2729 2746 2221 2202
299 1553 1340 1621 2740 2727 2740 2213 2215
300 1563 1340 1621 2737 2720 2739 2221 2222
301 1554 1346 1623 2741 2722 2748 2223 2205
302 1548 1344 1620 2738 2723 2750 2227 2219
303 1546 1341 1621 2742 2722 2745 2222 2221
304 1545 1329 1611 2741 2728 2742 2219 2234
305 1543 1343 1617 2743 2721 2747 2223 2234
306 1552 1337 1614 2745 2733 2753 2221 2214
307 1552 1333 1621 2738 2719 2747 2220 2215
308 1557 1335 1616 2738 2719 2744 2215 2210
309 1553 1335 1613 2737 2720 2758 2218 2226
310 1557 1332 1619 2740 2721 2754 2218 2235
311 1554 1335 1620 2735 2723 2746 2223 2212
312 1549 1337 1606 2737 2722 2761 2220 2221
313 1560 1335 1611 2733 2721 2749 2216 2219
314 1554 1332 1613 2741 2724 2759 2219 2240
315 1551 1340 1609 2738 2729 2755 2218 2235
316 1555 1339 1608 2743 2721 2759 2226 2218
317 1558 1338 1599 2742 2723 2758 2220 2223
318 1561 1339 1615 2743 2721 2755 2224 2211
319 1567 1343 1621 2741 2719 2758 2226 2210
320 1573 1345 1622 2736 2726 2756 2235 2205
321 1563 1348 1622 2733 2721 2756 2236 2201
322 1559 1348 1616 2734 2726 2757 2223 2217
323 1560 1343 1613 2740 2719 2767 2211 2200
324 1554 1329 1612 2740 2727 2769 2164 2170
325 1549 1330 1606 2735 2724 2766 2146 2155
326 1538 1321 1613 2743 2724 2773 2156 2205
327 1536 1316 1614 2739 2718 2771 2192 2251
328 1532 1318 1621 2737 2731 2780 2187 2258
329 1538 1313 1607 2739 2728 2786 2174 2279
330 1546 1309 1602 2742 2721 2786 2148 2240
331 1546 1314 1604 2739 2717 2790 2145 2189
332 1558 1304 1613 2745 2725 2794 2157 2211
333 1555 1310 1615 2743 2723 2797 2161 2222
334 1549 1311 1621 2733 2717 2799 2168 2238
335 1539 1302 1616 2741 2725 2795 2142 2214
336 1533 1309 1619 2747 2732 2804 2136 2207
337 1539 1304 1621 2739 2734 2808 2143 2231
338 1540 1310 1624 2731 2713 2817 2153 2229
339 1535 1303 1620 2749 2745 2818 2153 2216
340 1535 1311 1622 2742 2732 2822 2139 2197
341 1523 1304 1608 2740 2731 2826 2130 2205
342 1522 1303 1612 2744 2747 2849 2125 2204
343 1521 1293 1620 2754 2743 2844 2137 2196
344 1517 1289 1624 2750 2758 2875 2126 2216
345 1501 1274 1625 2756 2795 2966 2089 2220
346 1494 1256 1624 2749 2820 3056 1999 2187
347 1462 1219 1639 2703 2796 3097 1891 2128
348 1425 1181 1611 2687 2767 3022 1852 2107
349 1373 1163 1580 2664 2769 3062 1876 2261
350 1353 1149 1577 2739 2797 3101 2050 2407
351 1389 1202 1613 2765 2785 3006 2281 2497
352 1454 1219 1629 2757 2749 2972 2381 2331
353 1541 1261 1641 2722 2786 3057 2300 2040
354 1571 1235 1622 2750 2759 2956 2099 1949
355 1551 1239 1623 2727 2756 2930 2043 2110
356 1508 1165 1632 2715 2758 2994 2152 2327
357 1479 1194 1618 2737 2778 2936 2258 2444
358 1483 1232 1557 2757 2783 2948 2154 2508
359 1488 1249 1503 2725 2757 2979 1903 2512
360 1523 1282 1492 2745 2735 2953 1666 2466
361 1529 1318 1503 2715 2768 2934 1574 2502
362 1539 1347 1540 2756 2770 2897 1642 2595
363 1543 1361 1576 2763 2717 2892 1736 2627
364 1568 1372 1633 2757 2749 2922 1868 2515
365 1601 1386 1667 2749 2735 2873 1967 2326
366 1626 1393 1698 2722 2796 2930 2073 2199
367 1648 1401 1719 2729 2768 2938 2114 2122
368 1663 1393 1704 2731 2766 2935 2137 2016
369 1673 1382 1690 2752 2793 2932 2151 1997
370 1658 1360 1654 2732 2760 2927 2140 2003
371 1650 1349 1625 2719 2744 2950 2159 2005
372 1637 1356 1607 2737 2722 2915 2153 2054
373 1617 1351 1602 2738 2749 2903 2169 2125
374 1596 1351 1613 2767 2750 2863 2161 2228
375 1574 1367 1626 2739 2728 2895 2161 2309
376 1546 1381 1641 2736 2714 2876 2132 2363
377 1530 1384 1643 2741 2779 2899 2094 2402
378 1527 1401 1657 2726 2763 2919 2094 2403
379 1519 1423 1658 2730 2723 2862 2082 2435
380 1507 1435 1660 2744 2748 2888 2085 2443
381 1508 1459 1653 2719 2749 2884 2076 2420
382 1517 1471 1660 2751 2782 2902 2086 2396
383 1525 1491 1653 2733 2738 2875 2121 2394
384 1535 1493 1645 2733 2744 2923 2137 2364
385 1550 1481 1645 2742 2736 2881 2102 2334
386 1562 1487 1638 2738 2745 2883 2074 2394
387 1577 1455 1623 2741 2757 2878 2038 2289
388 1606 1394 1636 2740 2741 2830 2059 1934
389 1619 1363 1678 2754 2817 2888 2145 1885
390 1567 1365 1686 2740 2777 2862 2180 2257
391 1537 1340 1689 2740 2749 2868 2162 2521
392 1540 1297 1663 2767 2763 2849 2151 2291
393 1581 1268 1631 2728 2754 2876 2135 1951
394 1585 1264 1603 2750 2749 2871 2127 2026
395 1552 1264 1598 2713 2755 2850 2114 2359
396 1544 1265 1597 2745 2743 2845 2142 2485
397 1549 1257 1610 2765 2745 2834 2164 2307
398 1563 1262 1617 2751 2734 2844 2163 2168
399 1562 1264 1617 2743 2749 2881 2103 2274
400 1559 1258 1626 2740 2757 2879 2057 2350
401 1559 1274 1646 2744 2712 2829 2041 2251
402 1579 1280 1642 2754 2767 2869 2092 2070
403 1583 1293 1655 2744 2726 2826 2180 2035
404 1564 1303 1665 2744 2735 2818 2200 2207
405 1542 1312 1666 2756 2757 2844 2191 2319
406 1533 1311 1649 2731 2730 2837 2163 2307
407 1530 1307 1639 2770 2722 2817 2151 2248
408 1533 1324 1630 2753 2756 2823 2131 2255
409 1514 1326 1618 2726 2730 2804 2098 2336
410 1527 1336 1622 2729 2741 2815 2117 2317
411 1529 1353 1644 2744 2763 2821 2144 2311
412 1540 1377 1647 2735 2723 2810 2176 2332
413 1536 1400 1653 2718 2679 2758 2150 2352
414 1550 1427 1667 2738 2722 2755 2193 2406
415 1555 1441 1671 2733 2718 2766 2211 2369
416 1565 1457 1691 2730 2696 2750 2259 2347
417 1575 1474 1700 2734 2706 2750 2303 2349
418 1581 1488 1694 2721 2719 2764 2295 2383
419 1599 1499 1687 2729 2717 2753 2290 2376
420 1617 1518 1669 2726 2714 2753 2269 2346
421 1645 1528 1676 2726 2729 2765 2265 2301
422 1648 1548 1681 2732 2718 2749 2275 2268
423 1653 1540 1684 2736 2712 2743 2270 2264
424 1662 1535 1703 2739 2718 2752 2289 2185
425 1671 1529 1716 2730 2719 2764 2326 2151
426 1667 1529 1693 2738 2719 2747 2359 2280
427 1663 1502 1649 2732 2711 2762 2284 2331
428 1709 1482 1633 2726 2719 2764 2251 2096
429 1725 1470 1616 2737 2723 2756 2255 1905
430 1710 1457 1609 2734 2716 2765 2261 1915
431 1696 1433 1617 2729 2719 2762 2278 2054
432 1681 1401 1640 2744 2722 2759 2290 2022
433 1676 1371 1656 2731 2719 2765 2271 1901
434 1666 1339 1670 2733 2722 2764 2290 1873
435 1632 1319 1672 2745 2723 2769 2332 1937
436 1619 1297 1646 2736 2721 2762 2345 1971
437 1614 1274 1639 2740 2728 2769 2340 1862
438 1607 1261 1628 2740 2724 2768 2310 1791
439 1583 1256 1621 2740 2722 2771 2297 1832
440 1551 1255 1629 2740 2725 2770 2296 1924
441 1526 1251 1628 2745 2724 2772 2308 1984
442 1501 1258 1648 2741 2729 2768 2318 1961
443 1485 1261 1651 2745 2730 2768 2317 1979
444 1472 1261 1654 2743 2731 2785 2321 2047
445 1461 1274 1657 2741 2728 2773 2311 2089
446 1463 1277 1640 2740 2724 2776 2304 2129
447 1451 1290 1642 2740 2721 2768 2288 2150
448 1443 1296 1637 2740 2720 2765 2274 2212
449 1426 1306 1644 2742 2723 2773 2269 2279
450 1430 1308 1642 2740 2724 2762 2257 2307
451 1450 1315 1646 2733 2718 2764 2258 2332
452 1452 1323 1648 2736 2728 2773 2252 2344
453 1466 1326 1652 2735 2723 2764 2256 2373
454 1492 1328 1660 2736 2728 2764 2248 2390
455 1505 1324 1657 2741 2722 2768 2255 2382
456 1530 1327 1647 2745 2723 2764 2258 2381
457 1547 1329 1651 2740 2720 2760 2260 2366
458 1562 1333 1653 2741 2717 2767 2269 2365
459 1566 1340 1653 2746 2721 2756 2265 2345
460 1574 1352 1653 2734 2713 2759 2271 2305
461 1588 1357 1639 2740 2720 2760 2276 2285
462 1601 1364 1648 2734 2721 2758 2282 2252
463 1606 1369 1648 2737 2719 2763 2277 2236
464 1615 1376 1644 2745 2723 2762 2282 2215
465 1615 1372 1640 2737 2709 2752 2286 2180
466 1623 1376 1645 2738 2725 2764 2295 2179
467 1609 1383 1645 2740 2723 2756 2298 2167
468 1607 1389 1639 2737 2718 2755 2293 2180
469 1612 1386 1638 2738 2721 2756 2287 2156
470 1615 1382 1640 2743 2721 2754 2269 2113
471 1607 1382 1656 2740 2716 2757 2275 2116
472 1592 1387 1658 2735 2722 2755 2290 2144
473 1589 1383 1652 2733 2725 2751 2297 2172
474 1584 1376 1648 2739 2725 2752 2303 2151
475 1592 1371 1643 2738 2716 2761 2289 2112
476 1585 1370 1644 2739 2719 2757 2281 2117
477 1569 1363 1629 2740 2717 2755 2268 2121
478 1567 1362 1644 2739 2723 2753 2272 2135
479 1565 1348 1652 2739 2723 2748 2281 2126
480 1560 1349 1655 2735 2720 2751 2287 2128
481 1561 1342 1652 2735 2722 2756 2292 2151
482 1558 1330 1653 2744 2717 2757 2283 2144
483 1561 1331 1654 2738 2721 2756 2288 2155
484 1552 1325 1644 2738 2724 2751 2282 2147
485 1550 1323 1646 2748 2723 2746 2288 2144
486 1548 1317 1646 2739 2725 2753 2288 2166
487 1539 1319 1641 2741 2720 2750 2287 2160
488 1540 1323 1641 2735 2721 2748 2288 2185
489 1547 1322 1643 2740 2720 2751 2288 2182
490 1541 1329 1637 2737 2722 2752 2293 2187
491 1530 1333 1652 2740 2722 2748 2284 2197
492 1545 1336 1648 2733 2715 2742 2285 2192
493 1541 1340 1648 2740 2723 2736 2286 2209
494 1544 1340 1641 2733 2717 2740 2299 2219
495 1551 1337 1646 2741 2717 2739 2308 2225
496 1546 1353 1647 2733 2714 2738 2320 2208
497 1558 1364 1648 2743 2720 2738 2306 2165
498 1557 1365 1659 2742 2724 2734 2293 2182
499 1560 1373 1667 2741 2722 2736 2313 2192
500 1562 1371 1659 2734 2718 2737 2328 2191
501 1576 1385 1661 2742 2711 2733 2354 2206
502 1580 1388 1653 2736 2705 2718 2356 2267
503 1579 1387 1651 2746 2719 2735 2345 2336
504 1597 1394 1640 2731 2713 2731 2318 2298
505 1612 1395 1631 2734 2710 2721 2282 2221
506 1613 1393 1637 2731 2712 2727 2276 2180
507 1618 1402 1644 2729 2708 2726 2293 2177
508 1607 1407 1653 2738 2716 2721 2309 2189
509 1610 1416 1652 2739 2714 2719 2308 2154
510 1613 1416 1659 2732 2712 2722 2326 2124
511 1616 1415 1658 2730 2718 2725 2329 2113
512 1614 1411 1658 2735 2704 2704 2344 2109
513 1614 1406 1647 2736 2699 2718 2354 2117
514 1626 1399 1636 2740 2696 2716 2337 2077
515 1612 1389 1626 2730 2691 2700 2321 2003
516 1625 1382 1638 2735 2693 2694 2312 1929
517 1616 1369 1652 2743 2707 2702 2329 1914
518 1582 1364 1662 2733 2678 2690 2358 2005
519 1559 1359 1664 2731 2685 2705 2415 2123
520 1546 1349 1648 2737 2699 2701 2426 2208
521 1543 1340 1635 2724 2691 2694 2378 2165
522 1568 1329 1633 2724 2688 2712 2310 2064
523 1564 1328 1632 2731 2685 2708 2300 2079
524 1549 1335 1644 2737 2679 2698 2339 2133
525 1525 1338 1642 2739 2688 2693 2368 2205
526 1516 1346 1639 2727 2694 2694 2402 2261
527 1516 1347 1621 2738 2679 2695 2409 2324
528 1530 1351 1605 2727 2687 2698 2347 2307
529 1537 1348 1589 2719 2673 2715 2258 2167
530 1566 1336 1591 2737 2679 2701 2212 2049
531 1559 1328 1607 2735 2682 2703 2226 2011
532 1567 1323 1627 2739 2677 2690 2274 2015
533 1562 1317 1655 2731 2685 2692 2325 2043
534 1559 1301 1669 2731 2679 2690 2351 2001
535 1560 1299 1668 2727 2678 2685 2373 1977
536 1549 1297 1674 2724 2664 2681 2398 2001
537 1527 1293 1659 2741 2683 2679 2416 2033
538 1516 1287 1637 2732 2677 2694 2415 2071
539 1510 1283 1627 2727 2672 2686 2385 2081
540 1505 1283 1615 2727 2686 2680 2361 2137
541 1496 1282 1610 2725 2683 2688 2324 2147
542 1499 1289 1607 2729 2676 2665 2300 2158
543 1490 1295 1615 2728 2671 2677 2286 2203
544 1480 1299 1633 2718 2660 2692 2291 2233
545 1472 1306 1646 2732 2673 2672 2304 2272
546 1479 1314 1650 2723 2657 2685 2311 2285
547 1484 1311 1649 2717 2664 2683 2309 2303
548 1496 1311 1643 2722 2662 2674 2299 2312
549 1490 1317 1641 2729 2670 2675 2303 2305
550 1495 1314 1637 2723 2680 2682 2307 2319
551 1502 1315 1635 2735 2674 2692 2316 2335
552 1496 1323 1643 2720 2681 2686 2316 2341
553 1494 1332 1642 2728 2678 2692 2316 2342
554 1508 1330 1641 2727 2674 2685 2326 2301
555 1509 1332 1639 2733 2677 2687 2314 2274
556 1506 1342 1642 2730 2670 2691 2325 2265
557 1512 1343 1647 2729 2673 2690 2337 2290
558 1510 1338 1651 2739 2663 2681 2354 2312
559 1511 1338 1643 2727 2676 2687 2347 2268
560 1518 1333 1642 2724 2676 2687 2332 2268
561 1515 1338 1637 2732 2664 2690 2334 2317
562 1515 1337 1637 2737 2664 2678 2328 2306
563 1527 1328 1643 2733 2679 2681 2329 2245
564 1518 1334 1660 2728 2681 2687 2335 2281
565 1501 1343 1661 2727 2667 2686 2370 2440
566 1495 1343 1646 2733 2677 2689 2389 2506
567 1513 1328 1621 2726 2690 2681 2353 2444
568 1536 1335 1618 2729 2681 2684 2307 2394
569 1539 1346 1607 2724 2682 2712 2288 2401
570 1542 1349 1614 2732 2680 2689 2288 2424
571 1569 1350 1609 2725 2676 2699 2295 2406
572 1582 1353 1607 2728 2676 2683 2319 2396
573 1601 1361 1602 2722 2669 2682 2315 2376
574 1612 1358 1597 2721 2664 2688 2293 2372
575 1619 1358 1608 2733 2660 2676 2288 2376
576 1623 1361 1613 2730 2668 2695 2295 2323
577 1636 1366 1611 2727 2668 2674 2288 2270
578 1640 1359 1623 2716 2655 2676 2277 2219
579 1641 1365 1619 2732 2664 2687 2277 2186
580 1635 1366 1627 2737 2667 2677 2283 2195
581 1629 1358 1623 2722 2673 2677 2299 2188
582 1632 1362 1616 2725 2667 2659 2291 2171
583 1627 1361 1606 2730 2671 2676 2272 2131
584 1620 1356 1600 2730 2662 2685 2264 2076
585 1610 1352 1610 2737 2668 2672 2268 2084
586 1601 1349 1610 2736 2678 2655 2282 2097
587 1597 1339 1618 2731 2679 2673 2285 2125
588 1589 1331 1618 2727 2660 2666 2288 2111
589 1582 1331 1636 2734 2671 2674 2296 2092
590 1567 1326 1629 2718 2667 2659 2296 2129
591 1559 1329 1627 2720 2664 2668 2288 2131
592 1550 1336 1635 2733 2656 2655 2281 2109
593 1539 1340 1637 2724 2658 2656 2301 2159
594 1536 1336 1629 2725 2668 2668 2312 2227
595 1528 1327 1608 2722 2668 2660 2294 2203
596 1545 1322 1606 2728 2642 2653 2256 2141
597 1548 1315 1614 2724 2658 2668 2245 2174
598 1545 1315 1621 2729 2669 2679 2260 2181
599 1532 1315 1616 2722 2662 2680 2281 2144
600 1545 1318 1624 2738 2671 2679 2273 2105
601 1539 1305 1633 2735 2680 2694 2266 2082
602 1525 1306 1646 2727 2688 2697 2288 2157
603 1502 1287 1639 2730 2681 2696 2310 2237
604 1492 1275 1622 2735 2692 2707 2313 2255
605 1488 1269 1604 2735 2684 2707 2281 2278
606 1488 1265 1588 2742 2691 2710 2236 2282
607 1498 1266 1595 2738 2698 2712 2218 2287
608 1505 1264 1600 2736 2698 2709 2220 2245
609 1503 1274 1606 2734 2696 2711 2230 2219
610 1500 1283 1623 2748 2713 2716 2230 2267
611 1519 1288 1618 2741 2703 2715 2224 2312
612 1518 1295 1612 2739 2708 2723 2216 2331
613 1528 1315 1603 2738 2707 2710 2223 2284
614 1545 1328 1598 2732 2700 2721 2203 2234
615 1567 1345 1599 2733 2707 2720 2186 2218
616 1568 1348 1611 2731 2711 2718 2203 2145
617 1577 1345 1633 2734 2702 2713 2214 2081
618 1569 1352 1647 2734 2706 2721 2225 2129
619 1550 1345 1652 2733 2709 2715 2243 2253
620 1549 1341 1648 2742 2701 2717 2272 2284
621 1550 1342 1625 2734 2709 2715 2268 2239
622 1547 1352 1607 2742 2705 2718 2237 2247
623 1540 1354 1600 2733 2702 2712 2202 2287
624 1544 1360 1600 2736 2708 2714 2179 2278
625 1552 1350 1599 2736 2706 2709 2199 2260
626 1548 1351 1627 2732 2709 2720 2218 2269
627 1552 1350 1627 2736 2712 2715 2229 2307
628 1559 1345 1623 2735 2708 2716 2214 2260
629 1574 1342 1622 2724 2707 2724 2206 2178
630 1585 1339 1638 2737 2709 2716 2204 2042
631 1582 1340 1665 2745 2706 2717 2231 2043
632 1548 1353 1669 2740 2708 2718 2285 2284
633 1523 1350 1638 2744 2709 2714 2312 2423
634 1533 1338 1590 2734 2710 2715 2289 2299
635 1545 1325 1576 2732 2706 2716 2219 2172
636 1554 1337 1584 2736 2715 2718 2178 2183
637 1544 1342 1598 2738 2705 2708 2179 2299
638 1553 1336 1606 2740 2708 2711 2216 2269
639 1572 1326 1618 2734 2699 2710 2214 2194
640 1572 1319 1631 2737 2711 2709 2217 2181
641 1569 1346 1637 2738 2704 2715 2248 2199
642 1558 1350 1640 2737 2703 2711 2275 2261
643 1567 1364 1631 2728 2706 2714 2294 2232
644 1573 1364 1615 2745 2702 2719 2255 2208
645 1569 1361 1594 2733 2696 2713 2219 2192
646 1575 1342 1590 2731 2698 2706 2214 2154
647 1569 1341 1605 2729 2701 2716 2208 2180
648 1560 1328 1622 2729 2696 2710 2217 2239
649 1547 1331 1630 2734 2703 2705 2223 2255
650 1549 1324 1630 2729 2692 2703 2245 2236
651 1556 1329 1619 2730 2697 2704 2226 2204
652 1558 1328 1617 2738 2694 2704 2203 2212
653 1557 1332 1610 2726 2691 2702 2203 2207
654 1563 1328 1612 2732 2696 2696 2228 2228
655 1550 1337 1615 2734 2687 2700 2236 2243
656 1550 1336 1620 2731 2685 2690 2231 2232
657 1559 1333 1617 2733 2693 2691 2222 2239
658 1558 1337 1621 2731 2679 2685 2207 2231
659 1556 1332 1621 2729 2686 2687 2210 2231
660 1549 1337 1615 2722 2676 2689 2211 2238
661 1552 1340 1625 2726 2673 2685 2220 2237
662 1561 1345 1627 2730 2685 2690 2224 2247
663 1559 1348 1621 2736 2693 2714 2222 2210
664 1563 1349 1623 2741 2697 2717 2229 2192
665 1553 1349 1618 2739 2699 2722 2227 2199
666 1547 1359 1623 2738 2703 2717 2228 2203
667 1538 1350 1621 2743 2714 2728 2227 2232
668 1546 1340 1620 2733 2712 2723 2224 2222
669 1543 1335 1625 2745 2715 2720 2211 2209
670 1540 1341 1632 2744 2716 2732 2233 2232
671 1529 1344 1630 2735 2717 2733 2253 2276
672 1534 1357 1631 2736 2716 2729 2249 2286
673 1538 1345 1619 2740 2713 2734 2234 2238
674 1548 1345 1615 2734 2715 2727 2212 2210
675 1555 1341 1606 2735 2714 2728 2216 2222
676 1559 1341 1607 2734 2718 2726 2217 2229
677 1562 1329 1615 2740 2714 2731 2234 2245
678 1571 1329 1612 2738 2723 2728 2224 2220
679 1562 1325 1616 2744 2712 2731 2218 2234
680 1566 1332 1613 2740 2724 2735 2219 2242
681 1576 1332 1610 2742 2714 2724 2226 2229
682 1582 1334 1612 2737 2716 2737 2223 2200
683 1579 1341 1613 2742 2724 2730 2215 2166
684 1577 1344 1617 2738 2724 2731 2213 2175
685 1569 1336 1622 2735 2722 2724 2213 2202
686 1562 1333 1616 2744 2723 2732 2213 2208
687 1553 1336 1620 2745 2725 2730 2227 2190
688 1559 1340 1613 2737 2723 2735 2216 2181
689 1540 1342 1619 2744 2718 2728 2225 2232
690 1539 1338 1617 2742 2724 2736 2222 2243
691 1553 1334 1617 2743 2716 2727 2231 2238
692 1546 1330 1613 2743 2719 2733 2219 2243
693 1556 1332 1603 2741 2714 2731 2215 2219
694 1548 1334 1605 2737 2717 2739 2213 2232
695 1552 1338 1617 2739 2721 2730 2218 2225
696 1552 1343 1618 2738 2724 2730 2225 2228
697 1554 1339 1614 2745 2724 2727 2216 2229
698 1559 1344 1617 2741 2724 2728 2218 2208
699 1556 1343 1619 2744 2720 2732 2215 2206
700 1558 1335 1619 2738 2718 2730 2222 2200
701 1560 1337 1625 2745 2725 2733 2222 2210
702 1549 1343 1618 2741 2718 2733 2219 2222
703 1553 1341 1621 2739 2724 2735 2222 2208
704 1555 1344 1618 2741 2726 2732 2220 2214
705 1549 1341 1615 2743 2728 2733 2228 2218
706 1553 1345 1616 2743 2716 2731 2219 2223
707 1553 1343 1620 2733 2722 2736 2220 2229
708 1554 1342 1622 2741 2721 2733 2222 2217
709 1554 1340 1624 2736 2717 2731 2226 2222
710 1544 1340 1616 2737 2724 2731 2222 2217
711 1557 1342 1617 2737 2723 2735 2223 2225
712 1558 1345 1624 2741 2718 2737 2224 2230
713 1562 1341 1620 2740 2723 2728 2223 2211
714 1565 1338 1617 2739 2724 2725 2231 2221
715 1560 1342 1621 2743 2722 2733 2219 2213
716 1551 1338 1616 2745 2727 2732 2222 2221
717 1557 1344 1616 2740 2722 2732 2221 2226
718 1553 1342 1612 2741 2718 2734 2223 2207
719 1543 1346 1622 2744 2719 2733 2229 2219
720 1540 1345 1621 2735 2719 2738 2220 2213
721 1552 1341 1621 2746 2717 2733 2221 2215
722 1548 1347 1611 2742 2724 2731 2223 2227
723 1541 1345 1617 2739 2724 2736 2227 2210
724 1554 1337 1625 2739 2724 2735 2224 2220
725 1552 1340 1620 2742 2721 2733 2221 2214
726 1558 1340 1619 2741 2720 2731 2225 2226
727 1551 1341 1619 2740 2728 2733 2226 2230
728 1555 1338 1613 2745 2723 2736 2225 2212
729 1554 1338 1607 2740 2720 2736 2224 2225
730 1557 1335 1617 2741 2718 2730 2225 2214
731 1555 1333 1621 2744 2720 2726 2225 2226
732 1555 1339 1612 2739 2727 2734 2231 2228
733 1558 1338 1617 2736 2717 2731 2228 2212
734 1543 1331 1616 2737 2723 2738 2225 2219
735 1551 1340 1616 2739 2724 2729 2228 2217
736 1538 1347 1617 2738 2724 2730 2225 2222
737 1550 1345 1617 2738 2718 2727 2231 2227
738 1553 1340 1620 2736 2713 2725 2224 2212
739 1563 1343 1615 2739 2723 2730 2224 2219
740 1557 1339 1618 2741 2721 2734 2226 2212
741 1558 1341 1620 2735 2717 2732 2226 2224
742 1556 1339 1611 2738 2727 2728 2230 2226
743 1554 1340 1620 2738 2719 2733 2221 2207
744 1555 1342 1617 2744 2720 2735 2229 2220
745 1554 1340 1613 2746 2712 2732 2224 2210
746 1551 1341 1619 2737 2723 2732 2231 2226
747 1544 1340 1617 2739 2717 2741 2224 2223
748 1554 1343 1615 2736 2723 2738 2226 2212
749 1555 1341 1616 2740 2723 2729 2224 2219
750 1557 1340 1609 2734 2721 2725 2229 2214
751 1553 1342 1624 2733 2719 2732 2229 2225
752 1554 1336 1617 2737 2721 2736 2224 2225
753 1556 1345 1617 2739 2726 2734 2228 2213
754 1565 1342 1618 2742 2718 2733 2223 2220
755 1553 1342 1617 2738 2717 2734 2232 2215
756 1560 1336 1620 2747 2721 2730 2225 2223
757 1552 1342 1611 2741 2721 2734 2228 2220
758 1555 1345 1618 2743 2721 2741 2229 2211
759 1546 1334 1621 2735 2721 2733 2223 2218
760 1554 1339 1618 2733 2727 2727 2232 2212
761 1550 1340 1613 2750 2724 2729 2224 2225
762 1554 1338 1622 2740 2722 2732 2229 2221
763 1561 1331 1615 2740 2721 2732 2226 2211
764 1558 1343 1618 2739 2720 2728 2231 2218
765 1554 1342 1616 2745 2721 2726 2230 2214
766 1558 1343 1625 2742 2723 2736 2227 2227
767 1544 1345 1625 2735 2726 2738 2229 2218
768 1547 1341 1617 2741 2713 2735 2230 2213
769 1550 1347 1624 2736 2717 2733 2231 2221
770 1555 1339 1621 2740 2720 2732 2223 2212
771 1547 1343 1618 2742 2717 2731 2229 2228
772 1543 1343 1622 2735 2722 2730 2226 2219
773 1552 1342 1624 2747 2716 2732 2233 2213
774 1555 1341 1618 2742 2721 2732 2230 2220
775 1553 1343 1621 2738 2717 2733 2226 2213
776 1548 1343 1615 2744 2721 2739 2230 2227
777 1558 1343 1617 2739 2722 2733 2228 2220
778 1551 1342 1619 2748 2725 2733 2235 2213
779 1559 1340 1621 2742 2721 2732 2223 2219
780 1552 1339 1612 2752 2721 2733 2228 2215
781 1559 1334 1617 2737 2719 2732 2225 2226
782 1555 1342 1620 2745 2721 2727 2231 2219
783 1558 1340 1617 2743 2724 2734 2229 2210
784 1552 1337 1622 2745 2725 2735 2229 2219
785 1559 1341 1614 2737 2723 2729 2230 2214
786 1561 1340 1620 2737 2721 2730 2230 2229
787 1560 1341 1619 2739 2721 2727 2234 2219
788 1550 1340 1617 2738 2722 2729 2229 2213
789 1558 1340 1620 2738 2720 2732 2228 2220
790 1559 1337 1619 2734 2721 2729 2227 2214
791 1560 1339 1621 2740 2726 2731 2230 2226
792 1567 1341 1622 2744 2725 2728 2234 2218
793 1554 1341 1616 2744 2727 2731 2226 2214
794 1554 1337 1623 2738 2724 2732 2230 2220
795 1547 1342 1618 2743 2727 2738 2229 2216
796 1553 1335 1616 2742 2723 2730 2230 2227
797 1549 1344 1625 2744 2720 2729 2233 2217
798 1542 1339 1618 2737 2723 2738 2226 2215
799 1552 1339 1622 2737 2724 2733 2226 2216
800 1557 1343 1621 2738 2720 2732 2229 2216
801 1558 1339 1621 2741 2725 2724 2233 2225
802 1556 1338 1616 2734 2726 2735 2228 2215
803 1557 1342 1617 2735 2716 2730 2225 2211
804 1560 1338 1622 2734 2715 2733 2230 2217
805 1554 1331 1619 2734 2719 2732 2231 2214
806 1567 1332 1621 2741 2716 2738 2233 2232
807 1554 1337 1616 2738 2722 2736 2229 2215
808 1556 1340 1616 2737 2729 2736 2229 2211
809 1554 1338 1613 2736 2712 2729 2229 2220
810 1547 1344 1623 2739 2723 2736 2231 2213
811 1557 1341 1617 2739 2722 2728 2229 2232
812 1553 1344 1620 2745 2721 2732 2229 2215
813 1555 1341 1615 2738 2725 2731 2230 2214
814 1553 1341 1619 2740 2721 2735 2229 2217
815 1555 1344 1621 2738 2726 2732 2233 2213
816 1558 1336 1618 2732 2717 2741 2229 2231
817 1554 1342 1621 2744 2720 2729 2228 2210
818 1559 1339 1617 2736 2722 2731 2228 2216
819 1561 1340 1619 2744 2725 2731 2234 2217
820 1560 1337 1620 2742 2724 2738 2231 2219
821 1557 1340 1613 2732 2713 2732 2227 2229
822 1549 1338 1615 2739 2721 2726 2213 2187
823 1558 1339 1616 2735 2723 2730 2231 2215
824 1551 1341 1620 2740 2719 2733 2231 2216
825 1550 1344 1619 2735 2725 2733 2229 2218
826 1546 1341 1616 2744 2722 2733 2227 2225
827 1554 1342 1610 2733 2716 2733 2232 2216
828 1562 1334 1616 2743 2721 2734 2232 2215
829 1558 1341 1607 2742 2720 2733 2232 2219
830 1556 1341 1616 2746 2720 2731 2228 2216
831 1553 1337 1614 2735 2717 2733 2234 2230
832 1556 1339 1617 2740 2717 2725 2227 2212
833 1554 1339 1617 2745 2715 2729 2236 2218
834 1550 1340 1615 2739 2720 2742 2227 2217
835 1557 1341 1618 2735 2714 2733 2231 2220
836 1560 1339 1616 2736 2726 2729 2227 2229
837 1560 1335 1616 2740 2720 2729 2233 2213
838 1552 1340 1620 2748 2722 2732 2234 2217
839 1550 1342 1617 2748 2722 2735 2227 2214
840 1557 1342 1619 2743 2721 2728 2230 2218
841 1548 1339 1610 2742 2720 2735 2227 2226
842 1557 1343 1620 2734 2720 2732 2233 2212
843 1550 1341 1616 2735 2722 2731 2228 2214
844 1552 1339 1611 2738 2719 2732 2232 2216
845 1545 1331 1610 2740 2722 2733 2228 2216
846 1565 1340 1615 2743 2720 2736 2233 2229
847 1556 1336 1614 2737 2722 2733 2233 2211
848 1547 1343 1619 2736 2720 2733 2231 2222
849 1557 1336 1621 2737 2725 2731 2231 2214
850 1554 1336 1615 2739 2723 2732 2229 2219
851 1564 1334 1612 2742 2722 2729 2236 2229
852 1546 1343 1619 2745 2724 2738 2229 2211
853 1562 1340 1617 2740 2718 2735 2232 2219
854 1558 1342 1612 2740 2721 2733 2229 2214
855 1558 1334 1611 2743 2725 2729 2232 2222
856 1559 1342 1619 2744 2719 2729 2234 2229
857 1546 1338 1614 2740 2716 2738 2229 2213
858 1551 1338 1611 2744 2722 2734 2230 2218
859 1554 1333 1619 2740 2718 2730 2227 2212
860 1554 1341 1615 2738 2725 2730 2235 2221
861 1557 1339 1618 2737 2724 2736 2230 2227
862 1563 1337 1618 2744 2721 2729 2230 2211
863 1565 1339 1617 2744 2722 2731 2231 2220
864 1562 1342 1618 2733 2719 2733 2227 2206
865 1554 1341 1622 2735 2720 2734 2236 2222
866 1558 1337 1618 2743 2720 2733 2230 2224
867 1560 1337 1616 2742 2727 2727 2231 2212
868 1549 1340 1616 2740 2719 2737 2229 2219
869 1553 1341 1618 2738 2724 2732 2234 2215
870 1560 1340 1621 2737 2727 2730 2234 2223
871 1555 1340 1621 2736 2723 2737 2228 2225
872 1560 1341 1619 2738 2723 2736 2232 2213
873 1556 1337 1613 2735 2722 2736 2228 2217
874 1553 1341 1620 2746 2721 2739 2236 2210
875 1553 1332 1613 2737 2721 2734 2230 2222
876 1555 1333 1622 2737 2723 2729 2232 2227
877 1555 1341 1616 2743 2721 2733 2232 2210
878 1550 1339 1617 2737 2722 2733 2233 2219
879 1553 1344 1608 2739 2726 2731 2235 2215
880 1554 1337 1619 2738 2723 2736 2231 2223
881 1548 1340 1610 2737 2724 2731 2232 2227
882 1547 1339 1618 2735 2726 2733 2230 2207
883 1554 1341 1618 2741 2725 2741 2235 2222
884 1552 1339 1610 2741 2719 2731 2232 2216
885 1557 1335 1610 2739 2715 2734 2227 2223
886 1551 1331 1612 2740 2723 2733 2232 2222
887 1560 1340 1619 2744 2723 2734 2230 2213
888 1565 1338 1614 2738 2716 2739 2236 2219
889 1555 1343 1620 2741 2724 2733 2229 2214
890 1547 1337 1617 2746 2727 2729 2233 2225
891 1556 1337 1617 2746 2723 2737 2232 2224
892 1548 1342 1609 2743 2719 2737 2234 2212
893 1554 1341 1615 2746 2721 2738 2236 2221
894 1554 1333 1618 2737 2719 2728 2229 2214
895 1554 1337 1617 2741 2725 2734 2232 2226
896 1552 1332 1616 2740 2719 2736 2230 2223
897 1551 1342 1617 2747 2721 2736 2237 2212
898 1550 1335 1613 2739 2718 2736 2231 2221
899 1542 1342 1617 2737 2721 2741 2228 2212
900 1554 1339 1616 2743 2722 2734 2231 2228
901 1559 1343 1614 2738 2722 2740 2233 2222
902 1555 1340 1611 2746 2720 2731 2233 2210
903 1561 1341 1624 2741 2726 2734 2229 2221
904 1565 1339 1613 2739 2719 2733 2231 2212
905 1561 1338 1615 2739 2721 2732 2229 2227
906 1555 1331 1606 2737 2719 2735 2235 2221
907 1557 1335 1619 2737 2718 2735 2233 2210
908 1555 1339 1610 2731 2724 2730 2226 2219
909 1563 1340 1609 2741 2718 2733 2232 2212
910 1558 1343 1620 2740 2721 2731 2234 2226
911 1554 1337 1618 2740 2715 2732 2231 2214
912 1541 1344 1618 2742 2721 2728 2227 2208
913 1542 1337 1615 2732 2716 2729 2231 2222
914 1548 1343 1619 2741 2717 2736 2233 2217
915 1555 1345 1622 2735 2720 2740 2235 2229
916 1552 1339 1619 2745 2721 2733 2229 2217
917 1557 1338 1618 2734 2728 2727 2229 2214
918 1549 1336 1620 2741 2723 2732 2232 2221
919 1550 1338 1624 2734 2723 2732 2230 2214
920 1555 1342 1618 2738 2727 2729 2238 2227
921 1553 1339 1622 2734 2724 2732 2229 2217
922 1553 1341 1618 2741 2722 2735 2234 2211
923 1556 1340 1615 2733 2727 2734 2231 2219
924 1557 1336 1617 2741 2725 2735 2233 2208
925 1557 1337 1618 2740 2725 2738 2235 2227
926 1558 1339 1617 2743 2716 2729 2228 2217
927 1558 1342 1614 2742 2726 2738 2234 2215
928 1559 1333 1616 2740 2722 2730 2229 2220
929 1561 1338 1618 2748 2720 2733 2235 2214
930 1560 1340 1616 2744 2718 2734 2231 2228
931 1564 1340 1617 2741 2717 2737 2231 2219
932 1562 1341 1619 2740 2719 2737 2232 2213
933 1557 1341 1613 2743 2715 2733 2233 2217
934 1550 1341 1617 2741 2721 2733 2235 2210
935 1556 1340 1610 2741 2725 2736 2229 2228
936 1559 1338 1613 2735 2722 2734 2233 2213
937 1557 1341 1613 2744 2722 2732 2230 2214
938 1560 1341 1616 2740 2722 2730 2235 2219
939 1565 1341 1620 2739 2724 2730 2232 2215
940 1556 1334 1616 2738 2720 2733 2230 2227
941 1553 1337 1621 2736 2724 2733 2234 2213
942 1549 1343 1621 2741 2714 2734 2231 2214
943 1555 1345 1616 2734 2716 2734 2232 2216
944 1558 1339 1612 2740 2717 2732 2229 2214
945 1555 1336 1620 2745 2722 2738 2229 2229
946 1559 1337 1621 2739 2725 2734 2231 2215
947 1554 1339 1615 2736 2721 2735 2234 2214
948 1555 1336 1621 2743 2725 2732 2229 2217
949 1559 1340 1614 2732 2724 2732 2230 2217
950 1554 1342 1619 2740 2727 2729 2231 2225
951 1556 1343 1620 2744 2719 2733 2231 2213
952 1547 1338 1617 2744 2720 2731 2233 2213
953 1559 1338 1616 2739 2727 2731 2229 2220
954 1554 1339 1619 2742 2717 2726 2232 2214
955 1555 1341 1622 2736 2725 2736 2230 2225
956 1554 1338 1621 2740 2716 2731 2233 2216
957 1562 1338 1621 2737 2718 2734 2232 2212
958 1552 1341 1618 2738 2722 2737 2230 2219
959 1553 1340 1611 2741 2717 2731 2232 2215
960 1548 1344 1619 2737 2717 2731 2232 2231
961 1542 1344 1621 2738 2719 2732 2235 2212
962 1549 1341 1611 2734 2718 2732 2231 2217
963 1556 1345 1616 2738 2719 2731 2228 2216
964 1556 1342 1617 2736 2721 2736 2232 2215
965 1561 1341 1617 2736 2720 2733 2233 2232
966 1558 1343 1618 2741 2718 2729 2232 2209
967 1559 1334 1615 2738 2719 2732 2228 2217
968 1558 1340 1622 2745 2716 2735 2230 2215
969 1549 1342 1614 2737 2718 2728 2226 2213
970 1542 1340 1622 2738 2718 2731 2235 2231
971 1546 1343 1614 2740 2724 2730 2231 2212
972 1543 1343 1625 2740 2719 2731 2228 2213
973 1540 1344 1620 2738 2725 2730 2235 2218
974 1555 1344 1616 2743 2727 2735 2230 2216
975 1545 1341 1618 2740 2720 2735 2232 2228
976 1562 1341 1620 2739 2722 2727 2230 2213
977 1558 1340 1620 2740 2717 2738 2230 2215
978 1560 1331 1610 2737 2723 2731 2231 2217
979 1547 1338 1619 2736 2726 2733 2233 2215
980 1547 1341 1620 2741 2719 2734 2234 2226
981 1545 1346 1620 2737 2721 2733 2230 2213
982 1540 1339 1617 2739 2725 2733 2231 2217
983 1545 1342 1621 2742 2720 2727 2232 2217
984 1546 1340 1618 2739 2718 2729 2236 2219
985 1535 1343 1622 2738 2718 2729 2228 2227
986 1543 1339 1623 2748 2723 2735 2232 2212
987 1551 1343 1622 2744 2727 2734 2230 2217
988 1551 1335 1618 2744 2725 2730 2234 2212
989 1550 1341 1619 2742 2724 2731 2234 2218
990 1553 1342 1618 2735 2716 2735 2224 2229
991 1546 1344 1608 2736 2723 2723 2232 2212
992 1558 1340 1615 2744 2726 2739 2230 2217
993 1557 1339 1607 2743 2718 2734 2237 2217
994 1564 1334 1619 2735 2719 2735 2231 2218
995 1544 1344 1613 2737 2720 2737 2228 2228
996 1557 1341 1619 2732 2717 2733 2232 2212
997 1559 1338 1611 2744 2716 2732 2232 2216
998 1553 1342 1621 2744 2723 2731 2238 2215
999 1546 1339 1618 2742 2724 2732 2229 2220
1000 1553 1344 1616 2741 2725 2732 2231 2225
1001 1548 1338 1617 2745 2719 2732 2231 2212
1002 1562 1345 1620 2743 2726 2732 2236 2218
1003 1551 1341 1619 2734 2721 2728 2233 2216
1004 1554 1342 1622 2741 2725 2730 2228 2220
1005 1553 1339 1607 2739 2715 2730 2228 2225
1006 1555 1343 1620 2746 2725 2735 2232 2212
1007 1559 1338 1619 2736 2718 2732 2237 2219
1008 1558 1339 1621 2742 2721 2731 2227 2211
1009 1564 1343 1614 2741 2723 2726 2231 2221
1010 1557 1340 1616 2743 2720 2741 2230 2223
1011 1552 1342 1618 2736 2724 2728 2235 2211
1012 1559 1337 1618 2739 2725 2732 2231 2214
1013 1559 1338 1611 2732 2718 2731 2230 2213
1014 1553 1343 1622 2741 2720 2733 2234 2218
1015 1551 1337 1613 2746 2712 2728 2229 2226
1016 1540 1336 1615 2737 2722 2729 2239 2211
1017 1559 1332 1618 2744 2717 2732 2229 2218
1018 1554 1339 1618 2744 2716 2732 2231 2212
1019 1556 1338 1621 2736 2723 2732 2229 2197
1020 1554 1342 1615 2720 2697 2716 2203 2203
1021 1549 1350 1620 2722 2717 2728 2221 2183
1022 1539 1346 1618 2720 2713 2717 2207 2197
1023 1543 1344 1611 2741 2711 2729 2211 2181
