0 1554 1301 1595 2738 2895 3453 2143 2197
1 1549 1310 1593 2762 2872 3432 2171 2215
2 1555 1300 1615 2761 2851 3411 2211 2257
3 1561 1294 1603 2746 2856 3392 2201 2269
4 1590 1302 1606 2722 2841 3415 2186 2104
5 1592 1318 1610 2751 2873 3400 2159 2003
6 1570 1329 1623 2742 2837 3397 2186 2022
7 1573 1328 1618 2721 2903 3402 2218 2019
8 1561 1325 1622 2768 2884 3406 2223 2023
9 1544 1313 1622 2769 2822 3360 2197 2133
10 1529 1297 1607 2782 2813 3374 2188 2173
11 1531 1273 1595 2776 2809 3358 2193 2153
12 1519 1277 1602 2786 2836 3359 2189 2173
13 1512 1277 1614 2751 2821 3373 2211 2269
14 1510 1293 1625 2752 2853 3346 2236 2385
15 1509 1292 1621 2728 2875 3363 2213 2383
16 1511 1307 1611 2734 2883 3355 2183 2382
17 1504 1315 1613 2764 2853 3362 2185 2398
18 1513 1320 1622 2756 2844 3332 2199 2426
19 1527 1338 1619 2748 2826 3317 2202 2409
20 1541 1350 1619 2724 2824 3294 2194 2365
21 1551 1358 1617 2735 2849 3302 2183 2346
22 1567 1369 1621 2729 2826 3287 2185 2345
23 1574 1362 1614 2748 2836 3263 2188 2354
24 1587 1367 1608 2778 2829 3265 2188 2353
25 1596 1366 1608 2752 2825 3248 2182 2316
26 1594 1368 1622 2742 2782 3247 2174 2297
27 1592 1372 1625 2766 2826 3224 2195 2268
28 1593 1381 1636 2748 2849 3243 2207 2251
29 1593 1391 1640 2763 2792 3226 2207 2224
30 1586 1394 1636 2775 2809 3206 2237 2199
31 1601 1392 1627 2746 2802 3212 2241 2190
32 1599 1383 1612 2734 2794 3185 2232 2170
33 1593 1379 1610 2723 2791 3184 2233 2125
34 1594 1369 1619 2727 2822 3191 2202 2215
35 1592 1349 1612 2736 2815 3173 2163 2172
36 1601 1339 1616 2764 2799 3165 2178 2069
37 1584 1336 1621 2721 2820 3170 2182 2121
38 1578 1344 1634 2749 2809 3165 2218 2193
39 1571 1355 1634 2754 2847 3174 2222 2189
40 1563 1368 1630 2739 2812 3162 2213 2120
41 1545 1348 1628 2762 2785 3128 2216 2158
42 1544 1340 1630 2784 2800 3126 2211 2194
43 1533 1341 1616 2736 2813 3125 2238 2174
44 1527 1342 1628 2754 2786 3110 2236 2252
45 1517 1319 1622 2749 2787 3095 2208 2270
46 1527 1315 1617 2740 2787 3102 2185 2266
47 1520 1300 1616 2756 2783 3068 2175 2332
48 1519 1297 1617 2765 2765 3073 2201 2402
49 1524 1288 1619 2733 2777 3061 2196 2441
50 1532 1298 1620 2747 2758 3045 2191 2388
51 1542 1312 1625 2758 2801 3053 2194 2367
52 1532 1319 1630 2728 2810 3027 2179 2367
53 1553 1342 1633 2733 2778 3011 2238 2331
54 1543 1339 1626 2750 2792 3008 2203 2392
55 1548 1346 1624 2756 2751 2994 2192 2305
56 1545 1351 1621 2740 2762 3001 2209 2285
57 1551 1355 1631 2735 2761 2973 2280 2293
58 1551 1337 1631 2726 2766 2978 2246 2276
59 1572 1336 1624 2733 2756 2938 2224 2218
60 1565 1315 1620 2747 2759 2937 2217 2201
61 1570 1318 1619 2735 2754 2919 2239 2256
62 1560 1307 1616 2754 2740 2902 2242 2273
63 1564 1314 1602 2755 2748 2896 2204 2245
64 1560 1320 1612 2748 2752 2878 2192 2230
65 1567 1329 1615 2747 2747 2868 2198 2226
66 1565 1340 1619 2738 2752 2876 2220 2223
67 1570 1350 1625 2742 2763 2864 2228 2205
68 1569 1358 1623 2737 2746 2849 2222 2202
69 1570 1361 1613 2724 2753 2841 2216 2206
70 1577 1357 1618 2732 2753 2832 2217 2181
71 1582 1362 1624 2740 2733 2804 2241 2181
72 1573 1357 1616 2750 2727 2791 2229 2188
73 1584 1367 1622 2733 2724 2785 2218 2206
74 1582 1352 1626 2733 2731 2796 2200 2195
75 1586 1357 1625 2737 2730 2776 2225 2184
76 1583 1361 1626 2740 2728 2764 2244 2226
77 1584 1364 1631 2743 2724 2773 2245 2231
78 1587 1373 1632 2735 2718 2760 2248 2218
79 1581 1378 1630 2745 2723 2753 2238 2208
80 1585 1381 1631 2733 2724 2753 2247 2190
81 1589 1387 1622 2738 2724 2756 2253 2190
82 1582 1386 1626 2741 2726 2752 2258 2187
83 1584 1385 1631 2752 2709 2740 2254 2190
84 1580 1374 1628 2740 2720 2741 2253 2201
85 1586 1382 1630 2733 2721 2738 2260 2187
86 1582 1377 1633 2730 2721 2734 2258 2193
87 1576 1377 1631 2742 2723 2732 2267 2193
88 1578 1368 1629 2738 2715 2724 2251 2194
89 1577 1365 1627 2739 2721 2735 2256 2211
90 1572 1362 1628 2735 2717 2727 2258 2202
91 1565 1356 1618 2740 2719 2727 2260 2209
92 1560 1345 1626 2736 2710 2732 2264 2207
93 1558 1343 1627 2736 2709 2723 2256 2208
94 1550 1339 1627 2734 2707 2720 2263 2218
95 1545 1331 1620 2743 2707 2715 2260 2202
96 1561 1328 1620 2738 2700 2711 2268 2216
97 1563 1317 1617 2735 2692 2710 2262 2208
98 1564 1317 1618 2727 2696 2704 2260 2217
99 1562 1318 1626 2735 2685 2689 2264 2220
100 1562 1316 1618 2732 2676 2693 2261 2195
101 1560 1315 1621 2726 2679 2681 2268 2202
102 1564 1322 1621 2728 2672 2670 2259 2193
103 1567 1325 1624 2720 2658 2667 2261 2194
104 1567 1325 1623 2720 2650 2658 2264 2197
105 1570 1323 1626 2729 2644 2645 2262 2164
106 1567 1330 1614 2719 2635 2635 2256 2163
107 1561 1333 1614 2707 2637 2635 2247 2156
108 1560 1331 1617 2717 2613 2626 2244 2159
109 1554 1334 1615 2716 2632 2635 2242 2165
110 1557 1328 1614 2712 2616 2616 2251 2158
111 1554 1327 1620 2715 2619 2617 2249 2169
112 1550 1329 1619 2707 2602 2606 2256 2163
113 1549 1324 1617 2716 2623 2603 2259 2187
114 1550 1323 1620 2717 2596 2594 2265 2209
115 1548 1323 1624 2708 2590 2588 2264 2196
116 1547 1328 1618 2712 2601 2586 2257 2214
117 1545 1330 1615 2710 2596 2594 2255 2210
118 1548 1326 1615 2717 2609 2602 2250 2229
119 1547 1337 1622 2719 2590 2594 2255 2236
120 1553 1335 1622 2719 2597 2579 2249 2230
121 1550 1342 1622 2712 2592 2602 2249 2239
122 1555 1346 1626 2704 2602 2589 2251 2239
123 1553 1346 1624 2714 2591 2583 2252 2243
124 1552 1348 1620 2719 2601 2596 2254 2244
125 1563 1346 1622 2706 2599 2591 2248 2229
126 1552 1347 1622 2714 2605 2576 2248 2234
127 1569 1344 1616 2707 2602 2583 2248 2225
128 1561 1341 1622 2710 2595 2579 2252 2226
129 1560 1345 1628 2717 2582 2593 2254 2233
130 1557 1342 1619 2717 2585 2597 2248 2210
131 1560 1340 1622 2717 2609 2599 2249 2216
132 1559 1341 1624 2717 2580 2587 2250 2202
133 1560 1338 1622 2715 2592 2585 2256 2211
134 1559 1331 1625 2714 2601 2597 2253 2216
135 1560 1338 1621 2718 2592 2589 2250 2195
136 1553 1333 1623 2713 2599 2601 2251 2204
137 1548 1332 1628 2728 2613 2592 2253 2201
138 1548 1329 1621 2709 2600 2608 2255 2212
139 1553 1330 1622 2714 2623 2590 2247 2213
140 1547 1330 1619 2724 2601 2601 2252 2206
141 1554 1331 1616 2720 2606 2613 2249 2214
142 1548 1325 1616 2711 2604 2620 2252 2213
143 1548 1329 1622 2705 2629 2617 2247 2231
144 1548 1330 1618 2711 2623 2619 2241 2233
145 1549 1326 1617 2713 2613 2611 2245 2226
146 1549 1323 1626 2720 2632 2622 2240 2234
147 1562 1327 1626 2715 2634 2624 2250 2232
148 1561 1329 1620 2722 2625 2621 2239 2238
149 1556 1327 1622 2715 2630 2637 2245 2243
150 1565 1337 1619 2727 2640 2621 2239 2220
151 1563 1336 1626 2723 2651 2628 2250 2228
152 1561 1340 1631 2720 2641 2649 2245 2214
153 1563 1335 1625 2727 2641 2640 2243 2223
154 1561 1342 1620 2725 2644 2639 2244 2217
155 1565 1341 1621 2732 2636 2650 2243 2206
156 1566 1340 1623 2731 2648 2654 2249 2218
157 1566 1334 1624 2735 2664 2661 2239 2212
158 1567 1339 1623 2729 2665 2668 2244 2222
159 1559 1331 1614 2733 2659 2673 2241 2223
160 1561 1338 1622 2727 2673 2674 2244 2204
161 1556 1333 1624 2725 2666 2677 2248 2219
162 1556 1341 1617 2733 2680 2686 2245 2222
163 1551 1340 1624 2733 2682 2697 2244 2230
164 1558 1333 1618 2735 2694 2705 2237 2215
165 1558 1338 1620 2728 2688 2693 2237 2203
166 1558 1337 1618 2736 2692 2706 2237 2219
167 1558 1337 1614 2733 2696 2711 2234 2213
168 1555 1337 1622 2738 2702 2712 2242 2228
169 1559 1337 1622 2737 2706 2715 2240 2227
170 1549 1334 1620 2742 2703 2717 2247 2219
171 1545 1328 1622 2739 2715 2722 2235 2224
172 1544 1334 1616 2738 2711 2729 2238 2222
173 1548 1334 1619 2742 2717 2724 2237 2234
174 1550 1333 1621 2747 2714 2730 2239 2239
175 1550 1333 1622 2740 2719 2741 2239 2230
176 1549 1332 1621 2739 2713 2726 2231 2237
177 1553 1329 1619 2735 2721 2734 2234 2234
178 1547 1329 1613 2742 2723 2740 2228 2244
179 1552 1331 1619 2746 2726 2742 2236 2246
180 1555 1332 1623 2747 2732 2733 2232 2237
181 1553 1328 1621 2747 2720 2745 2229 2240
182 1553 1331 1623 2742 2723 2745 2233 2232
183 1561 1335 1621 2748 2725 2736 2235 2239
184 1560 1334 1624 2751 2724 2741 2239 2232
185 1555 1337 1623 2743 2728 2748 2234 2221
186 1561 1331 1616 2752 2733 2750 2235 2224
187 1563 1334 1623 2747 2730 2749 2235 2221
188 1562 1330 1623 2743 2730 2747 2234 2229
189 1562 1332 1623 2741 2729 2758 2232 2229
190 1561 1333 1619 2745 2730 2760 2231 2222
191 1556 1334 1624 2740 2731 2760 2230 2231
192 1559 1333 1624 2743 2722 2762 2232 2229
193 1557 1332 1620 2741 2726 2766 2229 2241
194 1554 1327 1615 2742 2728 2771 2227 2242
195 1551 1332 1622 2742 2733 2769 2229 2235
196 1556 1332 1620 2746 2729 2774 2226 2241
197 1558 1336 1620 2739 2728 2782 2230 2238
198 1560 1332 1620 2741 2725 2786 2225 2245
199 1564 1332 1621 2741 2720 2796 2220 2240
200 1565 1335 1620 2737 2728 2809 2225 2227
201 1554 1330 1615 2737 2723 2805 2219 2235
202 1559 1330 1619 2733 2725 2814 2225 2229
203 1550 1331 1620 2735 2731 2834 2217 2242
204 1559 1327 1618 2757 2730 2854 2218 2235
205 1554 1320 1613 2746 2747 2872 2215 2227
206 1549 1320 1623 2745 2739 2872 2220 2244
207 1549 1319 1620 2745 2748 2900 2221 2236
208 1552 1323 1619 2750 2736 2912 2210 2241
209 1546 1324 1618 2744 2758 2919 2215 2241
210 1550 1323 1618 2758 2751 2943 2210 2233
211 1547 1316 1617 2754 2749 2946 2216 2242
212 1542 1320 1621 2744 2768 2965 2215 2238
213 1547 1314 1620 2757 2753 2957 2209 2255
214 1548 1319 1622 2772 2749 2973 2210 2254
215 1553 1317 1619 2754 2777 2989 2205 2241
216 1550 1320 1616 2733 2794 3011 2209 2258
217 1547 1319 1616 2749 2771 2996 2196 2248
218 1543 1319 1611 2749 2785 2992 2201 2260
219 1546 1317 1607 2750 2774 2992 2196 2256
220 1554 1320 1616 2728 2763 3012 2200 2250
221 1554 1317 1613 2747 2772 3035 2204 2257
222 1560 1326 1619 2765 2769 3035 2203 2250
223 1561 1326 1615 2730 2777 3034 2205 2263
224 1565 1326 1624 2724 2761 3020 2198 2245
225 1553 1326 1622 2752 2805 3037 2202 2234
226 1552 1329 1619 2717 2812 3069 2189 2244
227 1561 1327 1620 2760 2781 3046 2201 2247
228 1560 1326 1620 2779 2754 3020 2202 2271
229 1557 1322 1620 2736 2773 3025 2197 2254
230 1555 1326 1621 2744 2766 3031 2205 2242
231 1558 1330 1622 2751 2774 3041 2201 2254
232 1557 1330 1624 2738 2773 3042 2207 2249
233 1561 1336 1617 2737 2801 3035 2200 2249
234 1561 1336 1624 2741 2770 3019 2210 2241
235 1561 1335 1622 2729 2781 3001 2199 2241
236 1561 1344 1628 2755 2772 3013 2200 2247
237 1560 1340 1621 2744 2783 3017 2200 2234
238 1561 1347 1625 2751 2794 2992 2195 2258
239 1560 1346 1624 2763 2768 2981 2195 2239
240 1564 1351 1628 2744 2784 2999 2191 2229
241 1561 1353 1624 2737 2784 2994 2194 2242
242 1571 1350 1621 2739 2787 2985 2185 2241
243 1572 1345 1629 2737 2778 2971 2190 2244
244 1572 1345 1620 2728 2785 2972 2187 2234
245 1559 1349 1628 2750 2787 2974 2193 2236
246 1563 1352 1633 2746 2767 2965 2202 2249
247 1562 1337 1627 2730 2781 2972 2199 2249
248 1565 1346 1629 2754 2794 2973 2203 2244
249 1559 1341 1631 2769 2757 2958 2201 2243
250 1567 1341 1629 2770 2759 2955 2213 2249
251 1559 1343 1619 2770 2751 2949 2209 2253
252 1556 1329 1629 2739 2778 2949 2207 2247
253 1559 1339 1622 2730 2749 2925 2199 2253
254 1552 1342 1624 2748 2766 2928 2198 2251
255 1562 1347 1620 2742 2760 2929 2212 2247
256 1558 1340 1627 2757 2725 2899 2204 2254
257 1570 1339 1631 2751 2762 2921 2206 2234
258 1568 1341 1628 2743 2751 2914 2207 2235
259 1568 1343 1625 2733 2763 2905 2208 2228
260 1572 1345 1627 2753 2758 2896 2210 2213
261 1570 1349 1630 2742 2752 2875 2218 2202
262 1564 1345 1622 2742 2750 2879 2221 2199
263 1576 1338 1627 2756 2733 2866 2218 2223
264 1570 1337 1627 2738 2744 2853 2218 2190
265 1561 1335 1621 2746 2746 2863 2221 2187
266 1563 1336 1623 2743 2725 2848 2227 2212
267 1555 1338 1622 2751 2739 2841 2223 2206
268 1555 1343 1623 2737 2749 2829 2218 2215
269 1559 1347 1628 2749 2741 2829 2221 2211
270 1568 1341 1628 2759 2730 2801 2221 2223
271 1568 1338 1623 2734 2745 2819 2226 2226
272 1560 1339 1627 2742 2732 2796 2225 2224
273 1566 1346 1629 2738 2727 2788 2225 2243
274 1564 1347 1629 2752 2733 2773 2230 2239
275 1567 1350 1630 2743 2722 2773 2241 2236
276 1568 1357 1629 2737 2726 2768 2243 2240
277 1572 1360 1624 2734 2731 2764 2235 2233
278 1581 1363 1629 2743 2718 2769 2233 2236
279 1573 1362 1625 2737 2719 2755 2234 2223
280 1584 1363 1631 2744 2723 2750 2241 2215
281 1588 1367 1627 2738 2712 2750 2247 2220
282 1581 1369 1631 2735 2716 2749 2247 2215
283 1581 1361 1629 2741 2726 2746 2247 2221
284 1581 1366 1628 2737 2727 2749 2251 2201
285 1586 1367 1630 2747 2718 2736 2257 2190
286 1577 1362 1626 2738 2725 2745 2253 2199
287 1583 1369 1624 2746 2717 2741 2256 2188
288 1588 1367 1619 2746 2723 2733 2257 2202
289 1585 1361 1631 2743 2721 2738 2262 2184
290 1583 1357 1619 2736 2719 2742 2263 2183
291 1581 1361 1628 2739 2717 2735 2258 2190
292 1579 1359 1629 2741 2715 2729 2260 2181
293 1573 1354 1623 2738 2718 2733 2257 2198
294 1571 1341 1630 2743 2719 2729 2260 2181
295 1572 1338 1628 2742 2716 2730 2258 2182
296 1567 1341 1627 2743 2713 2725 2260 2189
297 1571 1338 1624 2736 2714 2718 2262 2190
298 1570 1333 1621 2736 2714 2717 2264 2201
299 1570 1337 1627 2740 2712 2724 2270 2191
300 1566 1329 1622 2740 2712 2720 2266 2192
301 1562 1333 1628 2737 2711 2711 2265 2192
302 1558 1336 1633 2740 2705 2716 2267 2192
303 1557 1331 1626 2729 2706 2704 2263 2215
304 1559 1323 1628 2726 2695 2700 2265 2202
305 1553 1324 1622 2733 2695 2693 2260 2202
306 1559 1316 1625 2729 2697 2686 2259 2210
307 1552 1325 1621 2733 2684 2681 2256 2207
308 1552 1313 1623 2732 2675 2678 2255 2227
309 1556 1320 1625 2732 2669 2672 2249 2205
310 1557 1326 1626 2726 2670 2670 2255 2205
311 1555 1327 1625 2725 2648 2660 2259 2217
312 1558 1325 1627 2723 2658 2648 2261 2213
313 1561 1329 1627 2716 2637 2647 2258 2225
314 1560 1329 1622 2719 2630 2633 2245 2204
315 1557 1330 1620 2714 2631 2652 2251 2204
316 1562 1327 1620 2711 2635 2618 2249 2204
317 1567 1330 1628 2707 2616 2620 2249 2196
318 1567 1334 1625 2708 2617 2621 2244 2210
319 1567 1333 1624 2722 2623 2603 2242 2188
320 1568 1340 1629 2711 2597 2618 2249 2190
321 1565 1336 1628 2717 2607 2608 2248 2185
322 1557 1342 1620 2712 2614 2598 2258 2188
323 1565 1342 1627 2711 2623 2582 2247 2200
324 1570 1333 1626 2715 2607 2603 2247 2185
325 1563 1337 1619 2715 2613 2609 2244 2188
326 1567 1337 1627 2712 2610 2600 2249 2191
327 1565 1335 1625 2709 2608 2600 2248 2196
328 1566 1335 1628 2711 2612 2607 2247 2213
329 1562 1340 1623 2708 2606 2597 2249 2198
330 1557 1337 1619 2720 2617 2580 2250 2205
331 1559 1338 1624 2714 2625 2608 2253 2206
332 1556 1338 1622 2717 2609 2600 2248 2209
333 1559 1338 1617 2722 2615 2614 2247 2221
334 1553 1333 1621 2716 2618 2609 2248 2211
335 1553 1340 1625 2719 2626 2613 2253 2214
336 1545 1337 1626 2715 2620 2619 2247 2214
337 1543 1331 1624 2713 2639 2616 2245 2219
338 1544 1336 1628 2722 2611 2610 2251 2234
339 1546 1338 1628 2720 2620 2619 2243 2214
340 1552 1337 1627 2717 2622 2622 2249 2219
341 1555 1333 1628 2720 2618 2607 2244 2220
342 1558 1336 1630 2725 2648 2625 2246 2221
343 1550 1338 1625 2719 2639 2631 2243 2230
344 1559 1327 1625 2721 2635 2635 2246 2215
345 1558 1336 1627 2716 2646 2632 2250 2219
346 1558 1333 1624 2728 2642 2632 2241 2216
347 1552 1338 1618 2719 2634 2633 2246 2218
348 1553 1330 1621 2725 2632 2648 2242 2228
349 1558 1337 1628 2737 2654 2651 2248 2213
350 1556 1334 1628 2731 2662 2666 2244 2211
351 1558 1329 1618 2733 2661 2664 2243 2218
352 1561 1336 1627 2727 2653 2666 2244 2217
353 1559 1330 1627 2734 2665 2678 2241 2228
354 1559 1330 1625 2735 2667 2674 2246 2213
355 1553 1335 1629 2739 2669 2678 2239 2216
356 1557 1333 1621 2737 2684 2691 2239 2217
357 1562 1335 1625 2729 2691 2695 2240 2219
358 1558 1335 1625 2733 2693 2705 2243 2229
359 1559 1332 1624 2737 2696 2706 2243 2214
360 1550 1333 1625 2731 2701 2717 2235 2215
361 1557 1334 1623 2738 2708 2713 2242 2222
362 1557 1335 1631 2735 2707 2716 2238 2220
363 1550 1331 1625 2739 2712 2725 2244 2234
364 1554 1334 1630 2741 2709 2725 2238 2220
365 1554 1332 1626 2747 2713 2730 2235 2223
366 1544 1332 1623 2745 2719 2722 2237 2225
367 1556 1334 1627 2742 2718 2729 2236 2225
368 1559 1326 1628 2745 2716 2731 2242 2236
369 1562 1333 1623 2742 2724 2735 2233 2220
370 1552 1322 1623 2746 2721 2729 2238 2226
371 1552 1333 1618 2746 2721 2732 2235 2227
372 1559 1334 1626 2738 2724 2734 2239 2225
373 1553 1335 1628 2738 2731 2738 2238 2239
374 1555 1332 1617 2746 2720 2739 2227 2217
375 1557 1330 1628 2744 2726 2741 2233 2226
376 1563 1333 1625 2740 2728 2739 2231 2221
377 1558 1333 1623 2746 2729 2745 2235 2224
378 1557 1331 1628 2748 2735 2757 2231 2237
379 1555 1327 1627 2740 2735 2756 2227 2218
380 1555 1329 1623 2751 2736 2764 2229 2229
381 1554 1329 1625 2736 2738 2761 2235 2231
382 1546 1330 1623 2745 2727 2761 2229 2234
383 1545 1327 1623 2740 2732 2772 2227 2248
384 1552 1329 1625 2740 2734 2773 2228 2232
385 1554 1319 1627 2736 2729 2778 2224 2240
386 1554 1330 1625 2745 2730 2785 2229 2235
387 1555 1321 1621 2740 2725 2794 2222 2238
388 1552 1332 1622 2741 2726 2799 2219 2244
389 1558 1331 1614 2736 2724 2805 2218 2227
390 1555 1331 1617 2744 2731 2824 2219 2234
391 1557 1327 1626 2752 2728 2841 2219 2228
392 1556 1326 1621 2747 2728 2841 2215 2235
393 1553 1326 1626 2749 2749 2886 2213 2245
394 1558 1321 1627 2750 2751 2901 2210 2231
395 1550 1321 1618 2753 2758 2917 2210 2236
396 1563 1316 1625 2734 2773 2941 2212 2237
397 1557 1321 1621 2745 2795 2966 2205 2242
398 1554 1320 1625 2737 2763 2983 2207 2254
399 1556 1321 1624 2753 2769 2996 2202 2235
400 1547 1311 1623 2764 2757 3019 2206 2246
401 1537 1318 1613 2775 2773 3026 2200 2250
402 1544 1309 1621 2768 2778 3039 2199 2258
403 1547 1308 1616 2765 2789 3049 2200 2276
404 1549 1311 1626 2752 2807 3092 2199 2256
405 1550 1313 1621 2733 2813 3094 2201 2267
406 1542 1315 1618 2750 2782 3082 2195 2266
407 1546 1314 1618 2744 2804 3076 2194 2270
408 1548 1316 1623 2761 2798 3075 2192 2275
409 1545 1317 1625 2796 2779 3097 2191 2251
410 1557 1318 1628 2772 2816 3105 2191 2261
411 1552 1318 1629 2760 2794 3100 2192 2252
412 1562 1325 1626 2755 2802 3103 2195 2258
413 1555 1328 1626 2729 2789 3086 2194 2260
414 1565 1332 1627 2716 2782 3096 2198 2234
415 1566 1329 1622 2729 2771 3089 2189 2241
416 1565 1332 1628 2746 2806 3072 2190 2231
417 1565 1333 1627 2753 2776 3085 2192 2241
418 1563 1338 1622 2764 2813 3079 2198 2250
419 1570 1340 1625 2749 2782 3078 2194 2229
420 1555 1346 1627 2761 2757 3066 2195 2235
421 1567 1343 1627 2767 2793 3092 2197 2229
422 1566 1344 1629 2755 2791 3082 2192 2234
423 1564 1344 1629 2756 2787 3085 2201 2244
424 1567 1337 1627 2747 2799 3083 2192 2229
425 1569 1345 1633 2722 2816 3104 2192 2232
426 1561 1346 1629 2750 2797 3082 2195 2232
427 1560 1334 1630 2716 2802 3099 2196 2250
428 1564 1342 1631 2766 2789 3076 2191 2257
429 1563 1340 1631 2757 2798 3081 2195 2218
430 1567 1343 1630 2746 2795 3061 2196 2228
431 1564 1334 1632 2731 2822 3070 2193 2247
432 1564 1339 1626 2740 2788 3064 2199 2255
433 1561 1337 1631 2742 2760 3059 2208 2241
434 1563 1343 1634 2743 2826 3079 2205 2223
435 1561 1335 1629 2725 2797 3082 2203 2236
436 1562 1340 1632 2774 2777 3031 2206 2236
437 1560 1337 1629 2757 2790 3018 2201 2240
438 1563 1340 1626 2738 2781 3032 2195 2246
439 1561 1341 1634 2739 2745 3011 2192 2235
440 1561 1335 1630 2730 2767 3011 2192 2250
441 1563 1335 1628 2734 2764 3010 2199 2243
442 1567 1336 1629 2751 2794 3020 2204 2245
443 1556 1341 1632 2756 2778 3019 2208 2255
444 1566 1337 1626 2758 2758 2991 2208 2238
445 1565 1343 1633 2748 2764 2971 2207 2238
446 1568 1346 1629 2721 2777 2988 2212 2228
447 1564 1345 1631 2744 2751 2968 2206 2242
448 1569 1347 1633 2734 2793 2987 2209 2243
449 1572 1349 1634 2739 2759 2947 2211 2221
450 1581 1346 1631 2752 2776 2944 2212 2226
451 1576 1347 1636 2735 2769 2931 2226 2225
452 1579 1352 1626 2737 2753 2927 2212 2235
453 1573 1344 1623 2758 2747 2910 2207 2231
454 1573 1351 1628 2740 2761 2932 2205 2205
455 1572 1348 1629 2758 2743 2888 2224 2221
456 1573 1349 1628 2746 2746 2876 2222 2215
457 1572 1352 1630 2748 2743 2865 2220 2221
458 1574 1350 1635 2742 2730 2861 2217 2228
459 1569 1346 1635 2752 2736 2865 2221 2210
460 1576 1352 1635 2743 2739 2856 2232 2224
461 1576 1351 1631 2732 2733 2839 2226 2215
462 1573 1347 1635 2733 2729 2833 2238 2221
463 1579 1350 1634 2746 2743 2818 2232 2227
464 1575 1347 1632 2746 2729 2799 2235 2215
465 1567 1350 1631 2741 2728 2798 2234 2218
466 1569 1357 1635 2742 2735 2797 2240 2212
467 1561 1354 1639 2735 2718 2780 2245 2219
468 1570 1360 1638 2736 2719 2771 2244 2226
469 1578 1357 1636 2741 2721 2768 2249 2211
470 1577 1363 1641 2736 2726 2773 2244 2211
471 1587 1367 1640 2741 2710 2755 2249 2198
472 1578 1365 1631 2736 2712 2750 2252 2208
473 1576 1366 1639 2736 2718 2749 2258 2210
474 1586 1366 1635 2739 2715 2742 2261 2193
475 1588 1367 1639 2735 2717 2743 2257 2197
476 1586 1361 1638 2735 2716 2742 2259 2187
477 1583 1368 1641 2733 2715 2741 2260 2195
478 1584 1368 1638 2741 2712 2735 2265 2191
479 1588 1364 1636 2745 2713 2730 2265 2180
480 1584 1358 1629 2742 2717 2732 2264 2193
481 1577 1357 1630 2735 2708 2724 2262 2187
482 1582 1348 1635 2738 2709 2725 2260 2194
483 1576 1347 1634 2739 2720 2727 2271 2200
484 1569 1346 1633 2732 2716 2722 2268 2186
485 1578 1345 1632 2734 2711 2720 2269 2195
486 1574 1344 1634 2739 2712 2723 2270 2191
487 1569 1343 1638 2733 2719 2717 2268 2197
488 1563 1341 1634 2740 2700 2707 2272 2202
489 1551 1338 1632 2742 2702 2705 2270 2194
490 1561 1334 1631 2735 2691 2702 2269 2204
491 1560 1329 1629 2738 2696 2702 2269 2197
492 1555 1328 1632 2736 2684 2687 2269 2207
493 1554 1328 1628 2731 2686 2675 2261 2208
494 1555 1324 1629 2725 2681 2678 2265 2196
495 1555 1319 1632 2728 2670 2668 2258 2205
496 1556 1328 1629 2727 2657 2669 2264 2202
497 1558 1323 1632 2724 2658 2665 2267 2211
498 1559 1328 1622 2728 2648 2659 2257 2214
499 1552 1320 1629 2723 2646 2651 2263 2202
500 1560 1320 1629 2722 2641 2645 2256 2203
501 1563 1327 1629 2718 2628 2643 2264 2195
502 1557 1334 1628 2715 2632 2635 2253 2205
503 1569 1331 1633 2722 2624 2608 2252 2207
504 1556 1333 1632 2711 2622 2616 2251 2189
505 1563 1333 1627 2714 2614 2604 2257 2204
506 1565 1335 1632 2708 2607 2610 2262 2195
507 1566 1324 1625 2712 2609 2611 2248 2204
508 1569 1334 1629 2720 2603 2591 2252 2197
509 1560 1327 1631 2720 2609 2606 2253 2182
510 1564 1335 1635 2709 2601 2600 2259 2197
511 1561 1339 1631 2729 2610 2578 2258 2191
512 1552 1335 1632 2716 2596 2590 2253 2202
513 1562 1329 1633 2718 2618 2604 2255 2201
514 1564 1337 1630 2709 2592 2595 2258 2187
515 1562 1342 1624 2709 2601 2595 2261 2200
516 1563 1342 1623 2714 2612 2595 2252 2191
517 1558 1336 1627 2718 2611 2597 2250 2204
518 1551 1336 1626 2717 2605 2585 2249 2207
519 1557 1334 1632 2719 2607 2601 2248 2198
520 1549 1331 1628 2713 2602 2609 2256 2213
521 1555 1331 1636 2720 2602 2607 2251 2206
522 1557 1329 1629 2709 2618 2605 2251 2220
523 1556 1331 1623 2721 2607 2602 2251 2220
524 1553 1332 1632 2717 2602 2611 2258 2211
525 1556 1329 1628 2718 2610 2610 2257 2224
526 1556 1332 1632 2709 2611 2605 2249 2214
527 1559 1334 1630 2715 2616 2605 2251 2227
528 1556 1337 1633 2717 2621 2613 2252 2224
529 1553 1330 1630 2715 2615 2621 2251 2212
530 1556 1326 1634 2723 2629 2614 2246 2221
531 1554 1330 1627 2721 2627 2615 2245 2213
532 1556 1330 1630 2715 2623 2618 2245 2225
533 1564 1332 1630 2709 2615 2631 2249 2214
534 1563 1330 1627 2726 2627 2627 2252 2206
535 1562 1338 1634 2717 2626 2627 2249 2214
536 1561 1336 1632 2717 2638 2628 2249 2202
537 1563 1339 1634 2721 2636 2646 2249 2215
538 1561 1335 1629 2723 2651 2643 2250 2206
539 1561 1334 1629 2723 2650 2647 2247 2201
540 1561 1339 1626 2722 2646 2653 2251 2213
541 1556 1338 1628 2735 2653 2657 2245 2206
542 1564 1336 1633 2720 2658 2664 2248 2223
543 1556 1327 1631 2732 2655 2656 2247 2217
544 1559 1332 1626 2721 2661 2670 2243 2213
545 1557 1336 1635 2729 2674 2677 2244 2222
546 1557 1333 1628 2721 2667 2673 2243 2219
547 1555 1334 1621 2722 2668 2687 2246 2234
548 1552 1335 1628 2735 2671 2689 2242 2226
549 1554 1336 1624 2733 2678 2694 2244 2219
550 1559 1337 1629 2735 2684 2699 2241 2224
551 1559 1333 1631 2733 2691 2698 2242 2221
552 1563 1337 1624 2737 2698 2701 2246 2230
553 1560 1329 1627 2729 2698 2708 2238 2224
554 1552 1336 1625 2742 2707 2714 2242 2219
555 1562 1335 1626 2742 2705 2717 2235 2223
556 1560 1334 1626 2740 2710 2716 2243 2216
557 1562 1332 1631 2741 2710 2731 2240 2226
558 1557 1328 1628 2737 2714 2724 2238 2220
559 1554 1333 1626 2746 2716 2733 2240 2214
560 1549 1326 1630 2735 2713 2731 2235 2221
561 1559 1325 1634 2739 2724 2738 2243 2218
562 1548 1328 1625 2744 2724 2745 2232 2232
563 1553 1326 1626 2744 2722 2733 2234 2231
564 1559 1325 1631 2745 2730 2739 2235 2228
565 1554 1323 1627 2743 2728 2745 2231 2237
566 1555 1322 1627 2748 2731 2747 2233 2234
567 1552 1318 1624 2748 2731 2751 2221 2246
568 1556 1317 1622 2740 2739 2753 2226 2241
569 1560 1319 1625 2749 2730 2761 2223 2231
570 1545 1321 1628 2742 2737 2760 2230 2243
571 1556 1324 1630 2748 2726 2769 2228 2238
572 1553 1324 1631 2741 2734 2777 2224 2250
573 1553 1329 1626 2743 2732 2777 2227 2244
574 1550 1326 1628 2737 2732 2800 2225 2239
575 1553 1331 1624 2738 2727 2805 2225 2246
576 1546 1327 1629 2722 2733 2828 2215 2242
577 1553 1326 1624 2731 2723 2838 2210 2254
578 1556 1323 1625 2747 2731 2859 2209 2247
579 1557 1323 1626 2746 2722 2888 2209 2243
580 1554 1319 1626 2753 2749 2915 2207 2248
581 1555 1321 1630 2740 2753 2936 2203 2248
582 1555 1314 1629 2752 2758 2966 2203 2256
583 1552 1315 1626 2748 2786 2992 2206 2245
584 1553 1319 1627 2738 2772 3003 2213 2236
585 1557 1319 1628 2729 2796 3022 2209 2240
586 1558 1317 1632 2747 2809 3057 2204 2234
587 1553 1315 1630 2763 2772 3030 2204 2252
588 1552 1317 1629 2762 2790 3047 2200 2238
589 1542 1312 1621 2758 2779 3067 2199 2240
590 1549 1313 1618 2749 2808 3088 2190 2245
591 1551 1309 1626 2747 2796 3070 2193 2248
592 1546 1306 1625 2735 2804 3092 2191 2269
593 1542 1316 1629 2762 2787 3076 2198 2255
594 1550 1309 1629 2730 2805 3099 2198 2255
595 1550 1320 1623 2739 2789 3099 2193 2256
596 1555 1323 1630 2727 2769 3107 2203 2248
597 1558 1325 1621 2745 2790 3105 2200 2264
598 1560 1322 1631 2734 2763 3091 2199 2256
599 1573 1328 1630 2757 2819 3127 2189 2238
600 1561 1325 1626 2747 2836 3122 2190 2247
601 1562 1329 1626 2768 2807 3120 2193 2251
602 1568 1337 1634 2766 2794 3112 2199 2260
603 1567 1335 1629 2741 2787 3101 2191 2245
604 1558 1339 1629 2759 2789 3091 2180 2233
605 1571 1340 1632 2735 2808 3121 2196 2246
606 1569 1334 1630 2764 2797 3110 2191 2239
607 1570 1341 1635 2751 2801 3115 2204 2251
608 1566 1339 1626 2733 2788 3109 2191 2236
609 1567 1336 1634 2716 2805 3133 2184 2229
610 1568 1337 1636 2726 2794 3112 2194 2236
611 1570 1346 1637 2753 2799 3122 2202 2238
612 1558 1342 1637 2714 2785 3119 2205 2262
613 1561 1341 1638 2772 2767 3124 2193 2241
614 1560 1341 1633 2714 2835 3125 2191 2234
615 1563 1339 1628 2741 2804 3138 2186 2236
616 1563 1346 1636 2743 2816 3110 2194 2233
617 1564 1341 1636 2765 2809 3115 2205 2254
618 1561 1341 1623 2805 2790 3127 2202 2249
619 1568 1347 1638 2800 2788 3085 2197 2237
620 1563 1337 1629 2760 2770 3099 2193 2228
621 1568 1342 1639 2747 2815 3091 2194 2222
622 1564 1339 1638 2700 2816 3074 2200 2245
623 1559 1338 1637 2753 2779 3059 2216 2239
624 1560 1339 1638 2741 2808 3071 2210 2246
625 1560 1333 1633 2762 2805 3072 2206 2252
626 1566 1335 1631 2747 2811 3045 2202 2241
627 1563 1335 1633 2747 2777 3020 2201 2260
628 1559 1338 1633 2751 2768 3027 2214 2244
629 1565 1343 1633 2757 2764 3017 2215 2256
630 1569 1341 1635 2732 2769 3008 2212 2253
631 1570 1347 1634 2738 2780 3009 2207 2248
632 1575 1347 1634 2765 2776 2981 2208 2259
633 1563 1344 1630 2751 2773 2970 2216 2236
634 1576 1351 1624 2729 2790 2977 2226 2234
635 1581 1353 1634 2751 2760 2951 2229 2232
636 1583 1359 1636 2749 2755 2931 2220 2225
637 1579 1360 1631 2749 2743 2925 2220 2230
638 1586 1362 1643 2739 2754 2911 2226 2213
639 1581 1358 1635 2745 2733 2885 2232 2208
640 1587 1361 1643 2729 2752 2890 2230 2215
641 1581 1352 1631 2738 2743 2873 2230 2212
642 1589 1362 1639 2729 2737 2867 2234 2221
643 1584 1364 1632 2756 2740 2856 2239 2200
644 1582 1361 1629 2751 2741 2846 2248 2205
645 1586 1367 1638 2746 2731 2845 2246 2212
646 1584 1361 1636 2742 2735 2821 2240 2201
647 1574 1365 1637 2750 2730 2805 2235 2212
648 1582 1364 1640 2738 2738 2793 2240 2193
649 1578 1361 1634 2745 2728 2776 2252 2200
650 1580 1364 1643 2741 2720 2767 2252 2199
651 1593 1361 1641 2738 2733 2766 2261 2192
652 1574 1356 1638 2737 2720 2744 2255 2206
653 1577 1363 1642 2740 2723 2745 2266 2191
654 1574 1362 1638 2742 2720 2740 2260 2189
655 1569 1359 1641 2739 2721 2739 2261 2190
656 1577 1359 1639 2739 2723 2730 2260 2190
657 1575 1359 1641 2743 2713 2729 2259 2202
658 1574 1346 1635 2734 2714 2731 2268 2187
659 1572 1357 1636 2741 2720 2732 2262 2186
660 1566 1351 1635 2745 2711 2720 2265 2184
661 1562 1347 1634 2735 2715 2715 2266 2189
662 1569 1348 1638 2738 2708 2713 2269 2201
663 1565 1336 1634 2736 2716 2718 2268 2192
664 1566 1336 1641 2738 2698 2709 2264 2196
665 1560 1333 1634 2741 2698 2705 2261 2197
666 1559 1333 1636 2734 2694 2695 2264 2203
667 1551 1333 1636 2735 2686 2690 2271 2220
668 1559 1333 1627 2733 2674 2683 2261 2203
669 1559 1325 1631 2727 2662 2662 2265 2210
670 1557 1325 1633 2723 2648 2653 2264 2209
671 1555 1327 1630 2724 2651 2643 2265 2202
672 1562 1335 1625 2721 2626 2633 2268 2215
673 1565 1334 1637 2716 2620 2615 2262 2192
674 1567 1336 1638 2711 2625 2610 2268 2195
675 1572 1330 1635 2704 2616 2616 2270 2197
676 1571 1340 1637 2706 2582 2592 2274 2192
677 1565 1342 1637 2713 2583 2574 2274 2206
678 1569 1345 1630 2705 2566 2585 2270 2181
679 1570 1343 1638 2720 2551 2570 2275 2186
680 1568 1343 1634 2708 2563 2550 2273 2188
681 1572 1351 1635 2700 2588 2546 2278 2198
682 1568 1346 1636 2700 2567 2547 2271 2208
683 1575 1349 1636 2712 2555 2540 2270 2186
684 1572 1342 1632 2701 2551 2533 2273 2194
685 1569 1354 1635 2697 2542 2533 2283 2191
686 1587 1354 1629 2706 2539 2513 2286 2193
687 1578 1355 1629 2708 2548 2518 2281 2195
688 1587 1361 1633 2688 2556 2514 2284 2173
689 1583 1357 1635 2700 2524 2509 2283 2169
690 1572 1351 1642 2705 2522 2522 2282 2160
691 1582 1352 1649 2711 2548 2540 2275 2164
692 1572 1355 1640 2716 2529 2516 2276 2186
693 1565 1346 1641 2704 2553 2539 2278 2174
694 1562 1346 1635 2708 2547 2540 2274 2174
695 1554 1343 1625 2703 2556 2536 2266 2185
696 1549 1338 1624 2700 2553 2543 2264 2206
697 1540 1330 1614 2711 2544 2544 2266 2235
698 1537 1321 1625 2719 2553 2538 2265 2224
699 1543 1312 1626 2697 2548 2544 2260 2228
700 1547 1299 1633 2706 2557 2557 2247 2226
701 1550 1307 1642 2702 2551 2542 2250 2235
702 1544 1307 1644 2705 2563 2550 2252 2247
703 1538 1304 1639 2717 2587 2564 2254 2235
704 1541 1296 1627 2700 2582 2572 2258 2248
705 1536 1301 1622 2708 2599 2591 2247 2257
706 1535 1292 1623 2709 2604 2606 2249 2267
707 1551 1286 1626 2717 2605 2585 2236 2271
708 1558 1288 1616 2731 2611 2606 2238 2246
709 1563 1296 1626 2728 2623 2617 2237 2239
710 1559 1302 1622 2720 2624 2622 2246 2237
711 1571 1315 1633 2719 2632 2627 2250 2225
712 1566 1323 1635 2720 2618 2637 2253 2225
713 1574 1327 1637 2727 2645 2648 2256 2190
714 1572 1328 1632 2721 2644 2649 2253 2179
715 1576 1336 1627 2727 2650 2658 2249 2168
716 1576 1334 1627 2721 2654 2656 2247 2173
717 1573 1340 1628 2731 2654 2661 2243 2175
718 1573 1336 1622 2725 2653 2672 2236 2141
719 1570 1343 1629 2732 2665 2667 2229 2142
720 1562 1334 1630 2734 2669 2669 2237 2161
721 1565 1347 1636 2735 2670 2669 2250 2182
722 1558 1337 1635 2732 2666 2679 2259 2187
723 1556 1344 1640 2731 2674 2683 2260 2168
724 1561 1338 1646 2733 2670 2676 2253 2132
725 1551 1344 1655 2738 2669 2684 2283 2224
726 1531 1348 1654 2725 2679 2688 2298 2377
727 1538 1334 1624 2733 2677 2692 2257 2320
728 1547 1339 1603 2725 2678 2682 2212 2165
729 1552 1339 1591 2734 2673 2685 2187 2210
730 1541 1340 1602 2726 2677 2692 2195 2336
731 1546 1345 1622 2737 2672 2694 2220 2337
732 1554 1339 1636 2727 2674 2681 2237 2262
733 1561 1337 1646 2738 2672 2690 2240 2263
734 1553 1334 1648 2722 2679 2692 2245 2301
735 1565 1335 1645 2715 2678 2685 2242 2291
736 1565 1327 1645 2727 2674 2681 2244 2230
737 1576 1322 1638 2727 2677 2694 2241 2227
738 1584 1330 1630 2733 2672 2688 2251 2224
739 1577 1332 1629 2737 2681 2695 2251 2216
740 1583 1330 1629 2735 2681 2691 2248 2192
741 1580 1330 1628 2732 2673 2683 2244 2186
742 1570 1335 1620 2729 2677 2692 2236 2197
743 1575 1335 1630 2726 2678 2688 2237 2170
744 1571 1334 1626 2738 2680 2684 2239 2177
745 1565 1332 1627 2722 2674 2694 2238 2170
746 1562 1335 1623 2733 2680 2686 2235 2178
747 1569 1337 1631 2732 2671 2689 2234 2182
748 1563 1332 1630 2723 2677 2689 2242 2177
749 1560 1336 1635 2726 2678 2685 2245 2192
750 1557 1333 1633 2724 2675 2688 2243 2186
751 1562 1338 1627 2731 2680 2681 2238 2196
752 1560 1338 1627 2732 2670 2685 2240 2211
753 1556 1335 1631 2722 2676 2682 2241 2204
754 1557 1337 1619 2738 2673 2688 2241 2208
755 1558 1339 1631 2724 2671 2691 2239 2213
756 1547 1338 1630 2730 2673 2686 2234 2222
757 1550 1342 1636 2727 2667 2677 2239 2240
758 1556 1340 1632 2723 2676 2674 2239 2225
759 1556 1337 1634 2726 2661 2680 2244 2234
760 1567 1339 1631 2726 2663 2679 2241 2229
761 1562 1337 1626 2722 2659 2672 2240 2233
762 1558 1339 1634 2732 2668 2664 2243 2241
763 1563 1335 1632 2706 2637 2653 2210 2196
764 1556 1340 1633 2725 2656 2667 2248 2232
765 1558 1340 1633 2729 2663 2662 2238 2225
766 1560 1340 1633 2722 2652 2669 2243 2233
767 1560 1336 1631 2734 2650 2666 2241 2234
768 1562 1328 1631 2725 2645 2662 2245 2217
769 1564 1338 1628 2724 2639 2657 2242 2224
770 1567 1339 1630 2723 2638 2637 2240 2216
771 1567 1334 1622 2731 2629 2648 2241 2223
772 1563 1336 1621 2717 2623 2632 2244 2228
773 1568 1336 1629 2716 2609 2604 2246 2210
774 1567 1334 1632 2725 2596 2599 2240 2218
775 1564 1337 1630 2705 2601 2584 2241 2206
776 1566 1339 1637 2704 2589 2592 2243 2208
777 1570 1340 1634 2714 2632 2628 2251 2193
778 1562 1347 1640 2715 2661 2672 2264 2164
779 1560 1354 1633 2732 2676 2677 2265 2190
780 1548 1358 1632 2730 2674 2669 2254 2200
781 1547 1351 1628 2731 2676 2682 2235 2205
782 1554 1334 1633 2736 2688 2703 2228 2179
783 1557 1334 1628 2743 2695 2705 2223 2178
784 1562 1328 1632 2740 2703 2717 2231 2218
785 1553 1324 1623 2737 2712 2726 2223 2249
786 1556 1318 1628 2740 2722 2728 2212 2253
787 1554 1317 1623 2740 2719 2728 2222 2252
788 1561 1311 1625 2744 2718 2729 2233 2244
789 1561 1318 1629 2742 2719 2720 2248 2258
790 1559 1317 1631 2740 2715 2727 2249 2252
791 1562 1320 1637 2739 2714 2731 2247 2245
792 1555 1319 1629 2744 2717 2727 2237 2238
793 1565 1321 1622 2745 2715 2724 2240 2218
794 1568 1330 1628 2742 2718 2734 2241 2223
795 1571 1328 1626 2735 2721 2738 2242 2215
796 1567 1333 1631 2744 2724 2728 2234 2212
797 1574 1333 1628 2746 2715 2727 2226 2211
798 1567 1330 1616 2742 2723 2731 2228 2188
799 1574 1339 1624 2740 2721 2736 2236 2196
800 1571 1340 1628 2741 2715 2728 2245 2190
801 1569 1343 1635 2737 2717 2732 2246 2204
802 1560 1343 1633 2739 2721 2728 2242 2210
803 1558 1351 1637 2738 2722 2735 2240 2194
804 1557 1342 1629 2744 2726 2729 2239 2206
805 1553 1347 1633 2741 2720 2742 2239 2203
806 1557 1339 1628 2743 2724 2737 2234 2221
807 1564 1344 1629 2746 2721 2733 2231 2227
808 1563 1335 1625 2736 2717 2732 2233 2220
809 1563 1343 1634 2741 2717 2729 2234 2230
810 1563 1341 1634 2745 2724 2733 2241 2232
811 1560 1344 1632 2736 2727 2728 2233 2243
812 1562 1339 1627 2739 2721 2730 2233 2244
813 1557 1339 1628 2741 2721 2731 2234 2226
814 1562 1336 1633 2745 2724 2738 2239 2235
815 1565 1329 1629 2737 2716 2731 2236 2227
816 1563 1328 1631 2737 2724 2736 2235 2235
817 1569 1328 1636 2745 2725 2732 2239 2234
818 1568 1328 1633 2742 2728 2737 2237 2213
819 1564 1328 1629 2748 2725 2736 2243 2223
820 1558 1332 1632 2739 2720 2737 2237 2212
821 1559 1329 1633 2741 2715 2735 2241 2223
822 1564 1324 1633 2741 2719 2735 2240 2223
823 1559 1325 1623 2741 2716 2734 2241 2205
824 1565 1328 1630 2745 2724 2728 2241 2216
825 1562 1332 1630 2742 2725 2731 2234 2207
826 1561 1331 1629 2741 2722 2734 2240 2221
827 1564 1333 1623 2743 2729 2732 2234 2219
828 1562 1335 1635 2744 2725 2735 2244 2210
829 1564 1333 1621 2745 2723 2727 2234 2216
830 1564 1334 1633 2744 2721 2734 2238 2218
831 1561 1339 1633 2744 2725 2733 2237 2229
832 1555 1338 1628 2739 2721 2740 2238 2228
833 1561 1336 1626 2737 2722 2734 2240 2217
834 1564 1337 1632 2741 2717 2737 2232 2225
835 1561 1340 1627 2743 2719 2741 2238 2222
836 1565 1341 1635 2740 2719 2733 2233 2231
837 1565 1340 1632 2743 2727 2737 2242 2232
838 1566 1339 1630 2735 2717 2734 2236 2215
839 1566 1343 1633 2743 2724 2732 2236 2227
840 1567 1339 1635 2737 2724 2732 2238 2220
841 1559 1341 1634 2739 2718 2735 2236 2225
842 1564 1342 1632 2744 2722 2736 2242 2226
843 1566 1338 1629 2743 2720 2736 2236 2214
844 1563 1331 1624 2738 2730 2736 2239 2221
845 1561 1338 1633 2741 2719 2731 2237 2216
846 1561 1336 1627 2743 2727 2734 2240 2224
847 1559 1336 1633 2744 2717 2735 2239 2223
848 1560 1335 1624 2741 2719 2731 2236 2214
849 1561 1334 1631 2738 2725 2738 2236 2219
850 1560 1329 1631 2742 2725 2733 2237 2214
851 1558 1334 1621 2742 2726 2736 2240 2224
852 1567 1333 1633 2746 2725 2733 2237 2224
853 1557 1337 1633 2736 2723 2734 2238 2212
854 1565 1335 1627 2738 2723 2737 2237 2222
855 1553 1334 1621 2746 2722 2736 2240 2216
856 1562 1333 1631 2744 2718 2735 2241 2227
857 1563 1335 1632 2738 2723 2732 2235 2225
858 1559 1335 1630 2744 2723 2728 2239 2215
859 1559 1338 1623 2744 2724 2740 2233 2222
860 1563 1332 1632 2744 2720 2732 2242 2218
861 1558 1335 1628 2743 2721 2732 2240 2230
862 1564 1337 1623 2746 2719 2736 2237 2226
863 1560 1336 1628 2747 2731 2733 2239 2216
864 1563 1334 1628 2741 2725 2735 2235 2221
865 1567 1333 1628 2745 2720 2734 2243 2215
866 1566 1339 1629 2743 2723 2734 2236 2231
867 1565 1336 1628 2743 2720 2732 2237 2222
868 1564 1330 1633 2741 2722 2737 2238 2216
869 1553 1340 1624 2748 2724 2735 2241 2221
870 1550 1333 1631 2738 2721 2736 2238 2214
871 1560 1331 1629 2739 2722 2729 2237 2230
872 1561 1335 1619 2750 2719 2734 2235 2219
873 1557 1336 1629 2739 2720 2730 2235 2216
874 1559 1337 1621 2743 2725 2731 2244 2221
875 1563 1334 1631 2733 2722 2727 2235 2215
876 1565 1332 1631 2740 2724 2729 2239 2229
877 1563 1330 1632 2733 2724 2738 2239 2221
878 1564 1334 1633 2740 2725 2735 2242 2216
879 1569 1338 1628 2739 2724 2733 2242 2223
880 1566 1334 1617 2736 2723 2729 2234 2215
881 1565 1336 1626 2735 2728 2725 2235 2228
882 1562 1335 1628 2737 2724 2737 2237 2221
883 1562 1339 1634 2744 2721 2737 2241 2208
884 1556 1336 1618 2743 2723 2732 2237 2223
885 1562 1335 1631 2734 2727 2733 2238 2216
886 1564 1331 1632 2745 2729 2731 2238 2230
887 1564 1335 1627 2743 2722 2737 2241 2223
888 1566 1338 1632 2739 2726 2733 2240 2213
889 1562 1336 1631 2744 2721 2733 2237 2224
890 1566 1336 1633 2734 2724 2739 2236 2214
891 1563 1329 1632 2741 2722 2732 2237 2230
892 1563 1337 1632 2736 2721 2737 2238 2220
893 1558 1334 1632 2743 2727 2731 2241 2216
894 1552 1335 1629 2741 2721 2733 2237 2224
895 1561 1340 1627 2739 2721 2734 2238 2215
896 1560 1333 1631 2740 2720 2734 2237 2230
897 1562 1328 1630 2743 2725 2739 2241 2218
898 1566 1336 1628 2740 2725 2729 2237 2215
899 1563 1336 1631 2747 2719 2735 2238 2217
900 1556 1332 1624 2739 2726 2735 2237 2214
901 1566 1339 1627 2740 2725 2737 2243 2231
902 1567 1336 1628 2739 2724 2733 2242 2218
903 1567 1340 1634 2743 2723 2738 2237 2213
904 1560 1337 1629 2737 2722 2740 2238 2220
905 1551 1335 1625 2745 2722 2733 2236 2215
906 1565 1335 1634 2739 2726 2734 2245 2230
907 1558 1338 1629 2744 2725 2730 2238 2219
908 1559 1339 1631 2741 2725 2742 2239 2216
909 1562 1339 1633 2734 2723 2735 2237 2221
910 1560 1332 1628 2741 2719 2735 2238 2216
911 1564 1338 1630 2745 2719 2738 2239 2229
912 1560 1337 1634 2737 2719 2741 2236 2221
913 1561 1338 1627 2741 2719 2735 2240 2215
914 1555 1335 1627 2741 2721 2737 2237 2223
915 1562 1338 1630 2738 2730 2733 2244 2216
916 1561 1337 1619 2751 2729 2735 2239 2231
917 1555 1333 1628 2743 2721 2729 2237 2220
918 1553 1332 1617 2737 2718 2734 2240 2217
919 1558 1336 1630 2736 2724 2730 2236 2222
920 1563 1338 1629 2745 2721 2741 2245 2219
921 1559 1338 1621 2736 2721 2735 2237 2231
922 1560 1336 1629 2739 2724 2735 2239 2219
923 1553 1336 1627 2740 2727 2739 2235 2214
924 1567 1333 1632 2738 2721 2732 2239 2220
925 1567 1337 1620 2740 2725 2739 2244 2217
926 1566 1333 1621 2745 2721 2733 2237 2231
927 1566 1338 1629 2743 2725 2734 2241 2216
928 1568 1334 1627 2748 2724 2737 2234 2215
929 1562 1340 1623 2745 2725 2740 2244 2223
930 1568 1336 1631 2736 2726 2735 2236 2213
931 1562 1335 1629 2740 2717 2741 2237 2231
932 1564 1334 1620 2737 2721 2730 2239 2220
933 1561 1335 1629 2738 2723 2742 2237 2213
934 1557 1336 1623 2743 2719 2735 2244 2223
935 1564 1332 1628 2737 2716 2734 2235 2213
936 1561 1337 1630 2745 2714 2739 2239 2231
937 1563 1330 1626 2739 2719 2734 2240 2217
938 1566 1336 1625 2736 2715 2738 2240 2216
939 1558 1334 1632 2738 2723 2733 2240 2221
940 1566 1332 1626 2739 2722 2733 2234 2214
941 1563 1340 1630 2737 2720 2740 2238 2231
942 1557 1335 1624 2741 2726 2732 2238 2219
943 1560 1341 1624 2740 2725 2741 2244 2213
944 1560 1331 1632 2742 2724 2734 2237 2221
945 1555 1333 1629 2738 2724 2734 2234 2213
946 1563 1340 1634 2743 2722 2733 2235 2230
947 1563 1333 1634 2741 2723 2738 2242 2220
948 1564 1327 1626 2744 2718 2735 2242 2215
949 1552 1336 1629 2746 2720 2737 2237 2222
950 1565 1340 1631 2744 2716 2728 2238 2216
951 1557 1331 1627 2749 2725 2733 2237 2232
952 1565 1327 1624 2735 2714 2732 2239 2214
953 1563 1337 1624 2749 2723 2730 2240 2216
954 1561 1333 1629 2745 2724 2731 2239 2223
955 1565 1337 1627 2742 2728 2736 2238 2216
956 1562 1336 1622 2738 2724 2732 2239 2232
957 1557 1339 1624 2746 2725 2732 2241 2214
958 1567 1336 1630 2742 2726 2732 2239 2215
959 1564 1331 1629 2745 2728 2736 2234 2217
960 1560 1339 1629 2741 2721 2738 2233 2217
961 1564 1334 1632 2745 2725 2736 2243 2230
962 1564 1338 1627 2744 2721 2739 2241 2216
963 1564 1336 1630 2743 2728 2736 2238 2218
964 1564 1339 1635 2745 2729 2744 2239 2220
965 1564 1338 1622 2743 2717 2735 2235 2215
966 1552 1338 1630 2740 2719 2735 2242 2232
967 1559 1335 1628 2743 2730 2732 2238 2219
968 1566 1338 1632 2742 2719 2736 2236 2218
969 1563 1339 1629 2737 2726 2738 2239 2219
970 1558 1335 1628 2740 2721 2733 2238 2215
971 1565 1331 1626 2740 2725 2733 2244 2235
972 1572 1335 1625 2740 2724 2728 2233 2214
973 1559 1336 1628 2746 2722 2729 2238 2219
974 1563 1338 1633 2735 2726 2738 2238 2220
975 1560 1336 1629 2739 2725 2734 2241 2218
976 1563 1339 1628 2739 2729 2733 2239 2234
977 1563 1338 1628 2746 2723 2734 2236 2215
978 1556 1338 1630 2736 2722 2732 2239 2218
979 1559 1338 1633 2743 2722 2733 2241 2221
980 1558 1333 1622 2742 2725 2733 2244 2218
981 1565 1340 1632 2740 2725 2735 2237 2234
982 1559 1337 1630 2747 2720 2737 2235 2216
983 1561 1333 1630 2736 2723 2731 2235 2220
984 1560 1337 1623 2739 2716 2739 2240 2218
985 1563 1334 1628 2739 2727 2737 2239 2218
986 1563 1333 1627 2750 2714 2730 2238 2234
987 1560 1336 1627 2740 2722 2734 2239 2217
988 1564 1338 1633 2745 2720 2737 2239 2219
989 1559 1335 1632 2738 2722 2730 2244 2220
990 1570 1330 1635 2744 2726 2732 2235 2216
991 1561 1333 1633 2742 2715 2732 2238 2229
992 1565 1335 1630 2740 2719 2732 2238 2217
993 1560 1335 1627 2744 2717 2736 2237 2214
994 1554 1338 1630 2743 2723 2729 2242 2219
995 1560 1331 1628 2741 2722 2733 2238 2217
996 1561 1335 1629 2737 2729 2731 2239 2231
997 1565 1329 1631 2742 2727 2737 2238 2216
998 1569 1335 1634 2748 2727 2734 2242 2216
999 1562 1337 1632 2742 2720 2735 2239 2219
1000 1565 1336 1624 2737 2720 2731 2235 2215
1001 1567 1334 1626 2739 2721 2729 2238 2231
1002 1564 1336 1631 2748 2728 2726 2239 2214
1003 1563 1336 1634 2742 2722 2730 2243 2216
1004 1565 1332 1627 2747 2723 2734 2235 2214
1005 1557 1337 1634 2745 2723 2730 2239 2219
1006 1563 1335 1632 2739 2721 2733 2239 2231
1007 1562 1337 1619 2743 2727 2734 2240 2213
1008 1561 1336 1632 2735 2722 2736 2241 2217
1009 1559 1335 1632 2745 2727 2739 2237 2216
1010 1558 1334 1631 2745 2717 2737 2238 2218
1011 1554 1334 1632 2739 2720 2732 2238 2233
1012 1564 1334 1621 2740 2719 2736 2240 2211
1013 1556 1340 1629 2740 2723 2731 2237 2217
1014 1562 1341 1627 2742 2726 2728 2238 2220
1015 1562 1334 1628 2734 2723 2732 2236 2216
1016 1555 1336 1632 2739 2720 2734 2240 2230
1017 1560 1335 1628 2740 2722 2732 2238 2212
1018 1563 1339 1621 2741 2716 2739 2238 2220
1019 1568 1341 1621 2726 2708 2726 2196 2176
1020 1568 1337 1624 2727 2718 2708 2210 2198
1021 1564 1337 1623 2732 2704 2721 2213 2203
1022 1554 1337 1634 2722 2715 2734 2224 2204
1023 1563 1341 1623 2717 2715 2733 2234 2217
