0 1565 1341 1609 2745 2716 2736 2241 2217
1 1560 1335 1618 2741 2720 2736 2239 2226
2 1559 1339 1613 2745 2721 2736 2235 2218
3 1557 1336 1606 2745 2722 2733 2240 2234
4 1559 1341 1612 2744 2719 2730 2234 2218
5 1551 1334 1615 2738 2726 2738 2243 2216
6 1556 1335 1616 2741 2721 2733 2232 2221
7 1557 1341 1615 2738 2724 2737 2240 2218
8 1556 1333 1609 2740 2720 2737 2238 2228
9 1561 1339 1614 2742 2723 2735 2241 2224
10 1563 1337 1613 2746 2716 2732 2239 2216
11 1553 1338 1620 2740 2719 2731 2236 2227
12 1554 1342 1615 2749 2721 2736 2238 2215
13 1552 1340 1612 2744 2721 2733 2237 2231
14 1557 1330 1614 2739 2721 2731 2241 2219
15 1560 1336 1617 2742 2721 2733 2238 2216
16 1545 1336 1618 2743 2726 2740 2238 2227
17 1556 1339 1618 2739 2724 2738 2237 2216
18 1558 1338 1617 2745 2722 2730 2239 2231
19 1554 1330 1618 2738 2728 2731 2241 2224
20 1563 1340 1622 2744 2723 2734 2238 2217
21 1557 1336 1619 2740 2724 2731 2236 2224
22 1563 1333 1613 2746 2723 2732 2239 2218
23 1557 1343 1617 2740 2720 2739 2238 2229
24 1554 1337 1613 2743 2726 2737 2240 2226
25 1553 1341 1616 2741 2715 2736 2234 2215
26 1565 1340 1619 2746 2724 2732 2240 2226
27 1563 1335 1613 2744 2722 2733 2235 2219
28 1562 1340 1615 2739 2723 2733 2244 2231
29 1562 1339 1616 2737 2727 2735 2237 2222
30 1556 1339 1616 2749 2719 2733 2239 2216
31 1563 1342 1606 2739 2724 2734 2236 2222
32 1559 1337 1608 2742 2728 2733 2239 2217
33 1554 1339 1612 2738 2728 2730 2243 2229
34 1559 1340 1606 2740 2725 2740 2236 2229
35 1560 1339 1617 2744 2721 2733 2237 2216
36 1564 1336 1612 2740 2722 2731 2239 2226
37 1570 1341 1615 2746 2717 2737 2241 2219
38 1563 1340 1613 2748 2724 2738 2241 2230
39 1560 1340 1615 2742 2723 2739 2233 2225
40 1551 1339 1610 2740 2721 2735 2239 2216
41 1553 1338 1617 2746 2722 2732 2236 2223
42 1557 1339 1617 2750 2725 2737 2242 2217
43 1556 1336 1621 2747 2720 2733 2235 2228
44 1558 1338 1613 2735 2722 2732 2240 2229
45 1557 1340 1612 2740 2720 2736 2238 2216
46 1562 1336 1615 2742 2721 2739 2240 2225
47 1559 1339 1621 2748 2725 2735 2241 2217
48 1559 1336 1617 2744 2721 2734 2235 2230
49 1553 1337 1616 2744 2723 2735 2237 2228
50 1554 1338 1613 2732 2724 2736 2236 2216
51 1557 1341 1606 2745 2724 2737 2242 2224
52 1559 1339 1616 2739 2721 2738 2236 2217
53 1558 1338 1611 2742 2720 2740 2236 2230
54 1558 1343 1617 2738 2723 2736 2236 2228
55 1554 1338 1609 2737 2719 2733 2239 2216
56 1551 1341 1613 2743 2722 2730 2238 2221
57 1556 1339 1615 2745 2721 2733 2236 2219
58 1560 1339 1612 2741 2719 2733 2238 2225
59 1549 1340 1616 2740 2722 2739 2237 2231
60 1553 1340 1614 2740 2723 2730 2240 2212
61 1553 1339 1617 2748 2720 2738 2241 2224
62 1553 1341 1614 2741 2720 2732 2232 2217
63 1562 1339 1614 2743 2720 2736 2237 2227
64 1560 1339 1607 2739 2719 2731 2235 2230
65 1552 1338 1613 2745 2726 2733 2243 2215
66 1557 1338 1608 2742 2730 2738 2240 2224
67 1554 1332 1613 2744 2722 2741 2238 2218
68 1554 1340 1615 2742 2724 2733 2239 2227
69 1559 1332 1614 2740 2723 2734 2237 2230
70 1558 1331 1614 2742 2729 2740 2245 2217
71 1557 1335 1617 2744 2725 2737 2234 2222
72 1549 1338 1615 2741 2729 2733 2240 2218
73 1560 1337 1615 2744 2725 2734 2235 2224
74 1558 1338 1615 2744 2720 2738 2243 2233
75 1559 1335 1615 2746 2726 2736 2239 2215
76 1562 1337 1620 2746 2729 2728 2237 2224
77 1564 1341 1619 2737 2725 2739 2239 2217
78 1558 1335 1615 2739 2723 2739 2238 2226
79 1556 1339 1608 2746 2720 2741 2240 2233
80 1551 1333 1616 2744 2724 2737 2237 2216
81 1561 1339 1610 2744 2720 2740 2235 2220
82 1565 1339 1615 2745 2719 2744 2239 2219
83 1561 1334 1613 2738 2728 2738 2242 2225
84 1553 1338 1614 2746 2725 2732 2241 2232
85 1552 1335 1616 2744 2725 2736 2238 2218
86 1555 1338 1615 2743 2723 2734 2240 2224
87 1569 1333 1617 2737 2723 2738 2235 2217
88 1566 1338 1617 2742 2717 2736 2241 2225
89 1559 1338 1611 2741 2727 2732 2240 2230
90 1563 1335 1619 2743 2717 2728 2239 2219
91 1561 1338 1618 2744 2724 2732 2239 2222
92 1566 1338 1611 2742 2726 2731 2238 2221
93 1567 1341 1612 2737 2724 2738 2245 2222
94 1560 1342 1616 2748 2727 2733 2235 2230
95 1570 1342 1616 2745 2725 2733 2237 2215
96 1561 1337 1616 2748 2719 2729 2236 2220
97 1562 1334 1614 2748 2728 2734 2239 2220
98 1562 1337 1617 2745 2725 2731 2239 2221
99 1561 1338 1616 2747 2723 2733 2237 2234
100 1556 1340 1615 2745 2726 2739 2239 2217
101 1555 1341 1610 2741 2719 2732 2237 2222
102 1560 1341 1615 2747 2724 2734 2242 2221
103 1560 1338 1613 2740 2721 2728 2236 2221
104 1556 1338 1614 2744 2726 2738 2238 2235
105 1558 1343 1615 2751 2719 2737 2237 2215
106 1560 1333 1616 2737 2721 2729 2239 2222
107 1559 1336 1609 2740 2723 2731 2241 2218
108 1553 1338 1615 2746 2723 2737 2236 2223
109 1557 1334 1615 2749 2722 2737 2238 2233
110 1559 1339 1605 2747 2721 2740 2238 2220
111 1561 1343 1614 2746 2723 2736 2239 2219
112 1561 1337 1611 2742 2726 2737 2243 2225
113 1563 1337 1617 2740 2723 2729 2235 2222
114 1563 1330 1614 2740 2725 2743 2240 2235
115 1557 1335 1610 2743 2721 2730 2233 2215
116 1553 1333 1613 2748 2725 2728 2243 2221
117 1562 1338 1610 2735 2725 2739 2235 2221
118 1552 1341 1614 2747 2729 2736 2238 2221
119 1557 1338 1617 2738 2724 2737 2236 2231
120 1559 1340 1615 2745 2730 2733 2239 2219
121 1554 1335 1615 2742 2727 2737 2245 2221
122 1557 1339 1613 2745 2725 2732 2237 2223
123 1552 1342 1612 2746 2721 2732 2239 2218
124 1555 1344 1619 2745 2726 2731 2237 2235
125 1553 1341 1614 2748 2723 2736 2244 2221
126 1556 1339 1619 2744 2724 2727 2241 2219
127 1560 1342 1617 2747 2724 2735 2237 2223
128 1552 1330 1609 2738 2719 2740 2237 2220
129 1553 1339 1616 2741 2722 2738 2238 2235
130 1548 1338 1613 2739 2727 2740 2240 2216
131 1563 1340 1614 2744 2721 2736 2237 2218
132 1560 1335 1614 2747 2723 2730 2236 2220
133 1554 1340 1618 2742 2724 2729 2239 2218
134 1556 1337 1616 2746 2725 2735 2239 2231
135 1564 1333 1614 2745 2721 2737 2243 2218
136 1565 1334 1617 2748 2724 2737 2232 2214
137 1564 1337 1617 2740 2724 2742 2239 2225
138 1555 1335 1613 2739 2734 2733 2235 2218
139 1558 1339 1614 2747 2729 2732 2241 2236
140 1562 1340 1614 2744 2721 2732 2239 2221
141 1562 1337 1612 2741 2729 2738 2236 2218
142 1561 1338 1609 2737 2728 2734 2238 2220
143 1570 1340 1618 2742 2727 2735 2239 2219
144 1556 1338 1612 2739 2728 2734 2244 2233
145 1562 1341 1615 2737 2723 2735 2237 2224
146 1556 1338 1619 2737 2727 2737 2238 2217
147 1560 1340 1615 2737 2718 2740 2239 2226
148 1559 1333 1616 2745 2726 2739 2238 2215
149 1559 1340 1611 2744 2722 2734 2241 2231
150 1559 1340 1612 2744 2714 2731 2236 2224
151 1553 1340 1608 2747 2725 2732 2240 2218
152 1557 1337 1614 2742 2729 2727 2239 2227
153 1561 1340 1613 2744 2716 2734 2242 2216
154 1559 1339 1616 2736 2726 2730 2240 2233
155 1552 1338 1619 2739 2724 2741 2235 2221
156 1560 1338 1609 2741 2722 2735 2241 2218
157 1558 1341 1614 2740 2724 2741 2240 2221
158 1549 1339 1609 2746 2718 2736 2242 2218
159 1554 1337 1617 2746 2720 2737 2239 2234
160 1559 1337 1615 2744 2718 2732 2239 2222
161 1561 1336 1615 2739 2720 2736 2238 2216
162 1559 1339 1610 2740 2725 2735 2240 2224
163 1559 1342 1620 2742 2723 2730 2242 2218
164 1559 1335 1617 2744 2725 2736 2233 2229
165 1552 1333 1614 2742 2730 2742 2239 2224
166 1555 1337 1615 2745 2730 2736 2239 2216
167 1557 1337 1616 2746 2724 2732 2245 2225
168 1558 1342 1620 2740 2720 2737 2239 2218
169 1554 1339 1618 2746 2721 2732 2238 2230
170 1556 1338 1613 2744 2718 2736 2240 2226
171 1554 1332 1621 2747 2727 2738 2239 2215
172 1557 1341 1619 2737 2721 2730 2246 2226
173 1558 1334 1611 2735 2724 2728 2231 2215
174 1555 1341 1614 2741 2716 2735 2240 2232
175 1558 1343 1619 2749 2724 2734 2234 2224
176 1560 1337 1610 2738 2719 2729 2242 2216
177 1563 1338 1613 2744 2723 2736 2238 2223
178 1550 1340 1617 2743 2727 2737 2236 2218
179 1554 1338 1619 2742 2732 2736 2240 2230
180 1555 1338 1614 2738 2729 2739 2237 2228
181 1557 1337 1619 2740 2724 2737 2244 2218
182 1550 1338 1612 2746 2715 2729 2236 2224
183 1555 1336 1615 2744 2720 2736 2239 2217
184 1548 1339 1606 2741 2721 2730 2237 2230
185 1559 1341 1608 2751 2723 2726 2242 2229
186 1557 1332 1616 2746 2723 2732 2240 2217
187 1557 1335 1617 2742 2729 2736 2238 2225
188 1558 1340 1614 2749 2725 2739 2239 2218
189 1564 1339 1612 2744 2724 2738 2236 2229
190 1558 1340 1605 2741 2726 2730 2240 2226
191 1561 1337 1616 2740 2726 2736 2239 2215
192 1558 1337 1613 2747 2717 2738 2237 2222
193 1559 1337 1618 2747 2716 2736 2237 2219
194 1562 1337 1614 2747 2727 2736 2240 2232
195 1563 1340 1619 2742 2730 2736 2242 2229
196 1557 1336 1614 2740 2720 2728 2237 2218
197 1556 1335 1612 2747 2715 2735 2236 2223
198 1555 1340 1611 2747 2716 2740 2238 2219
199 1557 1340 1614 2749 2718 2727 2236 2227
200 1557 1339 1614 2753 2729 2738 2244 2231
201 1552 1337 1615 2740 2726 2740 2234 2213
202 1554 1339 1618 2747 2719 2732 2237 2221
203 1556 1338 1616 2745 2723 2732 2237 2218
204 1557 1331 1616 2748 2720 2737 2241 2228
205 1551 1339 1610 2736 2722 2734 2240 2229
206 1558 1341 1614 2743 2723 2734 2237 2215
207 1548 1343 1611 2750 2722 2735 2240 2224
208 1557 1339 1619 2743 2724 2741 2236 2218
209 1556 1337 1614 2743 2719 2739 2244 2228
210 1559 1337 1616 2744 2723 2735 2236 2231
211 1568 1338 1617 2740 2718 2730 2240 2217
212 1564 1339 1612 2739 2722 2737 2234 2222
213 1556 1339 1615 2739 2722 2734 2241 2218
214 1566 1338 1608 2748 2723 2726 2242 2225
215 1563 1341 1614 2743 2727 2738 2239 2232
216 1557 1337 1619 2736 2726 2736 2243 2215
217 1560 1342 1615 2741 2719 2731 2238 2224
218 1558 1343 1615 2740 2726 2737 2240 2218
219 1556 1341 1614 2739 2724 2731 2238 2227
220 1555 1339 1616 2741 2728 2742 2239 2234
221 1558 1331 1613 2743 2712 2736 2236 2216
222 1556 1340 1617 2741 2722 2736 2239 2225
223 1556 1339 1618 2746 2728 2730 2242 2217
224 1550 1337 1608 2745 2726 2735 2237 2225
225 1561 1339 1618 2741 2725 2731 2237 2231
226 1570 1340 1617 2750 2730 2732 2239 2217
227 1567 1330 1617 2748 2722 2739 2239 2220
228 1558 1336 1617 2737 2723 2741 2241 2220
229 1556 1336 1614 2746 2723 2739 2237 2221
230 1555 1330 1617 2744 2722 2732 2239 2234
231 1553 1339 1605 2743 2723 2735 2239 2218
232 1560 1339 1615 2737 2721 2740 2241 2222
233 1560 1338 1611 2738 2722 2735 2238 2220
234 1557 1336 1614 2746 2723 2731 2235 2223
235 1555 1337 1611 2744 2716 2736 2238 2234
236 1561 1338 1613 2741 2726 2741 2239 2214
237 1554 1342 1614 2745 2724 2734 2243 2223
238 1557 1340 1616 2737 2726 2734 2238 2220
239 1560 1335 1619 2740 2718 2734 2237 2224
240 1559 1337 1615 2744 2722 2735 2240 2233
241 1556 1338 1606 2744 2727 2733 2241 2216
242 1558 1337 1618 2750 2724 2730 2240 2222
243 1561 1339 1619 2745 2724 2733 2236 2220
244 1558 1337 1618 2739 2720 2736 2242 2224
245 1555 1337 1613 2747 2724 2732 2236 2232
246 1567 1340 1612 2743 2721 2738 2244 2217
247 1568 1333 1619 2743 2720 2730 2237 2224
248 1563 1341 1621 2749 2717 2735 2240 2221
249 1560 1338 1619 2747 2730 2741 2236 2224
250 1566 1340 1615 2741 2723 2736 2237 2232
251 1570 1339 1614 2738 2722 2734 2243 2219
252 1565 1337 1614 2739 2729 2737 2234 2219
253 1564 1338 1616 2745 2720 2739 2239 2222
254 1562 1340 1618 2742 2728 2725 2237 2218
255 1561 1343 1618 2745 2726 2738 2241 2233
256 1559 1336 1618 2742 2707 2727 2208 2186
257 1553 1341 1619 2744 2729 2734 2237 2221
258 1553 1342 1614 2740 2726 2737 2238 2220
259 1556 1344 1618 2745 2730 2736 2239 2222
260 1558 1338 1614 2742 2727 2736 2241 2232
261 1557 1339 1620 2735 2722 2734 2236 2217
262 1552 1340 1612 2745 2722 2735 2238 2221
263 1556 1343 1614 2748 2720 2734 2235 2221
264 1546 1342 1616 2741 2717 2741 2242 2221
265 1554 1341 1617 2749 2722 2735 2241 2236
266 1554 1341 1616 2742 2724 2733 2235 2219
267 1556 1342 1617 2744 2723 2737 2238 2219
268 1558 1339 1613 2738 2722 2732 2239 2225
269 1562 1337 1615 2745 2729 2730 2242 2221
270 1565 1344 1616 2742 2722 2731 2238 2236
271 1564 1343 1618 2744 2719 2736 2237 2216
272 1554 1341 1610 2747 2723 2737 2239 2220
273 1562 1339 1618 2746 2721 2733 2235 2221
274 1555 1339 1611 2745 2723 2735 2244 2221
275 1558 1338 1616 2740 2727 2734 2232 2232
276 1559 1334 1611 2743 2719 2736 2238 2220
277 1556 1340 1614 2746 2729 2744 2234 2218
278 1565 1337 1612 2744 2724 2739 2242 2224
279 1561 1342 1613 2742 2720 2735 2236 2215
280 1565 1341 1611 2746 2725 2733 2238 2235
281 1559 1336 1616 2743 2720 2731 2238 2218
282 1567 1340 1613 2743 2721 2736 2238 2219
283 1566 1339 1612 2741 2719 2736 2243 2218
284 1560 1340 1615 2745 2718 2741 2235 2219
285 1557 1338 1617 2736 2722 2737 2235 2231
286 1556 1341 1616 2739 2727 2733 2237 2223
287 1563 1337 1615 2743 2719 2739 2242 2221
288 1557 1338 1613 2740 2728 2736 2242 2224
289 1553 1337 1617 2736 2723 2730 2238 2221
290 1554 1336 1614 2749 2719 2732 2237 2232
291 1556 1340 1612 2746 2722 2738 2237 2220
292 1561 1341 1618 2739 2724 2731 2239 2216
293 1555 1335 1606 2742 2723 2729 2239 2225
294 1562 1340 1612 2741 2728 2736 2238 2218
295 1557 1342 1608 2742 2728 2741 2240 2233
296 1554 1341 1618 2745 2719 2720 2239 2222
297 1563 1339 1618 2744 2721 2733 2243 2218
298 1554 1339 1611 2741 2724 2735 2237 2225
299 1554 1337 1619 2741 2725 2729 2237 2216
300 1555 1339 1614 2740 2721 2731 2238 2234
301 1560 1334 1615 2741 2729 2736 2241 2223
302 1567 1338 1611 2741 2719 2730 2243 2221
303 1550 1342 1618 2747 2723 2728 2234 2223
304 1558 1338 1614 2746 2722 2735 2241 2220
305 1560 1337 1612 2742 2731 2737 2235 2231
306 1548 1334 1616 2749 2718 2733 2242 2223
307 1555 1340 1614 2739 2727 2733 2235 2215
308 1557 1338 1618 2743 2719 2738 2238 2226
309 1558 1341 1603 2743 2722 2733 2238 2217
310 1560 1339 1607 2748 2717 2733 2236 2231
311 1556 1341 1608 2744 2723 2736 2243 2225
312 1555 1335 1612 2745 2718 2741 2237 2216
313 1557 1336 1610 2739 2723 2738 2239 2226
314 1565 1335 1618 2740 2724 2734 2237 2216
315 1558 1341 1617 2745 2729 2734 2241 2233
316 1555 1340 1608 2742 2730 2735 2239 2225
317 1557 1338 1617 2748 2730 2739 2238 2219
318 1565 1334 1618 2739 2722 2732 2238 2224
319 1554 1340 1614 2747 2722 2739 2238 2217
320 1560 1342 1612 2739 2720 2736 2241 2228
321 1559 1338 1610 2743 2730 2733 2238 2225
322 1565 1340 1608 2734 2720 2738 2236 2215
323 1562 1340 1618 2746 2724 2738 2239 2225
324 1567 1340 1620 2736 2729 2735 2238 2214
325 1565 1340 1615 2743 2723 2736 2244 2231
326 1559 1338 1614 2745 2721 2731 2236 2223
327 1558 1331 1614 2742 2723 2733 2239 2217
328 1560 1338 1615 2742 2720 2726 2235 2224
329 1560 1343 1618 2747 2722 2732 2242 2217
330 1560 1339 1619 2735 2729 2735 2237 2227
331 1559 1332 1616 2739 2724 2736 2236 2227
332 1554 1342 1613 2738 2732 2737 2241 2218
333 1557 1342 1613 2745 2718 2732 2236 2224
334 1560 1340 1617 2743 2722 2737 2244 2217
335 1551 1333 1613 2741 2724 2738 2234 2226
336 1558 1329 1607 2743 2722 2736 2238 2227
337 1560 1338 1611 2734 2726 2737 2239 2218
338 1556 1333 1616 2743 2723 2738 2240 2222
339 1551 1340 1608 2741 2726 2732 2245 2219
340 1548 1340 1610 2749 2722 2735 2234 2228
341 1554 1339 1615 2742 2721 2729 2238 2228
342 1559 1342 1609 2744 2717 2728 2236 2216
343 1559 1336 1619 2748 2718 2730 2246 2223
344 1565 1342 1608 2742 2726 2733 2239 2219
345 1568 1338 1616 2750 2720 2732 2235 2225
346 1561 1338 1615 2737 2718 2732 2238 2229
347 1560 1338 1608 2741 2721 2740 2239 2217
348 1561 1337 1616 2742 2727 2734 2243 2224
349 1557 1337 1614 2742 2717 2737 2237 2220
350 1563 1335 1614 2740 2719 2740 2236 2225
351 1549 1340 1619 2748 2717 2732 2239 2231
352 1559 1337 1618 2742 2723 2738 2235 2214
353 1558 1340 1618 2737 2724 2731 2242 2224
354 1558 1339 1617 2747 2728 2731 2237 2214
355 1554 1339 1617 2740 2729 2737 2238 2226
356 1553 1339 1612 2744 2719 2738 2238 2234
357 1552 1340 1617 2736 2729 2738 2241 2214
358 1554 1342 1616 2745 2720 2727 2238 2226
359 1558 1340 1616 2745 2727 2732 2235 2215
360 1561 1338 1616 2752 2729 2731 2239 2228
361 1562 1338 1615 2740 2729 2732 2235 2229
362 1562 1332 1615 2746 2729 2736 2243 2215
363 1557 1341 1616 2744 2715 2733 2233 2221
364 1552 1333 1616 2743 2730 2728 2240 2218
365 1555 1339 1607 2743 2726 2741 2237 2227
366 1555 1331 1612 2742 2721 2731 2238 2232
367 1554 1343 1616 2734 2719 2736 2241 2219
368 1550 1339 1609 2745 2721 2732 2237 2221
369 1553 1337 1604 2740 2721 2735 2237 2219
370 1556 1332 1619 2742 2727 2729 2239 2226
371 1555 1328 1613 2751 2720 2738 2242 2229
372 1557 1337 1617 2742 2728 2734 2238 2216
373 1560 1337 1614 2743 2727 2734 2237 2223
374 1555 1335 1612 2748 2726 2729 2237 2218
375 1556 1342 1615 2739 2727 2730 2241 2227
376 1556 1335 1615 2743 2727 2736 2240 2231
377 1558 1335 1614 2748 2727 2728 2236 2216
378 1556 1337 1615 2746 2725 2732 2238 2219
379 1556 1338 1614 2737 2717 2736 2237 2220
380 1552 1341 1607 2744 2722 2732 2242 2225
381 1556 1340 1618 2738 2726 2738 2242 2234
382 1558 1334 1615 2741 2723 2743 2238 2216
383 1557 1341 1613 2740 2723 2732 2236 2221
384 1562 1340 1615 2739 2722 2737 2238 2219
385 1551 1342 1616 2747 2725 2737 2241 2220
386 1550 1339 1607 2734 2717 2737 2237 2233
387 1553 1342 1609 2743 2729 2731 2240 2217
388 1556 1343 1611 2741 2717 2737 2237 2220
389 1557 1340 1609 2737 2726 2740 2242 2222
390 1558 1339 1613 2741 2728 2738 2243 2222
391 1556 1336 1614 2747 2725 2734 2235 2235
392 1555 1339 1614 2736 2718 2735 2241 2217
393 1556 1334 1618 2737 2722 2731 2234 2222
394 1551 1333 1610 2748 2726 2733 2244 2221
395 1554 1340 1610 2742 2725 2738 2235 2220
396 1553 1339 1615 2747 2720 2734 2236 2237
397 1553 1340 1614 2743 2717 2734 2238 2217
398 1549 1335 1605 2745 2728 2732 2239 2221
399 1558 1338 1616 2737 2728 2733 2244 2217
400 1561 1334 1613 2747 2718 2735 2236 2224
401 1566 1338 1615 2741 2722 2733 2239 2235
402 1561 1341 1615 2738 2727 2736 2237 2218
403 1563 1338 1615 2748 2726 2736 2237 2219
404 1557 1340 1613 2744 2719 2733 2241 2221
405 1559 1341 1612 2745 2716 2732 2236 2223
406 1558 1336 1614 2736 2719 2731 2239 2236
407 1556 1342 1607 2741 2721 2736 2239 2219
408 1554 1339 1613 2738 2720 2740 2240 2220
409 1547 1335 1607 2749 2726 2737 2238 2223
410 1559 1335 1615 2745 2726 2730 2236 2222
411 1559 1335 1612 2745 2724 2739 2240 2235
412 1561 1339 1614 2745 2724 2732 2237 2216
413 1559 1332 1605 2747 2716 2739 2243 2221
414 1554 1336 1612 2742 2722 2737 2238 2219
415 1559 1338 1609 2744 2720 2737 2239 2222
416 1560 1338 1612 2749 2721 2733 2239 2238
417 1558 1338 1617 2744 2723 2734 2240 2218
418 1561 1337 1613 2745 2719 2733 2240 2221
419 1557 1338 1607 2752 2727 2733 2235 2220
420 1561 1333 1615 2737 2728 2734 2227 2195
421 1553 1338 1618 2743 2723 2736 2235 2234
422 1567 1338 1617 2738 2730 2743 2243 2218
423 1565 1333 1613 2737 2723 2732 2235 2216
424 1558 1337 1613 2742 2719 2735 2238 2221
425 1562 1339 1614 2740 2721 2740 2236 2219
426 1551 1337 1616 2748 2728 2733 2239 2236
427 1554 1333 1611 2737 2724 2735 2240 2215
428 1559 1335 1615 2744 2725 2738 2235 2219
429 1558 1337 1611 2742 2730 2736 2238 2219
430 1561 1330 1617 2745 2721 2739 2236 2219
431 1558 1332 1617 2748 2721 2731 2242 2232
432 1561 1337 1615 2742 2721 2736 2238 2217
433 1558 1339 1613 2745 2723 2738 2239 2220
434 1553 1342 1616 2741 2724 2739 2237 2222
435 1562 1340 1611 2745 2727 2742 2239 2220
436 1547 1336 1619 2739 2729 2736 2239 2230
437 1560 1337 1615 2742 2726 2739 2237 2221
438 1550 1336 1613 2736 2724 2738 2238 2220
439 1555 1340 1617 2747 2720 2740 2235 2221
440 1553 1337 1614 2750 2719 2735 2238 2220
441 1553 1333 1608 2749 2721 2738 2240 2233
442 1558 1339 1605 2740 2723 2743 2236 2223
443 1563 1340 1618 2748 2723 2739 2239 2217
444 1559 1338 1617 2742 2726 2740 2233 2225
445 1557 1338 1619 2741 2723 2746 2244 2223
446 1558 1340 1611 2742 2732 2744 2236 2235
447 1558 1337 1610 2748 2722 2741 2238 2220
448 1559 1339 1613 2745 2721 2744 2235 2218
449 1552 1338 1612 2745 2726 2743 2235 2233
450 1552 1335 1616 2738 2725 2746 2241 2223
451 1555 1339 1617 2743 2729 2745 2236 2239
452 1554 1337 1614 2740 2725 2748 2231 2227
453 1553 1336 1616 2746 2729 2748 2227 2232
454 1551 1336 1606 2742 2728 2754 2227 2234
455 1556 1331 1616 2745 2732 2753 2224 2232
456 1555 1331 1620 2747 2723 2755 2219 2258
457 1547 1330 1616 2740 2729 2756 2211 2257
458 1544 1326 1624 2740 2735 2761 2203 2261
459 1541 1322 1620 2750 2738 2785 2206 2271
460 1534 1328 1629 2748 2739 2787 2215 2248
461 1535 1336 1633 2746 2736 2808 2215 2277
462 1519 1328 1625 2744 2723 2789 2188 2312
463 1474 1285 1609 2746 2726 2789 2030 2441
464 1448 1230 1571 2762 2724 2802 1924 2454
465 1424 1203 1572 2748 2731 2808 1927 2464
466 1398 1205 1596 2754 2750 2809 2013 2571
467 1407 1244 1621 2746 2705 2788 2137 2654
468 1413 1277 1630 2760 2757 2824 2190 2653
469 1452 1292 1617 2744 2742 2826 2173 2534
470 1483 1300 1613 2763 2720 2808 2113 2407
471 1489 1295 1607 2759 2740 2820 2092 2447
472 1477 1268 1616 2754 2741 2835 2108 2522
473 1479 1244 1613 2751 2723 2842 2174 2485
474 1493 1255 1624 2765 2747 2836 2223 2461
475 1508 1266 1634 2766 2758 2824 2261 2471
476 1531 1280 1626 2765 2747 2801 2270 2533
477 1542 1264 1620 2746 2742 2859 2235 2536
478 1549 1249 1591 2742 2763 2882 2197 2471
479 1552 1227 1582 2745 2750 2854 2127 2422
480 1579 1251 1598 2765 2737 2822 2199 2331
481 1589 1270 1599 2751 2748 2813 2236 2391
482 1601 1270 1613 2768 2740 2811 2182 2447
483 1604 1258 1597 2743 2739 2816 2045 2370
484 1590 1241 1581 2731 2748 2848 1910 2271
485 1582 1236 1572 2732 2745 2863 1888 2222
486 1547 1239 1580 2741 2717 2867 1940 2299
487 1528 1255 1594 2743 2732 2874 2033 2383
488 1521 1284 1598 2763 2732 2815 2061 2420
489 1536 1308 1592 2755 2779 2872 2024 2475
490 1558 1315 1573 2746 2749 2851 1987 2343
491 1613 1376 1620 2747 2721 2851 2105 2135
492 1639 1422 1642 2740 2729 2875 2234 2088
493 1666 1451 1658 2744 2730 2868 2248 2105
494 1673 1447 1651 2751 2743 2880 2175 2131
495 1672 1418 1640 2759 2713 2831 2103 2025
496 1672 1381 1637 2752 2753 2832 2087 1993
497 1641 1361 1631 2742 2774 2819 2066 2085
498 1619 1352 1623 2726 2766 2844 2088 2174
499 1605 1340 1627 2737 2736 2839 2088 2222
500 1600 1340 1623 2748 2738 2878 2073 2179
501 1581 1339 1613 2706 2763 2932 2050 2225
502 1567 1335 1615 2715 2761 2905 2052 2306
503 1538 1351 1614 2745 2751 2935 2107 2393
504 1527 1365 1628 2766 2750 2883 2132 2508
505 1516 1352 1638 2752 2753 2874 2142 2510
506 1522 1355 1642 2735 2754 2872 2143 2510
507 1517 1355 1640 2732 2773 2875 2119 2516
508 1529 1353 1633 2725 2781 2868 2138 2486
509 1532 1361 1634 2755 2761 2890 2105 2571
510 1536 1349 1626 2717 2726 2924 2107 2584
511 1567 1372 1631 2750 2762 2884 2154 2513
512 1603 1386 1652 2759 2768 2928 2176 2452
513 1609 1387 1638 2732 2761 2873 2098 2458
514 1625 1389 1628 2756 2732 2846 2059 2462
515 1627 1365 1605 2757 2752 2865 2029 2452
516 1653 1361 1619 2721 2740 2836 2094 2332
517 1673 1355 1632 2749 2794 2892 2135 2302
518 1691 1373 1650 2704 2725 2902 2188 2218
519 1695 1400 1660 2718 2711 2917 2241 2147
520 1670 1427 1654 2734 2737 2926 2223 2121
521 1652 1396 1626 2751 2718 2853 2092 2107
522 1634 1368 1610 2772 2714 2867 1965 2121
523 1626 1311 1622 2746 2719 2895 1980 2083
524 1606 1293 1626 2769 2731 2821 2130 2106
525 1592 1303 1665 2750 2745 2837 2258 2246
526 1576 1267 1664 2753 2776 2858 2244 2340
527 1566 1268 1646 2750 2735 2863 2168 2304
528 1544 1256 1621 2768 2721 2814 2123 2299
529 1537 1259 1603 2740 2769 2845 2191 2344
530 1508 1249 1599 2746 2739 2832 2166 2454
531 1495 1261 1609 2747 2741 2781 2109 2465
532 1500 1250 1608 2766 2759 2828 2026 2452
533 1503 1235 1615 2743 2746 2818 2024 2356
534 1531 1271 1632 2735 2718 2841 2112 2280
535 1515 1296 1648 2752 2735 2829 2146 2393
536 1523 1318 1654 2745 2735 2833 2140 2436
537 1533 1317 1633 2741 2756 2842 2067 2399
538 1555 1322 1630 2763 2731 2848 2073 2312
539 1573 1319 1648 2740 2750 2837 2144 2325
540 1572 1308 1646 2736 2746 2858 2165 2387
541 1573 1294 1641 2727 2751 2855 2106 2348
542 1580 1290 1626 2755 2724 2849 2043 2305
543 1597 1294 1617 2733 2748 2807 2045 2253
544 1610 1311 1607 2756 2745 2815 2080 2242
545 1618 1343 1620 2741 2731 2806 2105 2206
546 1632 1367 1640 2735 2741 2812 2115 2146
547 1650 1400 1643 2741 2729 2767 2139 2099
548 1672 1427 1657 2744 2721 2775 2151 2051
549 1674 1431 1656 2741 2747 2784 2136 2042
550 1687 1452 1656 2747 2722 2761 2140 2020
551 1685 1465 1672 2740 2720 2764 2169 1995
552 1676 1463 1679 2737 2721 2767 2199 1993
553 1673 1460 1662 2727 2720 2765 2192 1981
554 1657 1448 1662 2738 2715 2767 2171 1994
555 1639 1441 1652 2738 2719 2758 2153 2006
556 1624 1432 1647 2742 2723 2763 2158 2037
557 1607 1412 1639 2734 2732 2772 2156 2103
558 1593 1409 1652 2748 2714 2767 2162 2148
559 1587 1394 1654 2735 2726 2754 2174 2172
560 1574 1400 1661 2733 2720 2759 2196 2169
561 1580 1395 1655 2749 2728 2761 2226 2162
562 1584 1396 1644 2743 2729 2765 2238 2170
563 1595 1400 1655 2742 2725 2760 2244 2187
564 1593 1398 1662 2744 2726 2760 2239 2227
565 1597 1389 1663 2746 2724 2759 2241 2244
566 1590 1390 1671 2746 2726 2754 2251 2229
567 1601 1379 1663 2746 2725 2766 2263 2221
568 1603 1374 1656 2746 2719 2755 2271 2199
569 1594 1361 1651 2737 2727 2756 2270 2205
570 1590 1353 1656 2740 2727 2762 2265 2209
571 1586 1353 1653 2747 2727 2772 2261 2221
572 1585 1347 1663 2744 2725 2760 2262 2255
573 1570 1332 1656 2737 2728 2758 2273 2266
574 1560 1321 1656 2745 2728 2768 2286 2272
575 1559 1315 1655 2731 2723 2761 2301 2262
576 1558 1322 1646 2748 2724 2768 2305 2260
577 1547 1323 1649 2743 2730 2762 2308 2279
578 1547 1316 1639 2741 2722 2762 2298 2273
579 1546 1314 1650 2741 2728 2765 2304 2245
580 1539 1326 1643 2744 2732 2760 2307 2304
581 1522 1332 1618 2745 2719 2765 2262 2385
582 1549 1339 1647 2732 2726 2771 2246 2349
583 1566 1331 1672 2737 2728 2758 2270 2225
584 1584 1339 1680 2743 2719 2757 2315 2185
585 1579 1343 1672 2740 2719 2762 2335 2217
586 1582 1346 1651 2749 2721 2771 2331 2228
587 1581 1348 1646 2742 2722 2767 2307 2202
588 1577 1353 1649 2732 2720 2758 2299 2175
589 1575 1361 1646 2743 2722 2762 2312 2225
590 1568 1357 1638 2734 2716 2760 2304 2271
591 1571 1356 1650 2741 2721 2771 2300 2242
592 1577 1353 1651 2740 2718 2761 2293 2202
593 1580 1347 1651 2741 2718 2758 2306 2192
594 1581 1346 1652 2742 2727 2765 2311 2228
595 1586 1347 1652 2743 2723 2762 2305 2260
596 1584 1354 1653 2742 2719 2757 2307 2230
597 1578 1349 1646 2736 2725 2770 2310 2216
598 1593 1356 1654 2746 2728 2759 2320 2204
599 1596 1349 1654 2745 2722 2758 2322 2214
600 1593 1347 1652 2737 2723 2771 2321 2226
601 1597 1345 1649 2737 2722 2765 2319 2206
602 1590 1348 1652 2735 2717 2757 2319 2210
603 1588 1341 1648 2738 2722 2763 2322 2198
604 1591 1344 1651 2738 2727 2760 2318 2200
605 1584 1341 1647 2741 2726 2753 2321 2213
606 1581 1333 1639 2737 2724 2759 2316 2201
607 1587 1333 1646 2741 2722 2762 2319 2215
608 1582 1325 1645 2739 2716 2758 2325 2207
609 1577 1333 1648 2742 2728 2765 2321 2203
610 1582 1330 1642 2749 2716 2765 2329 2207
611 1579 1330 1640 2732 2723 2762 2323 2195
612 1578 1326 1646 2738 2717 2763 2331 2209
613 1587 1331 1652 2739 2728 2766 2328 2198
614 1589 1335 1645 2743 2722 2761 2335 2197
615 1587 1335 1645 2738 2725 2758 2336 2208
616 1588 1332 1639 2742 2721 2759 2332 2185
617 1589 1339 1635 2742 2725 2763 2330 2189
618 1589 1347 1643 2732 2715 2762 2325 2192
619 1585 1341 1642 2746 2725 2764 2333 2203
620 1577 1346 1642 2742 2724 2750 2333 2227
621 1584 1342 1643 2741 2716 2760 2331 2213
622 1581 1338 1642 2736 2724 2760 2329 2220
623 1596 1341 1639 2735 2720 2755 2321 2211
624 1596 1338 1642 2742 2727 2756 2323 2212
625 1595 1338 1636 2735 2725 2756 2316 2219
626 1595 1336 1637 2743 2723 2756 2323 2199
627 1606 1338 1636 2742 2721 2754 2315 2191
628 1614 1342 1639 2741 2726 2755 2319 2163
629 1605 1336 1647 2737 2725 2751 2321 2149
630 1609 1342 1634 2739 2718 2751 2319 2162
631 1606 1341 1648 2735 2724 2753 2327 2154
632 1613 1339 1651 2732 2721 2740 2325 2137
633 1614 1346 1643 2745 2721 2751 2343 2113
634 1614 1358 1640 2741 2719 2738 2354 2103
635 1624 1360 1630 2742 2715 2745 2369 2098
636 1626 1365 1630 2740 2718 2738 2357 2041
637 1637 1373 1637 2740 2717 2742 2340 2005
638 1632 1380 1640 2740 2709 2715 2349 1987
639 1637 1397 1659 2737 2721 2741 2365 2020
640 1639 1407 1675 2735 2722 2742 2357 2086
641 1654 1396 1659 2734 2703 2734 2308 2000
642 1674 1397 1644 2755 2717 2722 2293 1836
643 1673 1403 1633 2742 2739 2723 2310 1783
644 1655 1397 1618 2737 2731 2723 2300 1894
645 1633 1379 1614 2736 2734 2742 2278 1977
646 1621 1358 1635 2734 2719 2744 2291 1914
647 1607 1341 1641 2745 2709 2725 2322 1886
648 1596 1318 1652 2751 2724 2734 2335 1959
649 1576 1306 1655 2747 2716 2735 2353 2078
650 1565 1296 1654 2750 2721 2730 2354 2129
651 1562 1290 1644 2743 2718 2729 2351 2079
652 1564 1292 1641 2748 2721 2726 2354 2070
653 1558 1301 1633 2743 2715 2724 2352 2102
654 1551 1314 1631 2738 2713 2719 2351 2149
655 1546 1334 1629 2729 2714 2725 2344 2180
656 1561 1348 1629 2745 2707 2699 2347 2134
657 1562 1364 1639 2742 2718 2705 2359 2106
658 1582 1376 1643 2744 2696 2699 2357 2087
659 1587 1385 1644 2725 2699 2715 2356 2086
660 1595 1391 1639 2741 2693 2702 2367 2111
661 1604 1387 1639 2747 2690 2682 2383 2090
662 1608 1374 1634 2735 2687 2712 2383 2085
663 1604 1369 1638 2737 2693 2710 2380 2097
664 1605 1364 1632 2735 2689 2704 2371 2100
665 1597 1365 1639 2723 2682 2702 2380 2129
666 1594 1357 1640 2738 2668 2685 2385 2129
667 1583 1357 1635 2735 2685 2699 2373 2142
668 1578 1352 1634 2715 2685 2707 2347 2144
669 1570 1347 1626 2730 2684 2690 2330 2116
670 1570 1328 1648 2724 2705 2719 2320 2180
671 1548 1335 1677 2728 2688 2696 2401 2300
672 1535 1305 1630 2735 2678 2688 2340 2380
673 1551 1301 1577 2735 2676 2709 2256 2178
674 1578 1321 1571 2744 2679 2693 2271 1932
675 1555 1341 1599 2744 2680 2689 2292 2036
676 1539 1347 1645 2725 2687 2705 2315 2253
677 1530 1336 1679 2738 2687 2693 2354 2292
678 1551 1329 1694 2735 2678 2688 2391 2136
679 1552 1306 1679 2725 2666 2697 2394 2095
680 1548 1304 1657 2720 2689 2689 2405 2198
681 1535 1321 1640 2719 2678 2687 2399 2243
682 1525 1323 1612 2740 2681 2693 2368 2226
683 1532 1324 1597 2727 2685 2698 2342 2228
684 1526 1322 1584 2725 2677 2692 2316 2221
685 1531 1327 1597 2741 2695 2680 2306 2196
686 1541 1332 1607 2734 2677 2685 2301 2131
687 1539 1333 1626 2738 2674 2695 2284 2105
688 1546 1332 1644 2737 2679 2691 2287 2128
689 1534 1334 1644 2743 2672 2684 2316 2123
690 1549 1326 1644 2739 2692 2683 2343 2163
691 1543 1314 1644 2738 2701 2693 2371 2164
692 1554 1304 1632 2734 2670 2673 2377 2171
693 1548 1295 1619 2740 2684 2697 2363 2201
694 1547 1288 1610 2742 2690 2690 2338 2206
695 1547 1282 1611 2728 2690 2700 2328 2231
696 1557 1284 1604 2730 2689 2714 2334 2220
697 1554 1294 1612 2733 2686 2706 2340 2228
698 1545 1302 1620 2739 2693 2687 2338 2248
699 1552 1309 1631 2741 2688 2706 2344 2205
700 1567 1326 1628 2743 2693 2701 2350 2200
701 1565 1328 1626 2738 2698 2709 2330 2189
702 1571 1317 1619 2732 2702 2707 2340 2173
703 1571 1320 1622 2739 2695 2705 2352 2156
704 1567 1318 1620 2733 2696 2712 2346 2135
705 1571 1321 1609 2741 2699 2711 2317 2158
706 1567 1313 1608 2746 2694 2718 2298 2143
707 1567 1315 1610 2740 2697 2705 2303 2131
708 1575 1320 1617 2742 2689 2705 2305 2145
709 1582 1316 1618 2739 2697 2710 2318 2105
710 1582 1323 1624 2733 2709 2716 2333 2085
711 1583 1329 1620 2736 2692 2713 2327 2064
712 1575 1324 1624 2733 2704 2717 2323 2067
713 1572 1322 1619 2741 2701 2704 2320 2083
714 1566 1315 1617 2736 2698 2720 2319 2064
715 1553 1296 1612 2738 2706 2719 2296 2065
716 1554 1294 1613 2737 2700 2712 2278 2044
717 1544 1292 1614 2738 2691 2710 2271 2064
718 1540 1291 1615 2738 2688 2703 2277 2093
719 1532 1291 1616 2732 2702 2710 2277 2075
720 1537 1292 1613 2732 2690 2703 2252 2094
721 1532 1288 1618 2743 2693 2698 2258 2095
722 1532 1287 1619 2736 2691 2702 2278 2113
723 1534 1290 1618 2741 2689 2717 2295 2150
724 1539 1301 1618 2733 2687 2708 2285 2143
725 1541 1305 1620 2742 2698 2707 2272 2137
726 1547 1308 1623 2736 2698 2709 2287 2099
727 1553 1336 1625 2736 2687 2702 2334 2078
728 1559 1347 1635 2734 2707 2722 2343 2140
729 1555 1345 1628 2745 2703 2717 2302 2132
730 1555 1336 1603 2738 2699 2716 2255 2099
731 1547 1325 1602 2743 2711 2694 2247 2093
732 1547 1327 1615 2745 2706 2703 2296 2141
733 1531 1320 1624 2734 2705 2710 2321 2241
734 1538 1321 1626 2738 2703 2722 2293 2221
735 1545 1324 1609 2745 2703 2717 2265 2173
736 1544 1323 1601 2733 2706 2710 2250 2189
737 1545 1324 1610 2744 2707 2709 2261 2223
738 1537 1319 1612 2747 2707 2716 2260 2261
739 1543 1314 1615 2740 2708 2716 2242 2232
740 1550 1307 1609 2740 2701 2719 2229 2231
741 1541 1302 1609 2734 2701 2714 2219 2264
742 1545 1303 1615 2749 2707 2719 2228 2280
743 1548 1301 1610 2742 2710 2713 2227 2292
744 1549 1305 1609 2741 2705 2718 2231 2287
745 1549 1300 1615 2735 2705 2712 2221 2297
746 1553 1310 1615 2734 2710 2723 2220 2301
747 1549 1313 1617 2741 2711 2717 2227 2293
748 1561 1317 1618 2745 2710 2717 2228 2298
749 1563 1329 1609 2746 2709 2721 2228 2283
750 1566 1336 1609 2741 2713 2711 2216 2274
751 1567 1345 1619 2737 2707 2725 2213 2270
752 1568 1350 1620 2737 2704 2715 2221 2262
753 1568 1353 1620 2737 2709 2716 2236 2275
754 1575 1354 1616 2734 2708 2713 2244 2260
755 1568 1351 1615 2736 2709 2722 2226 2256
756 1574 1351 1613 2744 2704 2723 2227 2197
757 1573 1363 1611 2739 2709 2720 2209 2181
758 1568 1354 1608 2738 2708 2721 2219 2223
759 1566 1358 1619 2742 2708 2716 2244 2229
760 1562 1346 1609 2740 2710 2722 2234 2221
761 1577 1344 1610 2743 2711 2715 2232 2208
762 1579 1347 1596 2729 2706 2711 2231 2222
763 1588 1337 1601 2743 2707 2723 2235 2179
764 1602 1337 1648 2730 2708 2713 2265 2020
765 1567 1347 1682 2739 2702 2706 2327 2089
766 1517 1354 1673 2738 2694 2703 2380 2356
767 1478 1364 1637 2738 2703 2702 2360 2425
768 1491 1353 1596 2736 2692 2709 2268 2266
769 1495 1342 1578 2732 2698 2714 2196 2130
770 1499 1341 1568 2734 2703 2707 2166 2270
771 1518 1332 1590 2738 2700 2701 2184 2405
772 1545 1314 1629 2742 2702 2725 2226 2272
773 1560 1305 1650 2750 2720 2763 2239 2161
774 1562 1315 1651 2750 2725 2749 2255 2205
775 1561 1319 1617 2745 2722 2718 2237 2320
776 1581 1315 1582 2733 2720 2723 2211 2267
777 1605 1310 1583 2746 2718 2743 2188 2038
778 1596 1325 1609 2745 2739 2731 2186 2090
779 1562 1341 1604 2737 2714 2735 2207 2331
780 1550 1329 1618 2743 2726 2733 2231 2334
781 1572 1329 1626 2738 2723 2738 2227 2129
782 1580 1338 1625 2747 2712 2727 2210 2064
783 1559 1346 1613 2741 2720 2731 2209 2218
784 1556 1352 1606 2743 2728 2734 2236 2281
785 1560 1340 1601 2742 2719 2731 2224 2189
786 1554 1338 1602 2739 2719 2721 2215 2163
787 1542 1335 1602 2742 2721 2740 2202 2234
788 1543 1336 1618 2747 2718 2733 2217 2310
789 1537 1326 1621 2742 2715 2731 2217 2269
790 1547 1330 1629 2741 2730 2741 2220 2219
791 1554 1337 1634 2739 2727 2737 2232 2263
792 1549 1339 1605 2746 2719 2728 2229 2294
793 1557 1332 1600 2739 2721 2739 2225 2271
794 1576 1338 1603 2742 2723 2731 2200 2216
795 1573 1341 1609 2737 2722 2732 2211 2214
796 1559 1347 1621 2741 2721 2728 2231 2251
797 1563 1344 1630 2737 2724 2737 2256 2251
798 1555 1344 1631 2745 2722 2726 2257 2235
799 1553 1345 1616 2742 2722 2730 2236 2226
800 1556 1343 1613 2744 2720 2742 2228 2237
801 1558 1334 1609 2746 2718 2736 2220 2252
802 1563 1336 1613 2736 2719 2735 2228 2232
803 1565 1332 1607 2737 2723 2734 2222 2243
804 1566 1326 1607 2738 2726 2736 2228 2261
805 1567 1327 1610 2744 2719 2733 2227 2244
806 1565 1328 1613 2740 2718 2738 2230 2241
807 1560 1338 1613 2741 2721 2728 2232 2221
808 1561 1344 1617 2743 2724 2727 2228 2230
809 1560 1336 1614 2745 2725 2736 2229 2225
810 1563 1344 1611 2742 2725 2734 2230 2214
811 1558 1339 1616 2746 2719 2731 2228 2228
812 1562 1340 1611 2742 2722 2732 2233 2236
813 1557 1338 1611 2741 2729 2738 2230 2228
814 1563 1336 1616 2739 2724 2737 2232 2215
815 1551 1338 1622 2742 2723 2728 2234 2228
816 1552 1341 1618 2744 2724 2736 2243 2252
817 1556 1339 1613 2746 2721 2741 2235 2233
818 1555 1342 1612 2742 2727 2728 2227 2229
819 1556 1335 1608 2747 2725 2739 2221 2240
820 1553 1332 1613 2743 2725 2739 2226 2233
821 1553 1334 1621 2745 2722 2734 2234 2244
822 1544 1335 1613 2742 2721 2731 2229 2234
823 1553 1335 1613 2739 2727 2741 2228 2251
824 1555 1334 1603 2749 2727 2736 2226 2256
825 1559 1337 1609 2748 2724 2736 2229 2231
826 1559 1340 1615 2737 2713 2744 2231 2241
827 1564 1338 1614 2743 2719 2740 2225 2233
828 1562 1340 1621 2739 2717 2735 2232 2241
829 1564 1340 1620 2747 2719 2736 2230 2239
830 1562 1341 1616 2742 2724 2732 2237 2225
831 1560 1342 1614 2745 2714 2730 2227 2232
832 1568 1339 1614 2742 2720 2725 2232 2229
833 1561 1342 1617 2740 2726 2739 2229 2231
834 1562 1341 1618 2745 2723 2735 2235 2241
835 1560 1332 1620 2742 2722 2739 2235 2222
836 1561 1339 1617 2741 2727 2736 2232 2233
837 1562 1332 1617 2743 2725 2729 2231 2229
838 1564 1339 1616 2740 2724 2733 2230 2235
839 1557 1337 1619 2749 2724 2732 2232 2240
840 1559 1336 1615 2746 2724 2737 2232 2230
841 1559 1337 1613 2740 2722 2736 2233 2235
842 1556 1337 1606 2746 2733 2729 2232 2230
843 1548 1333 1611 2741 2719 2732 2232 2232
844 1559 1332 1615 2747 2726 2733 2236 2244
845 1556 1341 1618 2739 2728 2736 2232 2227
846 1558 1340 1617 2744 2725 2739 2232 2230
847 1558 1334 1619 2734 2720 2743 2232 2228
848 1562 1335 1613 2741 2724 2741 2236 2233
849 1565 1341 1618 2738 2726 2733 2236 2242
850 1563 1336 1620 2740 2730 2731 2227 2221
851 1560 1342 1620 2743 2715 2743 2234 2228
852 1557 1340 1618 2744 2726 2735 2234 2224
853 1554 1338 1615 2741 2728 2732 2239 2229
854 1562 1338 1615 2740 2729 2734 2234 2241
855 1560 1338 1612 2735 2721 2737 2233 2223
856 1554 1337 1615 2745 2724 2737 2236 2231
857 1559 1334 1619 2748 2730 2735 2235 2229
858 1560 1334 1620 2740 2723 2737 2240 2230
859 1562 1337 1615 2743 2721 2732 2231 2241
860 1559 1336 1613 2742 2718 2731 2234 2225
861 1556 1336 1618 2741 2719 2734 2231 2226
862 1560 1339 1616 2749 2723 2736 2239 2228
863 1556 1338 1618 2745 2726 2730 2234 2227
864 1555 1338 1614 2748 2719 2733 2233 2242
865 1561 1338 1615 2748 2721 2733 2237 2226
866 1557 1340 1618 2736 2727 2738 2235 2228
867 1560 1337 1614 2740 2722 2734 2240 2231
868 1561 1333 1617 2735 2723 2737 2233 2226
869 1558 1341 1615 2738 2727 2737 2234 2241
870 1555 1334 1614 2747 2728 2733 2233 2222
871 1557 1339 1616 2741 2717 2733 2236 2229
872 1557 1333 1615 2739 2724 2734 2244 2231
873 1560 1341 1616 2741 2718 2734 2232 2228
874 1557 1341 1612 2739 2726 2731 2236 2244
875 1555 1340 1609 2744 2724 2735 2232 2221
876 1554 1340 1613 2742 2725 2730 2239 2226
877 1559 1339 1618 2741 2719 2737 2237 2229
878 1559 1336 1616 2747 2720 2737 2235 2229
879 1551 1331 1613 2746 2725 2735 2237 2239
880 1564 1337 1610 2742 2726 2734 2236 2223
881 1561 1336 1611 2744 2723 2738 2241 2227
882 1557 1340 1610 2744 2728 2735 2233 2228
883 1560 1339 1615 2744 2716 2736 2236 2227
884 1560 1337 1607 2745 2722 2732 2232 2237
885 1556 1332 1608 2743 2726 2739 2237 2225
886 1563 1338 1611 2742 2727 2734 2236 2224
887 1561 1335 1613 2739 2719 2733 2234 2228
888 1567 1340 1621 2746 2722 2736 2234 2221
889 1564 1336 1616 2746 2727 2737 2237 2242
890 1557 1338 1620 2749 2721 2739 2237 2224
891 1559 1342 1618 2734 2718 2733 2239 2225
892 1562 1341 1614 2742 2721 2727 2237 2225
893 1563 1339 1607 2736 2724 2732 2237 2225
894 1565 1341 1619 2745 2716 2737 2236 2234
895 1562 1335 1604 2742 2727 2734 2242 2224
896 1559 1332 1617 2746 2718 2730 2237 2222
897 1561 1340 1614 2743 2723 2730 2234 2227
898 1556 1335 1610 2741 2723 2743 2235 2226
899 1560 1341 1613 2742 2723 2735 2239 2238
900 1561 1338 1614 2746 2719 2738 2238 2224
901 1555 1333 1612 2743 2721 2738 2237 2224
902 1556 1333 1615 2741 2726 2734 2237 2229
903 1565 1340 1615 2737 2723 2735 2237 2227
904 1562 1336 1611 2740 2728 2735 2240 2238
905 1562 1337 1615 2743 2720 2733 2235 2227
906 1559 1337 1616 2740 2720 2729 2233 2221
907 1559 1339 1613 2745 2723 2738 2237 2231
908 1558 1339 1615 2749 2724 2744 2241 2224
909 1546 1338 1608 2746 2719 2739 2241 2236
910 1558 1334 1611 2744 2717 2733 2237 2227
911 1556 1341 1613 2737 2724 2729 2235 2219
912 1562 1337 1613 2745 2727 2732 2238 2228
913 1558 1340 1614 2740 2721 2735 2240 2220
914 1558 1343 1613 2743 2724 2739 2241 2236
915 1559 1340 1618 2742 2724 2730 2238 2225
916 1559 1331 1620 2738 2728 2734 2238 2221
917 1557 1340 1610 2744 2727 2734 2234 2225
918 1554 1336 1611 2741 2722 2735 2243 2220
919 1557 1336 1609 2744 2714 2727 2236 2234
920 1555 1341 1618 2736 2718 2740 2238 2227
921 1557 1333 1610 2748 2726 2740 2239 2221
922 1546 1338 1609 2745 2728 2738 2238 2226
923 1556 1340 1615 2742 2728 2735 2242 2221
924 1558 1337 1616 2746 2722 2737 2233 2232
925 1558 1335 1613 2746 2719 2730 2239 2227
926 1555 1340 1609 2748 2725 2731 2238 2220
927 1553 1335 1614 2745 2729 2735 2241 2228
928 1559 1332 1609 2737 2725 2735 2239 2223
929 1557 1340 1617 2738 2722 2730 2232 2233
930 1555 1339 1618 2746 2720 2735 2237 2229
931 1556 1330 1616 2738 2724 2728 2238 2221
932 1553 1335 1607 2736 2719 2735 2239 2230
933 1560 1341 1614 2743 2721 2738 2235 2223
934 1557 1336 1615 2746 2720 2732 2239 2234
935 1554 1337 1610 2737 2724 2736 2237 2229
936 1558 1339 1614 2740 2725 2737 2242 2220
937 1555 1338 1617 2741 2721 2732 2237 2226
938 1559 1339 1615 2740 2727 2730 2234 2221
939 1554 1337 1608 2751 2722 2733 2239 2233
940 1558 1338 1614 2745 2721 2737 2234 2227
941 1564 1338 1616 2743 2722 2738 2242 2219
942 1557 1339 1608 2747 2719 2733 2235 2228
943 1558 1339 1611 2748 2723 2734 2238 2222
944 1553 1340 1616 2746 2726 2730 2237 2231
945 1554 1333 1615 2744 2721 2735 2237 2229
946 1558 1339 1612 2739 2723 2734 2245 2219
947 1560 1335 1614 2745 2718 2739 2233 2225
948 1556 1339 1615 2741 2722 2738 2236 2220
949 1545 1337 1604 2735 2724 2736 2239 2233
950 1556 1338 1612 2745 2726 2735 2240 2230
951 1559 1333 1621 2740 2719 2735 2242 2219
952 1555 1338 1617 2739 2726 2738 2236 2225
953 1556 1336 1615 2744 2725 2743 2239 2223
954 1558 1330 1616 2744 2723 2734 2235 2229
955 1554 1341 1616 2739 2719 2737 2243 2230
956 1551 1339 1609 2749 2717 2731 2239 2217
957 1560 1333 1611 2734 2721 2739 2237 2228
958 1558 1339 1618 2741 2719 2739 2237 2220
959 1558 1340 1611 2740 2715 2731 2238 2226
960 1556 1338 1620 2743 2726 2735 2244 2230
961 1560 1339 1616 2747 2703 2729 2204 2185
962 1554 1335 1616 2738 2726 2743 2238 2229
963 1563 1339 1614 2736 2715 2736 2238 2221
964 1557 1340 1608 2735 2720 2740 2242 2227
965 1558 1338 1617 2743 2729 2737 2235 2230
966 1569 1338 1619 2748 2728 2733 2237 2217
967 1563 1338 1619 2736 2721 2738 2236 2223
968 1564 1332 1619 2742 2727 2731 2238 2220
969 1555 1338 1607 2742 2722 2732 2244 2231
970 1552 1337 1610 2741 2722 2738 2235 2230
971 1550 1339 1612 2745 2723 2734 2239 2215
972 1553 1342 1611 2737 2723 2733 2233 2217
973 1556 1341 1612 2738 2722 2732 2240 2216
974 1557 1337 1613 2751 2726 2736 2241 2230
975 1556 1336 1613 2742 2718 2738 2237 2237
976 1560 1336 1608 2740 2719 2739 2241 2222
977 1560 1335 1603 2744 2719 2730 2235 2227
978 1555 1339 1614 2739 2728 2734 2239 2224
979 1557 1335 1610 2743 2719 2741 2240 2233
980 1555 1332 1609 2745 2728 2736 2234 2233
981 1554 1335 1613 2744 2726 2741 2242 2220
982 1556 1339 1608 2740 2724 2742 2239 2226
983 1556 1340 1605 2738 2721 2729 2242 2216
984 1559 1340 1611 2743 2722 2732 2235 2224
985 1553 1337 1609 2741 2723 2736 2240 2231
986 1558 1340 1615 2739 2722 2737 2235 2215
987 1561 1335 1614 2742 2724 2741 2242 2224
988 1551 1341 1607 2742 2720 2730 2240 2217
989 1557 1339 1618 2741 2725 2736 2237 2226
990 1558 1340 1619 2746 2715 2737 2242 2234
991 1555 1341 1619 2740 2729 2735 2235 2215
992 1558 1339 1613 2744 2726 2735 2242 2225
993 1557 1338 1618 2742 2725 2737 2239 2219
994 1559 1335 1611 2741 2725 2739 2235 2224
995 1554 1336 1609 2746 2719 2730 2240 2234
996 1558 1339 1614 2742 2721 2732 2237 2218
997 1560 1339 1618 2749 2719 2739 2244 2224
998 1550 1337 1619 2748 2722 2743 2235 2220
999 1558 1339 1619 2749 2721 2737 2239 2226
1000 1559 1336 1614 2737 2724 2739 2233 2230
1001 1560 1333 1617 2748 2720 2732 2240 2217
1002 1557 1337 1612 2743 2723 2737 2242 2223
1003 1553 1340 1610 2741 2725 2738 2239 2221
1004 1561 1331 1614 2738 2721 2737 2241 2225
1005 1555 1337 1612 2745 2731 2737 2237 2235
1006 1555 1341 1613 2741 2718 2731 2245 2218
1007 1558 1342 1620 2743 2720 2735 2238 2224
1008 1566 1338 1611 2738 2722 2739 2235 2218
1009 1564 1339 1608 2742 2717 2736 2240 2225
1010 1562 1338 1611 2747 2721 2734 2236 2233
1011 1565 1337 1614 2746 2720 2737 2244 2219
1012 1567 1340 1618 2743 2726 2743 2233 2220
1013 1563 1338 1609 2742 2725 2739 2239 2222
1014 1566 1338 1618 2746 2726 2737 2239 2225
1015 1557 1339 1619 2740 2724 2733 2241 2236
1016 1552 1337 1605 2743 2727 2729 2241 2221
1017 1556 1331 1619 2738 2716 2729 2235 2220
1018 1558 1337 1617 2742 2729 2732 2241 2222
1019 1555 1339 1615 2721 2701 2720 2195 2183
1020 1554 1334 1621 2726 2720 2718 2218 2217
1021 1567 1333 1613 2728 2702 2719 2208 2198
1022 1561 1338 1616 2735 2714 2730 2228 2211
1023 1555 1340 1619 2742 2717 2729 2234 2219
