0 1557 1324 1613 2705 2620 2661 2211 2069
1 1549 1319 1617 2699 2656 2658 2207 2088
2 1553 1319 1620 2691 2648 2659 2222 2096
3 1548 1309 1626 2718 2634 2648 2214 2099
4 1549 1315 1620 2701 2655 2665 2221 2108
5 1548 1306 1624 2705 2657 2662 2223 2119
6 1550 1311 1630 2715 2667 2658 2232 2144
7 1555 1308 1622 2710 2667 2669 2239 2125
8 1551 1303 1627 2712 2643 2663 2203 2129
9 1545 1315 1625 2709 2655 2670 2215 2142
10 1538 1307 1629 2713 2668 2663 2214 2151
11 1540 1311 1616 2719 2666 2685 2219 2169
12 1543 1317 1626 2728 2680 2687 2219 2185
13 1555 1322 1622 2717 2662 2682 2219 2176
14 1557 1326 1626 2728 2675 2676 2217 2175
15 1563 1328 1622 2714 2669 2680 2209 2165
16 1560 1331 1628 2721 2677 2662 2208 2152
17 1568 1329 1621 2721 2681 2694 2214 2146
18 1567 1331 1626 2713 2685 2701 2217 2138
19 1570 1334 1621 2717 2684 2679 2210 2142
20 1562 1339 1626 2722 2686 2690 2220 2130
21 1572 1331 1623 2718 2679 2695 2218 2137
22 1569 1336 1621 2723 2668 2687 2218 2130
23 1563 1332 1629 2714 2667 2675 2220 2133
24 1564 1343 1629 2711 2688 2687 2213 2118
25 1562 1343 1626 2709 2679 2692 2214 2136
26 1565 1339 1628 2731 2674 2703 2211 2108
27 1568 1341 1624 2717 2677 2669 2204 2124
28 1563 1341 1620 2711 2684 2703 2195 2090
29 1568 1335 1625 2723 2691 2691 2209 2084
30 1564 1331 1623 2727 2692 2700 2201 2088
31 1555 1326 1627 2724 2692 2685 2208 2115
32 1555 1323 1625 2724 2680 2701 2207 2140
33 1558 1320 1614 2720 2698 2699 2182 2126
34 1549 1315 1621 2719 2683 2703 2178 2127
35 1553 1316 1621 2712 2706 2694 2172 2131
36 1549 1308 1618 2716 2697 2703 2179 2132
37 1548 1308 1612 2711 2709 2704 2170 2145
38 1542 1302 1613 2719 2687 2699 2168 2167
39 1532 1300 1623 2715 2711 2719 2188 2159
40 1537 1309 1617 2706 2688 2704 2195 2201
41 1539 1309 1610 2706 2696 2720 2181 2203
42 1546 1313 1613 2709 2698 2717 2193 2205
43 1546 1320 1616 2724 2690 2701 2177 2197
44 1556 1322 1624 2713 2700 2703 2179 2209
45 1555 1334 1618 2710 2710 2703 2173 2193
46 1564 1337 1615 2704 2698 2705 2173 2181
47 1568 1340 1622 2724 2697 2720 2181 2165
48 1571 1346 1615 2718 2696 2718 2192 2165
49 1574 1348 1618 2722 2709 2720 2195 2164
50 1570 1346 1625 2732 2707 2706 2200 2173
51 1572 1344 1622 2717 2709 2725 2200 2163
52 1570 1349 1621 2730 2701 2716 2195 2155
53 1567 1351 1621 2731 2708 2715 2193 2166
54 1574 1347 1613 2720 2704 2727 2189 2168
55 1566 1340 1621 2721 2710 2707 2175 2163
56 1569 1346 1614 2725 2712 2707 2184 2172
57 1556 1341 1624 2727 2715 2712 2184 2178
58 1561 1331 1623 2718 2699 2722 2185 2175
59 1562 1332 1620 2715 2696 2711 2179 2184
60 1560 1340 1618 2726 2713 2720 2189 2173
61 1559 1330 1626 2712 2698 2723 2178 2176
62 1557 1326 1619 2715 2699 2714 2197 2172
63 1556 1329 1622 2714 2711 2726 2196 2179
64 1560 1328 1624 2724 2708 2694 2179 2160
65 1558 1332 1625 2711 2702 2699 2174 2169
66 1559 1334 1615 2710 2691 2728 2185 2171
67 1554 1331 1626 2700 2703 2700 2177 2175
68 1556 1337 1623 2721 2717 2729 2194 2182
69 1558 1332 1625 2730 2702 2724 2203 2188
70 1553 1342 1630 2731 2709 2716 2199 2193
71 1551 1343 1623 2728 2712 2726 2200 2186
72 1560 1336 1623 2719 2703 2721 2197 2195
73 1561 1333 1623 2726 2715 2721 2201 2191
74 1565 1341 1620 2722 2704 2725 2200 2201
75 1552 1344 1623 2722 2711 2713 2200 2197
76 1553 1336 1627 2723 2709 2717 2198 2201
77 1560 1336 1628 2729 2697 2695 2192 2186
78 1558 1341 1618 2701 2699 2715 2177 2171
79 1563 1340 1617 2717 2700 2710 2186 2170
80 1558 1338 1628 2720 2705 2707 2198 2185
81 1566 1340 1615 2709 2699 2709 2186 2172
82 1564 1341 1620 2718 2701 2723 2190 2168
83 1562 1341 1621 2732 2693 2699 2186 2173
84 1558 1343 1626 2729 2697 2721 2205 2178
85 1556 1343 1624 2721 2700 2720 2200 2191
86 1562 1341 1615 2731 2707 2725 2196 2171
87 1559 1338 1626 2736 2692 2698 2167 2177
88 1553 1338 1629 2727 2679 2702 2160 2150
89 1561 1335 1631 2723 2690 2699 2181 2185
90 1555 1341 1625 2702 2695 2704 2185 2184
91 1557 1345 1630 2717 2702 2708 2181 2183
92 1560 1346 1624 2718 2687 2721 2183 2174
93 1566 1344 1625 2721 2706 2721 2197 2173
94 1560 1344 1627 2710 2692 2721 2172 2155
95 1561 1343 1627 2720 2704 2722 2194 2182
96 1570 1341 1623 2717 2702 2704 2181 2170
97 1558 1339 1629 2724 2701 2724 2187 2167
98 1563 1344 1625 2715 2705 2707 2179 2173
99 1559 1342 1630 2713 2701 2723 2186 2159
100 1560 1335 1618 2721 2700 2718 2185 2164
101 1563 1333 1621 2732 2693 2712 2188 2166
102 1558 1344 1624 2722 2703 2709 2191 2182
103 1560 1341 1626 2721 2714 2718 2195 2187
104 1558 1339 1624 2717 2701 2707 2185 2189
105 1563 1342 1627 2713 2701 2717 2187 2173
106 1565 1342 1622 2714 2703 2711 2184 2190
107 1566 1339 1621 2711 2697 2723 2194 2175
108 1562 1337 1628 2730 2718 2706 2184 2182
109 1562 1339 1628 2723 2702 2723 2191 2177
110 1564 1339 1625 2726 2688 2706 2188 2171
111 1557 1345 1626 2707 2679 2709 2193 2173
112 1566 1342 1617 2699 2708 2720 2194 2173
113 1561 1338 1615 2724 2695 2715 2203 2172
114 1564 1342 1615 2718 2700 2723 2188 2168
115 1563 1346 1624 2716 2699 2725 2201 2177
116 1567 1346 1620 2731 2708 2722 2206 2175
117 1568 1344 1617 2709 2687 2724 2200 2171
118 1565 1344 1618 2728 2704 2711 2197 2172
119 1560 1338 1619 2692 2704 2709 2183 2165
120 1552 1340 1624 2732 2695 2700 2187 2173
121 1557 1343 1623 2719 2692 2708 2188 2176
122 1561 1342 1616 2704 2682 2715 2186 2170
123 1558 1336 1624 2728 2705 2722 2199 2186
124 1557 1335 1625 2732 2705 2719 2198 2181
125 1556 1337 1624 2735 2687 2699 2186 2174
126 1551 1342 1620 2727 2696 2708 2200 2176
127 1558 1338 1615 2710 2695 2713 2189 2161
128 1559 1335 1617 2702 2694 2712 2193 2160
129 1562 1332 1614 2708 2679 2720 2190 2170
130 1558 1337 1626 2727 2698 2723 2177 2163
131 1560 1338 1618 2719 2697 2713 2186 2163
132 1555 1338 1625 2712 2702 2717 2183 2164
133 1557 1343 1622 2719 2700 2714 2192 2163
134 1560 1339 1617 2716 2703 2697 2184 2183
135 1555 1336 1623 2714 2677 2708 2196 2178
136 1559 1341 1620 2730 2709 2725 2199 2190
137 1564 1341 1616 2718 2706 2729 2202 2176
138 1564 1343 1618 2715 2687 2727 2185 2184
139 1562 1339 1621 2720 2708 2712 2192 2176
140 1558 1340 1617 2721 2701 2722 2189 2188
141 1560 1334 1620 2715 2714 2716 2200 2181
142 1557 1342 1627 2715 2710 2720 2200 2187
143 1556 1343 1623 2716 2701 2716 2202 2185
144 1563 1342 1619 2720 2706 2720 2196 2166
145 1553 1341 1625 2730 2703 2722 2200 2168
146 1556 1338 1626 2719 2714 2715 2198 2174
147 1556 1343 1623 2712 2693 2717 2185 2166
148 1562 1335 1623 2697 2687 2697 2188 2168
149 1556 1337 1626 2717 2699 2714 2197 2184
150 1556 1337 1623 2719 2709 2711 2195 2178
151 1556 1343 1623 2718 2695 2699 2176 2185
152 1564 1341 1628 2729 2704 2719 2203 2194
153 1557 1341 1623 2730 2708 2717 2203 2204
154 1556 1343 1622 2732 2708 2728 2200 2188
155 1552 1343 1623 2721 2708 2722 2206 2203
156 1555 1339 1617 2719 2702 2717 2195 2192
157 1561 1342 1619 2726 2709 2722 2210 2196
158 1560 1343 1616 2722 2708 2728 2208 2191
159 1556 1342 1624 2724 2704 2703 2188 2173
160 1561 1343 1616 2693 2706 2690 2183 2169
161 1557 1342 1623 2721 2687 2702 2194 2164
162 1560 1345 1619 2731 2708 2718 2190 2171
163 1564 1345 1617 2720 2708 2726 2203 2175
164 1554 1344 1626 2726 2709 2714 2192 2180
165 1559 1345 1613 2710 2690 2706 2189 2159
166 1565 1337 1626 2726 2691 2699 2186 2186
167 1552 1341 1625 2731 2711 2716 2197 2179
168 1552 1341 1622 2718 2703 2723 2200 2196
169 1561 1337 1617 2723 2707 2721 2200 2188
170 1562 1338 1619 2711 2707 2715 2197 2193
171 1555 1341 1621 2725 2704 2717 2203 2176
172 1554 1344 1626 2713 2701 2727 2201 2195
173 1560 1340 1615 2716 2700 2723 2200 2183
174 1562 1342 1618 2732 2712 2726 2200 2190
175 1561 1337 1626 2715 2708 2718 2199 2172
176 1557 1340 1625 2731 2708 2712 2201 2181
177 1560 1342 1618 2723 2694 2726 2198 2180
178 1562 1334 1627 2715 2710 2709 2199 2180
179 1561 1337 1625 2716 2711 2717 2210 2189
180 1564 1345 1624 2718 2711 2722 2205 2172
181 1559 1345 1627 2729 2699 2720 2201 2186
182 1559 1342 1613 2721 2709 2722 2188 2170
183 1562 1334 1624 2707 2696 2717 2196 2189
184 1564 1341 1619 2729 2708 2692 2197 2179
185 1564 1338 1623 2729 2703 2716 2204 2200
186 1560 1335 1627 2731 2714 2711 2194 2187
187 1556 1340 1628 2709 2704 2705 2196 2188
188 1559 1338 1625 2725 2709 2721 2210 2182
189 1555 1342 1625 2727 2711 2721 2204 2184
190 1561 1339 1617 2728 2711 2728 2210 2185
191 1557 1343 1624 2728 2710 2720 2202 2181
192 1553 1342 1625 2731 2700 2723 2209 2186
193 1559 1340 1616 2713 2707 2718 2201 2182
194 1550 1344 1620 2728 2691 2703 2187 2173
195 1561 1341 1615 2712 2706 2715 2184 2167
196 1558 1334 1623 2723 2699 2718 2175 2176
197 1557 1337 1619 2724 2692 2709 2178 2153
198 1553 1341 1620 2724 2688 2704 2181 2174
199 1554 1342 1617 2708 2694 2715 2189 2172
200 1560 1336 1625 2712 2703 2720 2191 2178
201 1558 1339 1614 2716 2700 2715 2195 2176
202 1547 1344 1621 2712 2698 2700 2193 2195
203 1555 1342 1613 2706 2713 2722 2186 2174
204 1553 1337 1625 2734 2711 2719 2204 2196
205 1558 1342 1618 2719 2715 2731 2207 2194
206 1556 1339 1621 2719 2709 2731 2205 2182
207 1557 1336 1620 2708 2704 2720 2204 2190
208 1558 1342 1618 2719 2711 2721 2205 2187
209 1557 1335 1621 2728 2711 2712 2204 2185
210 1549 1341 1624 2728 2712 2714 2205 2175
211 1556 1343 1622 2726 2703 2716 2199 2195
212 1561 1342 1617 2725 2694 2707 2194 2173
213 1558 1338 1625 2718 2689 2707 2197 2191
214 1556 1344 1619 2713 2680 2704 2196 2183
215 1557 1342 1627 2723 2716 2707 2190 2183
216 1559 1343 1620 2731 2705 2718 2198 2183
217 1562 1345 1616 2692 2702 2714 2196 2198
218 1560 1340 1617 2725 2713 2696 2197 2194
219 1550 1343 1625 2734 2711 2719 2211 2206
220 1554 1342 1618 2726 2699 2724 2196 2182
221 1560 1340 1614 2721 2712 2721 2208 2190
222 1554 1343 1625 2727 2711 2714 2187 2178
223 1559 1337 1621 2720 2694 2714 2205 2171
224 1562 1340 1618 2724 2692 2712 2200 2185
225 1561 1341 1618 2714 2713 2718 2201 2178
226 1559 1340 1623 2714 2693 2716 2184 2167
227 1552 1343 1617 2724 2709 2711 2191 2180
228 1554 1342 1624 2721 2694 2695 2187 2188
229 1552 1338 1625 2712 2699 2721 2194 2174
230 1561 1338 1615 2703 2695 2717 2196 2193
231 1554 1345 1620 2727 2704 2723 2183 2176
232 1563 1346 1620 2708 2692 2725 2194 2179
233 1559 1339 1623 2713 2700 2719 2185 2175
234 1562 1343 1614 2704 2687 2712 2199 2178
235 1559 1345 1622 2728 2695 2727 2195 2173
236 1560 1346 1624 2716 2713 2718 2183 2174
237 1552 1344 1625 2722 2690 2715 2185 2172
238 1563 1343 1616 2709 2698 2723 2184 2178
239 1551 1345 1622 2716 2697 2727 2197 2186
240 1554 1344 1622 2714 2699 2718 2198 2170
241 1554 1342 1624 2718 2702 2715 2184 2181
242 1558 1340 1627 2732 2703 2710 2183 2171
243 1556 1344 1618 2712 2699 2722 2195 2177
244 1561 1344 1615 2725 2701 2727 2192 2175
245 1558 1345 1622 2725 2708 2707 2211 2202
246 1556 1345 1624 2731 2711 2721 2207 2196
247 1558 1342 1612 2727 2705 2721 2208 2210
248 1560 1345 1618 2712 2710 2719 2195 2189
249 1551 1344 1623 2721 2703 2696 2178 2177
250 1560 1342 1620 2717 2693 2709 2190 2190
251 1552 1342 1620 2711 2699 2717 2184 2184
252 1556 1334 1623 2707 2699 2713 2192 2180
253 1559 1343 1616 2719 2705 2712 2188 2173
254 1556 1332 1626 2716 2701 2705 2184 2177
255 1552 1343 1617 2717 2697 2719 2193 2168
256 1561 1343 1618 2725 2708 2711 2198 2183
257 1559 1336 1625 2712 2712 2714 2198 2175
258 1556 1344 1622 2730 2707 2704 2192 2183
259 1559 1335 1621 2715 2697 2710 2188 2170
260 1552 1342 1625 2722 2696 2725 2198 2197
261 1563 1343 1618 2727 2699 2725 2190 2194
262 1552 1343 1616 2711 2690 2698 2178 2190
263 1561 1341 1618 2709 2690 2705 2196 2199
264 1557 1344 1622 2735 2713 2729 2195 2198
265 1560 1336 1616 2697 2702 2725 2181 2187
266 1556 1332 1622 2719 2710 2719 2178 2203
267 1557 1330 1613 2725 2707 2718 2189 2205
268 1553 1330 1623 2711 2698 2701 2171 2204
269 1554 1330 1615 2713 2684 2719 2172 2219
270 1551 1328 1619 2709 2698 2715 2161 2208
271 1542 1327 1615 2727 2705 2736 2170 2220
272 1541 1308 1617 2727 2719 2744 2150 2215
273 1546 1301 1625 2716 2726 2750 2142 2246
274 1532 1300 1616 2733 2706 2733 2133 2296
275 1516 1280 1603 2711 2697 2757 2108 2362
276 1510 1252 1595 2714 2708 2778 2075 2380
277 1498 1235 1598 2704 2709 2807 2052 2399
278 1483 1228 1606 2716 2700 2805 2066 2472
279 1470 1212 1618 2721 2710 2832 2070 2519
280 1461 1211 1618 2740 2705 2845 2097 2574
281 1448 1206 1619 2730 2719 2871 2087 2604
282 1454 1206 1623 2735 2704 2846 2075 2601
283 1449 1204 1633 2731 2743 2893 2097 2636
284 1459 1218 1622 2721 2721 2903 2119 2661
285 1446 1199 1615 2738 2754 2932 2111 2750
286 1459 1177 1601 2721 2766 2927 2074 2724
287 1464 1155 1590 2744 2743 2957 2081 2739
288 1452 1132 1589 2748 2765 2983 2052 2772
289 1471 1141 1581 2741 2773 2979 2020 2706
290 1471 1154 1593 2726 2739 2973 1992 2700
291 1479 1163 1596 2702 2750 3031 1950 2691
292 1508 1196 1610 2724 2755 3015 1957 2662
293 1544 1227 1621 2713 2778 3058 2040 2621
294 1573 1258 1621 2741 2811 3081 2100 2618
295 1613 1285 1607 2709 2741 3130 2082 2518
296 1646 1294 1595 2731 2753 3121 2020 2365
297 1668 1322 1593 2719 2807 3084 2032 2217
298 1689 1340 1590 2737 2788 3071 2067 2135
299 1701 1356 1590 2724 2822 3113 2068 2082
300 1698 1372 1593 2716 2796 3140 2088 2079
301 1696 1358 1591 2719 2787 3156 2028 2102
302 1685 1349 1593 2763 2778 3115 2030 2078
303 1683 1350 1593 2709 2800 3132 2051 2050
304 1679 1321 1599 2702 2822 3171 2015 2052
305 1659 1335 1591 2682 2769 3190 1973 2124
306 1648 1317 1589 2742 2735 3158 1902 2211
307 1637 1308 1591 2751 2769 3047 1900 2254
308 1631 1288 1599 2707 2807 3192 1965 2277
309 1617 1253 1619 2721 2788 3122 1963 2347
310 1596 1231 1621 2722 2801 3180 1898 2401
311 1586 1228 1635 2763 2802 3087 1889 2436
312 1568 1220 1644 2729 2797 3084 1924 2441
313 1568 1239 1627 2753 2785 3152 1943 2511
314 1557 1238 1607 2741 2790 3099 1865 2475
315 1558 1275 1600 2689 2763 3122 1801 2409
316 1562 1266 1619 2721 2814 3129 1854 2402
317 1558 1287 1625 2736 2789 3095 1910 2434
318 1559 1303 1618 2714 2766 3075 1945 2449
319 1551 1306 1627 2724 2721 3039 1882 2423
320 1551 1340 1643 2693 2760 3036 1891 2304
321 1542 1368 1655 2717 2778 3030 1966 2241
322 1528 1392 1649 2728 2741 3004 1953 2267
323 1525 1409 1655 2751 2771 3019 1906 2239
324 1522 1426 1648 2705 2795 3039 1895 2187
325 1520 1409 1649 2722 2772 3051 1875 2093
326 1537 1440 1650 2757 2717 2980 1930 2072
327 1527 1423 1650 2739 2752 2977 1927 2097
328 1547 1428 1648 2728 2709 2969 1939 2115
329 1562 1406 1657 2729 2778 2969 1964 2094
330 1575 1381 1652 2705 2790 3024 1954 2080
331 1595 1380 1658 2710 2792 2962 1964 2025
332 1604 1381 1661 2715 2742 2937 1974 2025
333 1603 1389 1651 2706 2709 2975 1982 2060
334 1603 1395 1662 2739 2744 2941 1968 2050
335 1594 1406 1658 2714 2748 2959 1974 2062
336 1597 1405 1663 2736 2738 2950 2017 2067
337 1611 1397 1647 2703 2741 2925 2012 2053
338 1617 1407 1633 2728 2715 2877 2017 2022
339 1615 1404 1645 2691 2704 2829 2031 2011
340 1620 1433 1640 2723 2689 2809 2078 2005
341 1622 1452 1643 2718 2707 2797 2118 2059
342 1638 1475 1638 2697 2715 2765 2109 2059
343 1651 1493 1644 2700 2692 2752 2071 2034
344 1660 1512 1661 2705 2685 2743 2088 2014
345 1657 1550 1683 2709 2691 2726 2140 2051
346 1667 1570 1693 2708 2699 2730 2188 2104
347 1671 1574 1704 2720 2702 2735 2207 2124
348 1689 1575 1700 2724 2677 2740 2205 2039
349 1702 1583 1704 2715 2701 2731 2249 1980
350 1701 1596 1700 2713 2674 2711 2278 1965
351 1700 1602 1696 2728 2700 2714 2278 1951
352 1695 1613 1685 2721 2698 2719 2267 1912
353 1698 1606 1674 2701 2680 2708 2252 1835
354 1699 1594 1684 2696 2697 2714 2291 1815
355 1697 1581 1683 2719 2702 2727 2347 1795
356 1678 1561 1698 2710 2701 2730 2384 1812
357 1663 1540 1695 2717 2705 2736 2397 1781
358 1639 1514 1693 2714 2690 2720 2385 1761
359 1615 1488 1683 2725 2704 2734 2402 1773
360 1591 1447 1674 2719 2706 2726 2399 1802
361 1563 1407 1662 2718 2712 2718 2392 1843
362 1530 1358 1665 2730 2708 2731 2391 1906
363 1495 1318 1646 2726 2712 2741 2376 1996
364 1461 1276 1637 2720 2712 2747 2375 2092
365 1434 1236 1634 2735 2709 2752 2347 2176
366 1416 1195 1633 2732 2720 2740 2324 2265
367 1397 1163 1620 2729 2713 2750 2295 2338
368 1375 1140 1631 2724 2718 2755 2287 2406
369 1371 1124 1632 2737 2718 2742 2275 2474
370 1377 1117 1631 2724 2704 2723 2263 2506
371 1383 1114 1631 2739 2696 2725 2258 2534
372 1399 1128 1628 2708 2713 2757 2275 2549
373 1409 1147 1633 2735 2708 2733 2267 2570
374 1431 1181 1632 2711 2705 2752 2251 2556
375 1453 1205 1640 2718 2703 2742 2257 2559
376 1480 1242 1635 2727 2699 2745 2241 2525
377 1503 1271 1648 2726 2712 2733 2273 2527
378 1524 1307 1651 2727 2708 2734 2278 2500
379 1543 1341 1647 2719 2700 2741 2257 2476
380 1574 1364 1641 2715 2714 2740 2255 2452
381 1589 1388 1650 2716 2688 2727 2252 2413
382 1615 1412 1651 2717 2701 2740 2255 2369
383 1629 1438 1650 2717 2698 2725 2261 2345
384 1641 1455 1647 2716 2685 2707 2267 2333
385 1649 1460 1661 2702 2698 2734 2253 2304
386 1656 1467 1670 2712 2695 2733 2269 2276
387 1671 1477 1659 2709 2689 2731 2278 2248
388 1665 1476 1670 2715 2706 2729 2305 2253
389 1669 1476 1674 2720 2692 2717 2305 2206
390 1672 1466 1667 2714 2684 2722 2320 2198
391 1667 1460 1663 2722 2699 2733 2315 2148
392 1653 1450 1668 2730 2702 2729 2336 2161
393 1650 1436 1662 2725 2706 2727 2346 2153
394 1640 1420 1662 2726 2709 2732 2345 2156
395 1626 1397 1648 2723 2701 2723 2331 2141
396 1610 1379 1650 2713 2715 2736 2333 2157
397 1593 1362 1644 2726 2705 2728 2325 2176
398 1575 1333 1648 2714 2712 2740 2307 2170
399 1570 1319 1646 2728 2701 2727 2288 2178
400 1559 1299 1636 2710 2712 2737 2273 2195
401 1540 1287 1642 2715 2716 2728 2273 2228
402 1537 1278 1638 2713 2705 2713 2266 2231
403 1547 1269 1627 2726 2701 2719 2270 2266
404 1554 1268 1624 2714 2701 2716 2275 2259
405 1559 1268 1632 2731 2682 2701 2266 2266
406 1567 1274 1634 2716 2695 2702 2290 2256
407 1585 1293 1626 2725 2685 2701 2284 2249
408 1588 1308 1637 2703 2703 2709 2307 2243
409 1600 1338 1638 2728 2682 2711 2308 2247
410 1609 1348 1652 2724 2704 2707 2280 2176
411 1620 1379 1641 2723 2700 2709 2298 2118
412 1638 1402 1630 2717 2701 2705 2313 2061
413 1647 1419 1631 2717 2703 2711 2322 2060
414 1656 1421 1641 2725 2705 2713 2326 2040
415 1653 1421 1657 2724 2701 2697 2339 1994
416 1653 1424 1659 2713 2683 2703 2344 1984
417 1651 1436 1651 2713 2693 2685 2347 1971
418 1647 1432 1654 2701 2685 2681 2321 1961
419 1641 1430 1656 2712 2685 2673 2321 1924
420 1634 1428 1651 2714 2675 2685 2325 1919
421 1630 1415 1653 2707 2664 2678 2334 1916
422 1631 1409 1637 2708 2671 2675 2337 1937
423 1622 1395 1641 2714 2680 2662 2322 1911
424 1610 1385 1642 2708 2658 2650 2322 1924
425 1601 1366 1647 2702 2654 2648 2318 1937
426 1593 1347 1642 2694 2652 2660 2326 1971
427 1581 1328 1644 2709 2655 2665 2340 2013
428 1572 1311 1633 2715 2661 2664 2347 2045
429 1566 1292 1625 2694 2642 2670 2318 2066
430 1554 1279 1628 2712 2648 2659 2308 2084
431 1551 1264 1620 2696 2622 2663 2294 2125
432 1544 1253 1618 2709 2645 2660 2288 2176
433 1550 1244 1621 2695 2620 2649 2291 2221
434 1545 1239 1623 2710 2638 2631 2273 2241
435 1557 1236 1611 2680 2629 2658 2263 2259
436 1566 1233 1618 2690 2636 2632 2266 2240
437 1580 1250 1621 2701 2608 2644 2273 2250
438 1593 1259 1612 2699 2597 2613 2282 2234
439 1602 1270 1627 2704 2603 2647 2292 2229
440 1612 1287 1628 2718 2627 2624 2289 2206
441 1615 1310 1630 2701 2609 2620 2300 2200
442 1617 1329 1631 2713 2625 2625 2308 2177
443 1619 1339 1634 2706 2625 2633 2312 2155
444 1618 1355 1634 2703 2614 2618 2312 2121
445 1613 1358 1638 2701 2615 2594 2302 2097
446 1618 1357 1636 2692 2632 2612 2307 2103
447 1608 1345 1633 2712 2603 2623 2303 2117
448 1595 1331 1640 2700 2601 2614 2260 2125
449 1593 1330 1630 2668 2584 2592 2277 2074
450 1579 1327 1641 2700 2623 2628 2320 2150
451 1546 1322 1626 2686 2612 2616 2285 2216
452 1552 1326 1633 2679 2608 2626 2282 2216
453 1552 1314 1635 2695 2611 2624 2263 2118
454 1551 1324 1632 2706 2606 2611 2247 2150
455 1527 1326 1636 2696 2601 2613 2230 2169
456 1532 1326 1641 2713 2603 2619 2252 2196
457 1538 1320 1629 2699 2602 2603 2257 2167
458 1544 1313 1635 2696 2613 2602 2249 2176
459 1546 1313 1636 2700 2608 2613 2249 2149
460 1547 1317 1633 2718 2619 2618 2261 2156
461 1559 1315 1634 2695 2613 2628 2274 2162
462 1562 1309 1637 2701 2621 2608 2254 2149
463 1565 1316 1633 2692 2605 2618 2264 2183
464 1561 1312 1634 2705 2624 2615 2261 2193
465 1565 1321 1628 2704 2617 2627 2265 2235
466 1573 1311 1619 2703 2606 2613 2260 2238
467 1575 1306 1619 2701 2614 2624 2260 2227
468 1585 1312 1615 2699 2613 2633 2259 2179
469 1587 1321 1622 2706 2631 2609 2247 2211
470 1590 1322 1628 2697 2617 2634 2273 2227
471 1586 1333 1640 2712 2611 2619 2258 2227
472 1587 1342 1627 2703 2616 2611 2223 2156
473 1599 1345 1619 2686 2607 2620 2211 2091
474 1605 1333 1622 2706 2610 2611 2248 2042
475 1613 1344 1634 2685 2605 2617 2260 2073
476 1603 1329 1628 2708 2612 2606 2236 2081
477 1616 1351 1621 2702 2604 2626 2254 2009
478 1601 1345 1626 2696 2631 2615 2252 2000
479 1598 1353 1620 2687 2626 2602 2246 1986
480 1598 1353 1630 2705 2618 2602 2237 1951
481 1598 1348 1627 2699 2592 2621 2236 1942
482 1590 1342 1630 2700 2619 2629 2256 1983
483 1576 1334 1640 2693 2608 2605 2269 1993
484 1571 1326 1640 2703 2613 2627 2266 2013
485 1571 1315 1625 2705 2624 2620 2249 2012
486 1563 1312 1623 2693 2629 2619 2235 2030
487 1550 1321 1624 2713 2617 2619 2220 2039
488 1551 1317 1627 2699 2611 2630 2223 2067
489 1539 1317 1620 2696 2628 2635 2230 2090
490 1546 1314 1627 2713 2620 2632 2228 2098
491 1538 1318 1632 2697 2628 2634 2225 2113
492 1544 1310 1632 2711 2644 2632 2223 2117
493 1538 1322 1632 2714 2642 2647 2221 2124
494 1547 1325 1632 2704 2648 2648 2232 2133
495 1546 1331 1630 2707 2642 2650 2223 2141
496 1553 1331 1636 2692 2643 2643 2233 2146
497 1548 1336 1635 2715 2647 2646 2229 2161
498 1556 1335 1625 2701 2650 2645 2218 2139
499 1554 1337 1632 2695 2626 2637 2218 2163
500 1560 1329 1632 2705 2637 2656 2219 2160
501 1560 1327 1629 2714 2639 2653 2213 2170
502 1568 1320 1617 2713 2664 2665 2210 2139
503 1573 1319 1623 2712 2648 2668 2216 2128
504 1569 1324 1629 2707 2656 2649 2213 2143
505 1580 1325 1631 2713 2645 2673 2226 2160
506 1579 1327 1616 2704 2666 2688 2206 2139
507 1572 1320 1627 2711 2649 2672 2202 2143
508 1581 1326 1620 2710 2680 2687 2214 2145
509 1574 1321 1625 2721 2645 2689 2212 2137
510 1570 1324 1629 2722 2652 2679 2190 2130
511 1567 1320 1628 2726 2679 2679 2191 2108
512 1570 1322 1630 2723 2689 2695 2206 2129
513 1565 1321 1621 2710 2661 2693 2206 2113
514 1565 1322 1630 2712 2682 2701 2201 2131
515 1566 1319 1630 2721 2696 2682 2214 2120
516 1569 1323 1626 2730 2692 2699 2226 2137
517 1565 1314 1627 2719 2698 2701 2220 2124
518 1565 1317 1625 2713 2677 2700 2208 2131
519 1558 1327 1617 2712 2683 2691 2207 2141
520 1555 1333 1623 2717 2687 2699 2211 2149
521 1565 1327 1630 2716 2683 2693 2216 2140
522 1559 1334 1623 2726 2702 2701 2208 2133
523 1566 1337 1625 2720 2690 2704 2205 2123
524 1571 1329 1627 2725 2673 2702 2204 2122
525 1574 1334 1625 2717 2684 2699 2199 2130
526 1572 1336 1614 2724 2677 2697 2199 2123
527 1566 1340 1627 2725 2699 2708 2216 2161
528 1572 1337 1631 2714 2684 2705 2207 2149
529 1572 1341 1623 2727 2693 2703 2212 2166
530 1571 1340 1625 2722 2685 2698 2205 2146
531 1568 1341 1626 2721 2694 2713 2205 2166
532 1567 1341 1615 2701 2683 2707 2188 2136
533 1572 1343 1616 2709 2679 2691 2185 2142
534 1569 1340 1620 2709 2699 2697 2185 2125
535 1565 1343 1623 2709 2679 2701 2179 2130
536 1560 1337 1623 2708 2695 2706 2202 2147
537 1568 1328 1631 2721 2700 2710 2197 2151
538 1563 1331 1617 2714 2696 2697 2195 2137
539 1565 1332 1618 2715 2680 2697 2191 2126
540 1568 1324 1623 2710 2681 2703 2183 2138
541 1570 1327 1622 2712 2698 2705 2199 2145
542 1565 1324 1622 2714 2696 2708 2204 2157
543 1569 1332 1621 2721 2689 2706 2205 2148
544 1567 1334 1612 2715 2689 2691 2208 2157
545 1575 1331 1612 2699 2689 2707 2211 2141
546 1568 1335 1622 2706 2691 2701 2204 2152
547 1577 1335 1624 2718 2690 2710 2208 2141
548 1579 1331 1625 2718 2689 2693 2197 2140
549 1577 1341 1621 2721 2687 2695 2202 2129
550 1569 1339 1626 2706 2697 2694 2194 2125
551 1573 1340 1625 2705 2689 2697 2197 2123
552 1569 1340 1623 2707 2688 2702 2189 2115
553 1572 1335 1625 2700 2685 2701 2197 2120
554 1573 1332 1627 2713 2697 2711 2204 2126
555 1571 1328 1625 2717 2692 2707 2194 2129
556 1562 1331 1619 2708 2697 2714 2194 2132
557 1565 1322 1621 2723 2694 2714 2186 2145
558 1550 1318 1616 2720 2707 2699 2177 2150
559 1559 1310 1623 2721 2702 2702 2166 2163
560 1553 1305 1622 2712 2696 2715 2166 2159
561 1547 1301 1624 2715 2684 2702 2166 2177
562 1551 1299 1618 2719 2694 2706 2173 2178
563 1549 1300 1630 2719 2696 2709 2185 2199
564 1540 1306 1625 2718 2694 2713 2179 2182
565 1557 1312 1631 2707 2683 2696 2181 2179
566 1553 1319 1623 2712 2704 2708 2183 2170
567 1558 1320 1628 2717 2696 2718 2195 2171
568 1563 1328 1628 2716 2700 2708 2192 2158
569 1565 1324 1626 2717 2694 2709 2190 2159
570 1560 1338 1617 2708 2684 2705 2171 2160
571 1560 1341 1615 2714 2694 2715 2183 2173
572 1560 1343 1623 2717 2693 2713 2185 2194
573 1566 1342 1620 2717 2700 2722 2184 2185
574 1569 1340 1617 2717 2699 2721 2176 2179
575 1571 1346 1621 2713 2696 2696 2168 2164
576 1571 1350 1619 2707 2694 2720 2182 2177
577 1567 1343 1630 2724 2702 2707 2183 2167
578 1575 1341 1626 2715 2687 2721 2194 2185
579 1567 1349 1628 2711 2699 2721 2184 2175
580 1574 1343 1622 2713 2702 2714 2186 2174
581 1572 1343 1616 2719 2693 2704 2182 2171
582 1570 1332 1627 2714 2706 2714 2181 2178
583 1571 1333 1626 2723 2706 2721 2190 2170
584 1563 1339 1624 2721 2693 2710 2180 2167
585 1568 1328 1628 2713 2698 2720 2179 2156
586 1566 1336 1619 2705 2681 2707 2178 2165
587 1567 1327 1626 2715 2696 2711 2174 2163
588 1563 1337 1619 2715 2698 2719 2182 2161
589 1558 1336 1624 2722 2702 2708 2182 2161
590 1566 1336 1624 2733 2703 2717 2188 2166
591 1570 1337 1622 2709 2693 2711 2181 2172
592 1570 1335 1626 2721 2702 2706 2195 2180
593 1564 1343 1631 2709 2703 2734 2202 2192
594 1569 1335 1628 2729 2702 2723 2204 2188
595 1570 1338 1630 2730 2713 2719 2187 2170
596 1568 1342 1629 2718 2715 2703 2184 2177
597 1573 1345 1628 2730 2704 2709 2177 2157
598 1569 1339 1620 2727 2700 2730 2193 2155
599 1567 1340 1625 2709 2693 2708 2185 2168
600 1568 1340 1622 2699 2686 2706 2178 2147
601 1569 1342 1619 2709 2690 2709 2171 2149
602 1571 1341 1625 2727 2707 2722 2195 2171
603 1571 1335 1624 2715 2705 2725 2197 2175
604 1568 1334 1624 2721 2711 2725 2172 2145
605 1569 1337 1625 2711 2696 2698 2170 2148
606 1569 1329 1614 2701 2694 2717 2184 2160
607 1572 1330 1625 2713 2704 2704 2169 2156
608 1569 1336 1624 2699 2687 2699 2180 2161
609 1564 1340 1613 2701 2691 2718 2196 2168
610 1567 1341 1619 2731 2722 2736 2216 2207
611 1571 1339 1619 2732 2712 2735 2224 2200
612 1564 1335 1622 2734 2714 2734 2218 2205
613 1567 1336 1614 2736 2703 2717 2213 2193
614 1569 1340 1624 2735 2720 2733 2215 2196
615 1566 1342 1625 2730 2707 2732 2213 2190
616 1571 1339 1620 2732 2717 2725 2215 2189
617 1566 1335 1627 2731 2716 2738 2217 2188
618 1563 1341 1614 2729 2710 2725 2200 2159
619 1567 1336 1623 2730 2713 2736 2216 2190
620 1566 1341 1623 2730 2714 2736 2222 2186
621 1565 1340 1627 2729 2712 2731 2219 2195
622 1563 1342 1618 2736 2715 2732 2223 2190
623 1567 1341 1617 2730 2719 2735 2218 2193
624 1555 1336 1626 2727 2714 2731 2219 2193
625 1558 1342 1623 2729 2716 2726 2216 2204
626 1557 1343 1623 2734 2716 2735 2217 2195
627 1564 1339 1627 2731 2714 2726 2217 2205
628 1563 1340 1619 2738 2716 2732 2215 2196
629 1560 1339 1626 2736 2714 2733 2220 2203
630 1559 1333 1621 2736 2716 2731 2217 2195
631 1554 1329 1617 2731 2716 2728 2223 2194
632 1563 1336 1621 2732 2711 2733 2219 2191
633 1561 1331 1620 2733 2712 2730 2220 2189
634 1564 1332 1623 2732 2720 2731 2218 2193
635 1562 1339 1617 2726 2717 2737 2217 2187
636 1566 1337 1620 2733 2716 2734 2215 2197
637 1565 1341 1625 2737 2715 2730 2215 2189
638 1567 1341 1626 2730 2714 2728 2217 2201
639 1563 1336 1624 2717 2714 2725 2196 2159
640 1568 1337 1626 2717 2685 2714 2189 2190
641 1566 1336 1621 2730 2715 2734 2219 2196
642 1559 1337 1622 2731 2716 2730 2223 2207
643 1563 1338 1624 2732 2714 2736 2218 2195
644 1568 1340 1614 2731 2712 2711 2192 2173
645 1566 1335 1624 2731 2709 2731 2218 2192
646 1569 1340 1623 2734 2716 2731 2218 2193
647 1563 1342 1621 2730 2714 2732 2218 2189
648 1568 1341 1625 2725 2707 2729 2216 2189
649 1567 1340 1625 2734 2708 2736 2209 2185
650 1559 1336 1629 2740 2718 2728 2217 2186
651 1559 1341 1629 2728 2714 2730 2222 2191
652 1568 1338 1617 2728 2715 2731 2217 2186
653 1569 1339 1620 2731 2717 2724 2222 2198
654 1570 1338 1625 2728 2716 2731 2221 2191
655 1565 1339 1619 2730 2710 2726 2221 2202
656 1560 1339 1615 2732 2711 2733 2217 2195
657 1567 1340 1618 2732 2718 2730 2219 2204
658 1570 1341 1627 2727 2714 2727 2218 2195
659 1571 1336 1627 2733 2711 2727 2216 2202
660 1569 1336 1629 2738 2714 2730 2219 2193
661 1569 1331 1616 2731 2712 2697 2206 2190
662 1563 1333 1625 2735 2710 2731 2221 2189
663 1559 1334 1623 2739 2716 2735 2219 2189
664 1566 1339 1621 2732 2714 2730 2225 2187
665 1567 1331 1622 2716 2715 2732 2217 2183
666 1558 1340 1623 2733 2712 2728 2220 2188
667 1561 1339 1621 2726 2711 2732 2217 2183
668 1563 1339 1622 2729 2713 2728 2217 2194
669 1564 1337 1620 2732 2712 2728 2217 2187
670 1562 1337 1618 2734 2718 2728 2214 2198
671 1563 1340 1623 2728 2717 2727 2219 2193
672 1569 1336 1620 2729 2713 2734 2215 2204
673 1558 1340 1619 2732 2715 2727 2222 2193
674 1565 1335 1623 2732 2720 2732 2218 2204
675 1564 1339 1626 2732 2714 2733 2213 2192
676 1558 1339 1624 2735 2711 2729 2218 2201
677 1566 1339 1624 2737 2717 2731 2220 2191
678 1565 1337 1624 2728 2715 2732 2215 2189
679 1568 1340 1625 2728 2713 2727 2216 2188
680 1560 1340 1623 2730 2715 2734 2217 2188
681 1566 1337 1623 2727 2722 2733 2216 2189
682 1562 1337 1623 2728 2711 2730 2218 2186
683 1558 1341 1625 2733 2714 2732 2217 2192
684 1556 1340 1626 2727 2713 2728 2224 2188
685 1561 1341 1625 2736 2720 2737 2221 2199
686 1563 1344 1621 2734 2723 2731 2221 2190
687 1555 1341 1617 2730 2718 2735 2217 2202
688 1558 1339 1625 2731 2714 2730 2220 2194
689 1556 1341 1623 2733 2709 2725 2218 2208
690 1559 1343 1624 2736 2718 2734 2220 2201
691 1555 1333 1622 2737 2710 2729 2222 2200
692 1562 1342 1623 2724 2708 2726 2219 2192
693 1558 1339 1616 2735 2706 2732 2217 2190
694 1560 1340 1621 2737 2715 2731 2214 2188
695 1563 1332 1613 2726 2720 2728 2221 2191
696 1560 1332 1621 2728 2691 2728 2219 2191
697 1563 1338 1625 2734 2713 2731 2224 2188
698 1565 1340 1625 2728 2710 2730 2219 2194
699 1560 1340 1626 2737 2716 2727 2220 2188
700 1567 1342 1618 2726 2713 2735 2219 2196
701 1568 1337 1622 2731 2713 2733 2214 2191
702 1565 1340 1622 2729 2715 2725 2219 2201
703 1563 1331 1615 2733 2714 2731 2217 2196
704 1564 1340 1624 2736 2712 2728 2221 2206
705 1559 1339 1616 2730 2712 2735 2218 2195
706 1563 1342 1622 2730 2716 2734 2223 2203
707 1565 1333 1628 2729 2711 2736 2221 2194
708 1569 1332 1619 2733 2719 2725 2225 2197
709 1565 1335 1627 2738 2716 2726 2220 2189
710 1566 1338 1627 2735 2712 2732 2221 2191
711 1565 1338 1619 2735 2720 2737 2218 2187
712 1565 1338 1623 2718 2701 2717 2185 2141
713 1565 1334 1625 2710 2684 2718 2187 2159
714 1568 1343 1623 2723 2708 2724 2194 2161
715 1561 1337 1629 2717 2703 2718 2178 2157
716 1567 1342 1623 2711 2697 2717 2197 2168
717 1564 1332 1624 2696 2692 2704 2173 2144
718 1563 1339 1630 2726 2709 2717 2190 2173
719 1563 1339 1622 2707 2684 2705 2187 2174
720 1555 1339 1622 2704 2703 2720 2198 2176
721 1558 1341 1621 2723 2700 2712 2194 2183
722 1564 1336 1627 2712 2688 2702 2187 2168
723 1567 1341 1629 2702 2683 2691 2171 2160
724 1566 1340 1626 2718 2724 2721 2191 2167
725 1560 1341 1615 2717 2682 2708 2191 2171
726 1566 1333 1625 2715 2706 2720 2184 2154
727 1564 1343 1624 2712 2692 2718 2183 2163
728 1565 1343 1626 2711 2687 2705 2180 2145
729 1556 1341 1620 2702 2693 2706 2171 2138
730 1560 1343 1616 2706 2688 2697 2183 2148
731 1556 1338 1629 2715 2686 2703 2172 2152
732 1560 1342 1624 2709 2684 2720 2174 2157
733 1566 1335 1626 2731 2699 2706 2191 2169
734 1560 1339 1625 2711 2699 2706 2191 2178
735 1568 1341 1620 2714 2697 2699 2196 2178
736 1561 1340 1619 2725 2715 2724 2201 2192
737 1559 1340 1620 2719 2710 2709 2201 2181
738 1564 1344 1625 2714 2699 2727 2202 2188
739 1555 1343 1620 2727 2702 2721 2207 2168
740 1568 1342 1615 2723 2708 2701 2202 2179
741 1564 1344 1623 2705 2703 2707 2195 2174
742 1565 1339 1620 2718 2683 2721 2198 2166
743 1557 1343 1627 2721 2690 2694 2178 2157
744 1555 1343 1624 2718 2697 2707 2187 2148
745 1562 1340 1618 2699 2685 2700 2174 2155
746 1562 1337 1622 2712 2691 2706 2173 2148
747 1558 1340 1618 2727 2699 2715 2175 2156
748 1558 1342 1627 2716 2682 2716 2194 2175
749 1554 1338 1616 2715 2711 2719 2203 2193
750 1562 1343 1625 2710 2711 2713 2189 2178
751 1562 1340 1624 2721 2709 2727 2206 2196
752 1564 1340 1615 2697 2713 2700 2185 2173
753 1557 1339 1616 2696 2685 2705 2179 2183
754 1557 1341 1623 2708 2703 2708 2191 2183
755 1559 1343 1621 2703 2708 2727 2193 2164
756 1557 1344 1624 2706 2692 2708 2183 2164
757 1561 1335 1627 2706 2686 2707 2189 2170
758 1562 1344 1616 2711 2702 2723 2194 2160
759 1563 1336 1628 2730 2710 2719 2198 2176
760 1557 1341 1614 2711 2704 2715 2189 2153
761 1561 1338 1620 2724 2708 2711 2191 2170
762 1556 1337 1616 2724 2711 2712 2183 2176
763 1557 1329 1621 2700 2690 2712 2191 2176
764 1555 1328 1623 2727 2697 2719 2189 2197
765 1550 1335 1621 2715 2689 2716 2186 2190
766 1560 1339 1614 2724 2676 2725 2201 2208
767 1564 1340 1628 2726 2707 2722 2193 2177
768 1568 1342 1630 2714 2703 2712 2203 2198
769 1567 1343 1618 2731 2707 2716 2199 2184
770 1565 1344 1624 2732 2694 2722 2197 2181
771 1567 1340 1624 2709 2700 2721 2193 2163
772 1573 1346 1622 2708 2685 2702 2173 2149
773 1563 1349 1615 2703 2693 2712 2183 2149
774 1557 1345 1629 2720 2682 2696 2175 2147
775 1555 1347 1622 2720 2685 2691 2188 2170
776 1557 1343 1622 2705 2678 2706 2165 2144
777 1555 1343 1615 2722 2686 2693 2175 2161
778 1568 1343 1623 2713 2693 2697 2182 2167
779 1559 1336 1617 2731 2710 2697 2200 2179
780 1557 1340 1620 2722 2696 2720 2199 2176
781 1557 1336 1618 2718 2702 2722 2200 2183
782 1565 1337 1615 2732 2697 2724 2200 2178
783 1567 1337 1613 2728 2698 2723 2206 2192
784 1563 1340 1614 2729 2699 2711 2205 2173
785 1560 1340 1625 2722 2710 2719 2201 2191
786 1561 1343 1621 2721 2701 2713 2202 2182
787 1563 1341 1622 2725 2706 2725 2202 2188
788 1564 1343 1626 2723 2707 2724 2204 2178
789 1562 1341 1623 2713 2709 2728 2199 2184
790 1563 1338 1620 2725 2707 2722 2201 2183
791 1556 1335 1617 2730 2708 2727 2210 2184
792 1564 1342 1624 2724 2710 2721 2209 2184
793 1555 1339 1621 2732 2711 2727 2211 2182
794 1566 1342 1623 2718 2706 2719 2209 2188
795 1559 1335 1622 2723 2688 2724 2209 2186
796 1563 1336 1613 2711 2707 2725 2208 2196
797 1553 1339 1619 2729 2707 2728 2210 2190
798 1557 1334 1617 2723 2700 2711 2198 2189
799 1558 1339 1624 2709 2712 2723 2200 2182
800 1564 1343 1624 2727 2694 2704 2189 2179
801 1559 1335 1620 2723 2695 2720 2195 2183
802 1564 1334 1615 2717 2712 2725 2211 2197
803 1562 1342 1620 2724 2710 2718 2205 2175
804 1563 1344 1627 2728 2697 2704 2197 2176
805 1560 1340 1627 2727 2711 2714 2202 2179
806 1554 1341 1625 2726 2715 2723 2210 2186
807 1559 1334 1618 2727 2703 2718 2210 2187
808 1563 1333 1621 2730 2711 2727 2211 2178
809 1557 1337 1620 2732 2712 2721 2208 2194
810 1557 1339 1624 2723 2687 2725 2182 2162
811 1559 1340 1617 2726 2715 2725 2185 2172
812 1554 1337 1623 2705 2701 2704 2192 2171
813 1550 1336 1617 2716 2713 2711 2198 2190
814 1561 1336 1613 2719 2707 2729 2202 2186
815 1566 1337 1616 2723 2707 2725 2203 2198
816 1558 1338 1623 2728 2708 2719 2207 2191
817 1565 1343 1627 2716 2701 2721 2194 2185
818 1561 1339 1622 2714 2702 2710 2200 2183
819 1563 1346 1625 2722 2712 2723 2204 2177
820 1565 1342 1617 2733 2697 2728 2201 2173
821 1563 1337 1620 2727 2693 2731 2185 2169
822 1563 1339 1619 2705 2707 2716 2187 2164
823 1560 1340 1625 2727 2711 2704 2196 2173
824 1564 1339 1619 2718 2703 2716 2207 2187
825 1559 1333 1620 2729 2711 2706 2205 2176
826 1566 1340 1618 2699 2710 2719 2193 2166
827 1563 1343 1626 2707 2697 2703 2184 2162
828 1564 1342 1627 2723 2702 2714 2203 2195
829 1563 1343 1627 2721 2699 2720 2197 2183
830 1561 1335 1622 2720 2705 2726 2202 2188
831 1566 1339 1622 2714 2706 2705 2195 2183
832 1563 1344 1613 2721 2711 2724 2209 2195
833 1559 1334 1617 2736 2692 2725 2204 2186
834 1559 1335 1618 2725 2709 2719 2209 2190
835 1557 1339 1622 2725 2709 2727 2210 2183
836 1563 1338 1618 2729 2713 2727 2203 2175
837 1555 1338 1622 2725 2708 2719 2200 2179
838 1559 1335 1618 2720 2708 2721 2206 2181
839 1559 1341 1616 2731 2710 2725 2203 2173
840 1559 1338 1621 2728 2706 2715 2200 2171
841 1564 1344 1627 2728 2699 2725 2200 2186
842 1557 1338 1626 2728 2709 2723 2192 2176
843 1562 1341 1623 2723 2704 2716 2201 2192
844 1562 1339 1613 2718 2708 2726 2201 2187
845 1551 1338 1620 2724 2700 2721 2200 2193
846 1559 1339 1624 2723 2708 2717 2199 2191
847 1559 1339 1624 2723 2704 2718 2205 2205
848 1552 1333 1617 2727 2700 2702 2196 2193
849 1553 1331 1614 2724 2700 2712 2201 2191
850 1553 1333 1620 2726 2696 2724 2195 2193
851 1549 1332 1615 2725 2696 2727 2187 2196
852 1555 1336 1624 2726 2694 2713 2186 2193
853 1556 1334 1623 2726 2711 2716 2192 2201
854 1555 1332 1615 2727 2703 2728 2196 2204
855 1544 1332 1623 2711 2697 2718 2187 2203
856 1551 1329 1621 2714 2710 2723 2182 2208
857 1541 1321 1616 2721 2714 2731 2189 2219
858 1548 1319 1614 2728 2709 2729 2180 2235
859 1543 1315 1617 2708 2701 2731 2176 2234
860 1536 1309 1618 2728 2703 2730 2169 2260
861 1540 1308 1615 2733 2710 2732 2166 2260
862 1541 1307 1626 2713 2715 2743 2139 2251
863 1540 1295 1635 2713 2717 2733 2129 2255
864 1526 1293 1628 2709 2713 2752 2137 2308
865 1508 1280 1624 2717 2715 2743 2134 2344
866 1489 1273 1619 2714 2719 2777 2128 2375
867 1483 1267 1607 2721 2710 2778 2113 2397
868 1482 1254 1606 2702 2718 2790 2096 2456
869 1475 1236 1608 2721 2722 2796 2089 2504
870 1464 1233 1613 2724 2714 2804 2095 2558
871 1466 1219 1624 2723 2706 2823 2111 2581
872 1466 1225 1630 2728 2712 2833 2131 2601
873 1466 1230 1624 2732 2723 2861 2116 2611
874 1475 1226 1626 2710 2723 2862 2108 2612
875 1478 1235 1629 2753 2739 2854 2100 2588
876 1489 1225 1611 2734 2737 2882 2092 2622
877 1484 1217 1606 2694 2740 2908 2097 2646
878 1488 1203 1609 2737 2744 2918 2102 2646
879 1490 1214 1611 2700 2756 2939 2069 2643
880 1506 1230 1612 2721 2723 2926 2045 2600
881 1531 1258 1611 2732 2740 2921 2047 2540
882 1547 1270 1618 2728 2711 2916 2071 2516
883 1564 1293 1623 2714 2715 2956 2083 2518
884 1574 1307 1619 2740 2748 2936 2078 2483
885 1587 1307 1611 2727 2762 2990 2063 2419
886 1614 1323 1600 2733 2744 2981 2070 2357
887 1616 1326 1612 2740 2744 2963 2065 2341
888 1619 1331 1606 2734 2790 2969 2029 2318
889 1622 1321 1599 2709 2734 2974 2035 2271
890 1634 1319 1608 2697 2776 2999 2059 2261
891 1637 1308 1604 2739 2780 2992 2030 2217
892 1638 1307 1603 2707 2778 2985 2039 2196
893 1638 1293 1601 2706 2767 3045 2028 2172
894 1626 1280 1603 2730 2807 3021 2023 2175
895 1619 1277 1589 2722 2765 3041 2017 2201
896 1593 1248 1600 2702 2785 2979 2008 2241
897 1576 1262 1608 2723 2765 3008 2019 2255
898 1562 1255 1600 2733 2802 3062 2039 2349
899 1564 1266 1606 2710 2756 3034 2036 2387
900 1569 1268 1602 2735 2779 3012 2035 2399
901 1563 1251 1608 2739 2769 3017 1960 2367
902 1586 1269 1613 2734 2745 2992 1976 2292
903 1581 1277 1626 2728 2755 3003 1969 2323
904 1596 1288 1631 2747 2780 3040 2006 2352
905 1597 1284 1633 2762 2780 3017 1995 2406
906 1603 1299 1615 2727 2762 3031 1990 2365
907 1603 1292 1615 2733 2742 3000 1962 2390
908 1597 1274 1599 2718 2771 3053 1954 2360
909 1607 1300 1603 2740 2734 3027 1966 2358
910 1584 1285 1613 2739 2784 3044 1940 2392
911 1579 1298 1619 2734 2759 2993 1915 2402
912 1578 1285 1619 2713 2767 2989 1909 2420
913 1573 1288 1642 2702 2720 2981 1948 2398
914 1575 1314 1633 2717 2738 2984 1954 2387
915 1565 1307 1631 2722 2799 3028 1914 2362
916 1578 1349 1641 2742 2756 2989 1950 2305
917 1584 1352 1649 2747 2747 2983 1969 2281
918 1587 1367 1634 2693 2774 3038 1948 2265
919 1594 1385 1627 2732 2736 2967 1931 2198
920 1580 1350 1625 2758 2777 2994 1864 2185
921 1593 1378 1639 2698 2756 2979 1908 2098
922 1586 1381 1636 2685 2772 3010 1947 2107
923 1582 1357 1642 2745 2729 2949 1939 2149
924 1586 1364 1641 2707 2756 2962 1917 2161
925 1579 1346 1647 2729 2720 2972 1898 2098
926 1587 1357 1653 2735 2750 2956 1915 2059
927 1596 1354 1652 2688 2775 2976 1939 2048
928 1593 1347 1649 2734 2727 2953 1955 2081
929 1603 1339 1640 2724 2770 2966 1906 2082
930 1595 1368 1645 2728 2714 2915 1924 1999
931 1606 1413 1663 2687 2681 2867 1997 1995
932 1611 1425 1639 2723 2710 2803 2051 2044
933 1640 1460 1640 2723 2722 2804 2093 2053
934 1661 1482 1625 2713 2682 2769 2054 1967
935 1693 1510 1622 2716 2689 2768 2005 1899
936 1710 1525 1625 2711 2681 2739 2029 1874
937 1712 1564 1655 2704 2693 2733 2096 1921
938 1710 1588 1682 2696 2694 2738 2117 1975
939 1717 1596 1700 2710 2703 2742 2143 1989
940 1735 1601 1710 2704 2703 2739 2154 1916
941 1737 1592 1715 2725 2697 2716 2183 1907
942 1737 1590 1708 2704 2689 2725 2206 1871
943 1737 1589 1693 2713 2703 2728 2217 1832
944 1728 1591 1696 2720 2696 2715 2223 1770
945 1721 1589 1685 2715 2689 2702 2228 1769
946 1708 1578 1689 2699 2701 2726 2247 1780
947 1700 1574 1681 2723 2695 2712 2252 1766
948 1691 1555 1678 2720 2700 2724 2280 1765
949 1682 1538 1672 2723 2700 2693 2314 1772
950 1669 1514 1675 2726 2703 2730 2338 1766
951 1648 1491 1674 2696 2691 2717 2364 1758
952 1614 1471 1687 2724 2702 2727 2360 1766
953 1597 1459 1679 2718 2691 2730 2361 1783
954 1561 1439 1675 2718 2694 2719 2371 1819
955 1534 1409 1668 2709 2694 2727 2377 1821
956 1501 1376 1663 2715 2706 2740 2374 1876
957 1467 1345 1660 2731 2716 2743 2357 1900
958 1441 1307 1653 2722 2717 2736 2357 1987
959 1409 1265 1654 2709 2697 2727 2333 2046
960 1383 1223 1641 2720 2696 2733 2311 2138
961 1367 1188 1644 2730 2714 2754 2303 2208
962 1352 1156 1641 2715 2708 2750 2295 2310
963 1351 1146 1629 2721 2709 2747 2278 2397
964 1349 1130 1638 2716 2701 2755 2263 2464
965 1352 1130 1640 2721 2717 2755 2240 2520
966 1363 1134 1647 2726 2701 2731 2225 2566
967 1386 1145 1651 2708 2704 2741 2229 2599
968 1410 1170 1643 2719 2718 2754 2255 2604
969 1433 1197 1646 2724 2716 2736 2249 2614
970 1454 1235 1646 2726 2694 2735 2250 2597
971 1485 1268 1648 2721 2694 2742 2233 2551
972 1520 1301 1645 2719 2703 2735 2233 2525
973 1546 1335 1648 2720 2701 2735 2252 2478
974 1561 1369 1643 2719 2704 2739 2282 2444
975 1584 1408 1628 2718 2700 2729 2287 2434
976 1603 1428 1639 2716 2692 2720 2272 2383
977 1619 1449 1662 2726 2704 2731 2286 2325
978 1620 1455 1675 2717 2705 2724 2307 2313
979 1630 1467 1683 2708 2690 2729 2327 2311
980 1641 1480 1678 2710 2692 2730 2322 2296
981 1645 1477 1671 2715 2701 2719 2309 2252
982 1651 1481 1651 2723 2700 2705 2313 2251
983 1651 1482 1655 2715 2704 2702 2315 2238
984 1642 1471 1662 2724 2691 2720 2329 2262
985 1639 1451 1670 2719 2694 2730 2336 2272
986 1630 1442 1669 2725 2703 2737 2356 2284
987 1627 1431 1662 2725 2711 2730 2359 2267
988 1621 1410 1662 2721 2712 2735 2372 2285
989 1609 1399 1658 2718 2706 2736 2357 2284
990 1594 1379 1659 2725 2713 2734 2341 2280
991 1593 1351 1656 2721 2713 2734 2334 2265
992 1574 1337 1656 2719 2701 2734 2323 2268
993 1569 1317 1654 2711 2702 2717 2313 2265
994 1546 1308 1651 2711 2682 2725 2301 2277
995 1546 1290 1646 2725 2701 2712 2280 2274
996 1547 1289 1633 2707 2693 2721 2297 2286
997 1534 1286 1633 2724 2711 2743 2299 2277
998 1542 1282 1628 2719 2712 2725 2271 2270
999 1537 1286 1627 2712 2683 2723 2268 2284
1000 1559 1287 1611 2700 2702 2715 2287 2304
1001 1573 1281 1624 2720 2699 2719 2304 2318
1002 1606 1290 1631 2723 2695 2719 2278 2279
1003 1620 1307 1630 2724 2698 2719 2267 2235
1004 1639 1329 1627 2716 2673 2710 2277 2225
1005 1642 1351 1638 2718 2706 2711 2323 2256
1006 1654 1385 1639 2716 2698 2707 2364 2245
1007 1666 1409 1637 2710 2697 2710 2353 2215
1008 1681 1421 1641 2714 2697 2709 2318 2147
1009 1691 1431 1642 2715 2683 2695 2292 2072
1010 1708 1444 1633 2719 2700 2705 2320 2016
1011 1713 1433 1632 2719 2688 2699 2327 2007
1012 1716 1436 1638 2717 2688 2705 2317 1972
1013 1710 1423 1645 2696 2685 2686 2332 1950
1014 1711 1407 1653 2715 2682 2679 2339 1945
1015 1710 1393 1649 2706 2670 2697 2351 1943
1016 1694 1374 1655 2710 2659 2677 2334 1957
1017 1680 1369 1638 2721 2681 2681 2320 1913
1018 1661 1362 1629 2716 2661 2679 2314 1902
1019 1653 1352 1627 2720 2673 2684 2328 1909
1020 1630 1342 1622 2715 2663 2669 2319 1934
1021 1613 1334 1633 2696 2658 2668 2321 1933
1022 1587 1334 1636 2715 2657 2661 2320 1939
1023 1579 1318 1636 2721 2655 2662 2310 1917
