0 1610 1372 1641 2732 2775 2954 2251 2359
1 1633 1372 1627 2756 2774 2954 2226 2284
2 1655 1372 1614 2753 2735 2932 2219 2194
3 1640 1373 1606 2743 2763 2951 2222 2153
4 1636 1377 1609 2754 2764 2924 2237 2188
5 1632 1377 1604 2736 2753 2902 2226 2189
6 1617 1373 1595 2765 2746 2905 2197 2156
7 1599 1362 1611 2743 2747 2909 2192 2096
8 1585 1367 1617 2747 2759 2886 2217 2156
9 1557 1366 1606 2753 2746 2881 2226 2292
10 1570 1358 1620 2736 2758 2890 2213 2225
11 1572 1348 1620 2750 2731 2865 2191 2131
12 1567 1344 1625 2748 2742 2858 2179 2156
13 1545 1352 1630 2745 2748 2863 2210 2214
14 1555 1355 1632 2743 2751 2845 2246 2254
15 1547 1354 1629 2727 2749 2828 2253 2227
16 1549 1357 1623 2739 2728 2829 2233 2206
17 1562 1356 1621 2731 2749 2825 2217 2215
18 1551 1352 1618 2751 2740 2819 2237 2229
19 1547 1343 1620 2742 2737 2817 2251 2262
20 1547 1335 1622 2741 2736 2810 2242 2253
21 1549 1322 1617 2734 2739 2805 2225 2258
22 1552 1330 1621 2731 2749 2817 2220 2280
23 1544 1323 1616 2732 2735 2798 2216 2280
24 1547 1325 1616 2755 2721 2781 2223 2286
25 1556 1325 1616 2733 2733 2787 2219 2275
26 1555 1322 1613 2745 2735 2785 2220 2282
27 1556 1328 1624 2746 2723 2777 2226 2280
28 1569 1326 1623 2743 2733 2788 2230 2255
29 1561 1338 1619 2750 2718 2778 2236 2254
30 1576 1334 1624 2742 2726 2765 2237 2239
31 1573 1339 1622 2730 2723 2770 2245 2249
32 1577 1341 1625 2741 2721 2767 2242 2246
33 1585 1335 1627 2730 2717 2758 2238 2207
34 1573 1346 1619 2742 2719 2761 2248 2201
35 1578 1352 1626 2750 2729 2767 2241 2185
36 1572 1354 1623 2744 2721 2765 2233 2195
37 1562 1354 1618 2726 2722 2756 2218 2189
38 1566 1351 1622 2736 2723 2759 2234 2175
39 1559 1347 1623 2745 2722 2758 2231 2201
40 1555 1332 1614 2739 2723 2763 2225 2206
41 1562 1321 1616 2735 2721 2765 2225 2209
42 1558 1322 1623 2740 2719 2756 2225 2227
43 1564 1312 1624 2734 2721 2754 2230 2221
44 1548 1321 1623 2741 2725 2762 2230 2243
45 1549 1323 1627 2747 2723 2760 2239 2234
46 1551 1326 1629 2734 2721 2755 2241 2243
47 1551 1340 1622 2745 2720 2755 2244 2254
48 1553 1338 1626 2738 2725 2750 2236 2238
49 1551 1338 1623 2737 2722 2763 2227 2243
50 1546 1332 1615 2739 2722 2753 2221 2231
51 1558 1322 1611 2743 2721 2759 2219 2248
52 1561 1329 1619 2738 2720 2759 2217 2248
53 1551 1327 1618 2735 2725 2760 2218 2239
54 1560 1333 1625 2745 2725 2760 2221 2250
55 1557 1332 1626 2738 2725 2762 2229 2250
56 1556 1332 1622 2740 2723 2759 2237 2256
57 1551 1335 1628 2745 2719 2760 2237 2252
58 1551 1339 1622 2735 2727 2758 2230 2236
59 1561 1336 1616 2743 2721 2755 2224 2237
60 1553 1337 1622 2742 2720 2757 2224 2230
61 1562 1334 1622 2742 2719 2754 2225 2236
62 1561 1336 1623 2744 2720 2751 2225 2238
63 1563 1333 1625 2723 2712 2742 2217 2222
64 1562 1344 1624 2740 2721 2757 2225 2238
65 1566 1330 1623 2740 2718 2758 2224 2227
66 1566 1338 1632 2738 2724 2757 2224 2216
67 1569 1335 1619 2742 2721 2753 2209 2215
68 1562 1345 1628 2744 2724 2755 2244 2218
69 1561 1338 1618 2736 2716 2760 2241 2245
70 1559 1347 1623 2735 2725 2755 2222 2229
71 1562 1336 1615 2737 2722 2758 2198 2224
72 1561 1329 1615 2739 2729 2757 2214 2225
73 1564 1340 1630 2743 2727 2757 2245 2234
74 1567 1346 1619 2745 2726 2755 2253 2248
75 1569 1348 1628 2744 2722 2759 2246 2207
76 1575 1342 1619 2743 2725 2755 2223 2212
77 1573 1339 1620 2743 2729 2758 2215 2219
78 1573 1324 1612 2747 2727 2751 2218 2216
79 1562 1333 1615 2744 2722 2756 2227 2221
80 1568 1331 1625 2741 2721 2757 2234 2217
81 1562 1325 1616 2734 2732 2752 2220 2232
82 1562 1338 1627 2737 2726 2759 2223 2227
83 1558 1336 1620 2731 2727 2759 2225 2212
84 1556 1339 1623 2737 2723 2755 2238 2231
85 1560 1338 1627 2740 2724 2763 2231 2220
86 1565 1336 1621 2742 2723 2754 2227 2230
87 1563 1336 1620 2736 2731 2756 2227 2220
88 1558 1328 1620 2746 2722 2756 2225 2216
89 1561 1335 1624 2744 2729 2758 2231 2232
90 1547 1332 1611 2741 2720 2757 2219 2223
91 1563 1326 1627 2738 2721 2751 2225 2239
92 1564 1332 1623 2735 2728 2760 2221 2233
93 1549 1332 1621 2737 2720 2761 2229 2230
94 1556 1324 1623 2732 2721 2757 2224 2238
95 1556 1332 1622 2743 2720 2760 2223 2232
96 1553 1334 1621 2745 2721 2758 2222 2246
97 1561 1333 1628 2740 2720 2759 2223 2237
98 1554 1334 1622 2743 2720 2759 2230 2230
99 1550 1332 1627 2740 2724 2760 2221 2235
100 1561 1326 1625 2739 2722 2756 2225 2229
101 1560 1335 1626 2739 2720 2767 2219 2242
102 1555 1337 1621 2738 2722 2764 2225 2236
103 1558 1334 1625 2743 2726 2764 2226 2225
104 1551 1340 1624 2743 2723 2759 2218 2230
105 1564 1335 1624 2740 2724 2762 2223 2222
106 1559 1334 1624 2744 2725 2757 2220 2235
107 1558 1336 1621 2738 2719 2758 2227 2225
108 1564 1331 1628 2741 2725 2763 2223 2223
109 1566 1328 1630 2735 2727 2761 2221 2228
110 1571 1335 1625 2742 2724 2763 2221 2221
111 1568 1335 1625 2743 2725 2764 2218 2232
112 1557 1328 1619 2736 2722 2767 2225 2229
113 1556 1336 1618 2737 2725 2762 2219 2224
114 1551 1334 1628 2742 2721 2763 2221 2231
115 1559 1338 1628 2736 2728 2764 2222 2226
116 1555 1331 1622 2741 2727 2764 2224 2242
117 1557 1331 1623 2737 2728 2762 2224 2233
118 1548 1337 1623 2736 2721 2767 2220 2223
119 1561 1333 1624 2734 2722 2766 2222 2235
120 1558 1331 1626 2741 2720 2772 2218 2227
121 1563 1335 1625 2735 2724 2766 2226 2242
122 1565 1338 1618 2735 2720 2762 2221 2226
123 1572 1339 1620 2746 2726 2764 2224 2221
124 1568 1341 1632 2736 2720 2757 2225 2224
125 1570 1339 1620 2737 2724 2773 2227 2218
126 1577 1345 1628 2740 2720 2760 2225 2228
127 1573 1340 1625 2727 2715 2744 2195 2188
128 1569 1334 1622 2737 2721 2767 2226 2210
129 1571 1336 1617 2748 2728 2757 2224 2214
130 1570 1340 1620 2744 2721 2760 2231 2208
131 1568 1339 1627 2740 2719 2763 2222 2224
132 1572 1335 1624 2738 2725 2760 2219 2206
133 1561 1336 1629 2744 2723 2770 2225 2206
134 1565 1336 1627 2736 2722 2762 2229 2215
135 1558 1342 1632 2735 2728 2764 2229 2216
136 1558 1341 1614 2743 2725 2762 2229 2232
137 1559 1329 1624 2735 2725 2761 2230 2218
138 1564 1336 1623 2740 2725 2760 2224 2219
139 1560 1333 1621 2741 2724 2765 2228 2230
140 1559 1331 1620 2740 2723 2767 2226 2228
141 1564 1328 1618 2739 2721 2763 2226 2244
142 1561 1336 1627 2738 2720 2771 2222 2231
143 1556 1325 1626 2748 2724 2765 2223 2231
144 1564 1335 1625 2742 2724 2764 2226 2238
145 1572 1333 1622 2736 2723 2769 2222 2234
146 1567 1331 1625 2738 2712 2778 2220 2241
147 1563 1335 1621 2736 2717 2757 2224 2231
148 1562 1333 1625 2742 2724 2774 2225 2223
149 1563 1332 1624 2748 2719 2766 2225 2230
150 1559 1332 1622 2749 2721 2765 2218 2228
151 1564 1332 1624 2747 2729 2772 2220 2238
152 1562 1329 1620 2742 2733 2766 2220 2223
153 1565 1331 1624 2736 2726 2770 2226 2221
154 1560 1331 1629 2732 2727 2772 2217 2223
155 1561 1323 1625 2738 2717 2760 2221 2221
156 1560 1334 1626 2735 2720 2771 2219 2233
157 1568 1331 1628 2740 2726 2768 2224 2217
158 1561 1330 1624 2746 2724 2763 2222 2221
159 1557 1335 1630 2740 2731 2771 2218 2223
160 1558 1336 1626 2746 2719 2769 2218 2217
161 1557 1334 1623 2740 2726 2768 2217 2234
162 1561 1327 1627 2738 2717 2771 2219 2218
163 1556 1333 1628 2743 2719 2771 2217 2225
164 1564 1330 1627 2747 2730 2774 2217 2233
165 1561 1333 1624 2743 2718 2765 2215 2232
166 1556 1333 1628 2738 2718 2772 2215 2249
167 1560 1334 1628 2743 2726 2769 2218 2231
168 1564 1329 1628 2744 2714 2769 2214 2233
169 1557 1335 1621 2743 2724 2761 2218 2234
170 1553 1334 1626 2743 2724 2768 2215 2233
171 1562 1336 1628 2742 2721 2776 2222 2248
172 1561 1335 1627 2747 2719 2768 2220 2227
173 1553 1336 1630 2739 2718 2761 2218 2228
174 1562 1333 1626 2746 2728 2772 2217 2226
175 1565 1340 1625 2735 2723 2757 2217 2229
176 1569 1335 1619 2735 2723 2773 2226 2238
177 1564 1336 1617 2743 2727 2765 2217 2221
178 1564 1334 1626 2739 2717 2770 2221 2224
179 1562 1338 1626 2755 2721 2764 2220 2224
180 1555 1330 1627 2749 2725 2769 2226 2227
181 1562 1339 1626 2736 2724 2771 2223 2231
182 1559 1340 1627 2746 2732 2768 2219 2216
183 1568 1340 1628 2738 2728 2764 2222 2217
184 1566 1341 1629 2739 2724 2773 2219 2220
185 1571 1342 1628 2744 2723 2771 2225 2220
186 1560 1339 1626 2740 2723 2771 2220 2236
187 1568 1339 1627 2737 2719 2774 2218 2217
188 1572 1337 1629 2743 2721 2772 2220 2225
189 1557 1339 1623 2741 2724 2774 2218 2222
190 1560 1336 1627 2740 2716 2765 2223 2228
191 1564 1333 1629 2750 2722 2772 2217 2239
192 1560 1330 1629 2747 2725 2770 2220 2228
193 1563 1336 1630 2739 2728 2778 2214 2227
194 1562 1332 1632 2751 2730 2767 2222 2233
195 1562 1336 1631 2750 2722 2774 2218 2231
196 1563 1331 1627 2744 2725 2773 2219 2243
197 1564 1334 1626 2739 2717 2766 2217 2221
198 1563 1330 1630 2731 2731 2773 2217 2226
199 1554 1337 1627 2739 2720 2768 2220 2218
200 1558 1336 1630 2753 2728 2774 2215 2219
201 1564 1335 1627 2738 2721 2760 2220 2227
202 1553 1331 1626 2743 2729 2773 2219 2209
203 1566 1329 1630 2746 2725 2769 2223 2222
204 1558 1329 1620 2750 2723 2769 2223 2223
205 1566 1331 1629 2738 2728 2770 2219 2236
206 1562 1328 1627 2735 2728 2772 2216 2241
207 1555 1329 1626 2742 2727 2773 2215 2222
208 1565 1333 1626 2747 2723 2768 2219 2229
209 1557 1334 1632 2749 2726 2773 2215 2226
210 1555 1338 1626 2748 2727 2773 2217 2234
211 1561 1333 1618 2739 2717 2766 2220 2241
212 1561 1338 1630 2737 2727 2773 2223 2220
213 1553 1345 1631 2745 2724 2767 2225 2217
214 1560 1341 1627 2739 2717 2770 2220 2213
215 1557 1342 1630 2739 2716 2765 2221 2218
216 1562 1333 1632 2739 2721 2769 2219 2232
217 1563 1341 1630 2740 2725 2768 2218 2209
218 1564 1340 1632 2745 2725 2765 2221 2219
219 1569 1335 1633 2749 2722 2763 2220 2215
220 1570 1337 1625 2741 2732 2768 2222 2224
221 1569 1339 1631 2742 2725 2772 2223 2235
222 1573 1340 1631 2743 2725 2765 2226 2220
223 1571 1341 1626 2744 2724 2766 2221 2228
224 1569 1337 1632 2733 2720 2769 2219 2221
225 1559 1343 1628 2741 2718 2764 2222 2229
226 1568 1341 1634 2738 2721 2770 2226 2237
227 1569 1343 1625 2736 2728 2777 2231 2221
228 1571 1341 1622 2746 2730 2760 2221 2229
229 1564 1335 1632 2729 2717 2770 2226 2224
230 1575 1337 1630 2736 2731 2771 2216 2226
231 1568 1343 1627 2738 2719 2774 2225 2237
232 1566 1331 1626 2741 2722 2764 2218 2215
233 1565 1339 1634 2739 2718 2760 2224 2230
234 1570 1332 1629 2737 2724 2766 2222 2225
235 1567 1335 1631 2739 2721 2767 2228 2231
236 1559 1337 1631 2733 2717 2766 2231 2241
237 1571 1338 1625 2743 2725 2769 2221 2223
238 1558 1335 1631 2736 2722 2760 2226 2229
239 1576 1338 1633 2742 2717 2770 2224 2231
240 1566 1331 1634 2743 2722 2762 2226 2244
241 1578 1334 1631 2739 2719 2774 2227 2238
242 1561 1327 1618 2749 2720 2769 2226 2228
243 1569 1328 1632 2745 2719 2766 2225 2235
244 1560 1328 1621 2738 2726 2775 2223 2229
245 1566 1336 1636 2741 2720 2763 2223 2233
246 1564 1334 1632 2737 2723 2763 2230 2234
247 1565 1338 1632 2741 2727 2771 2235 2218
248 1559 1338 1622 2731 2725 2769 2234 2227
249 1564 1337 1633 2743 2730 2770 2227 2211
250 1560 1335 1627 2746 2726 2772 2220 2227
251 1562 1336 1634 2742 2721 2773 2219 2243
252 1561 1328 1628 2739 2724 2771 2220 2225
253 1560 1324 1633 2737 2721 2779 2218 2234
254 1559 1330 1625 2734 2720 2771 2220 2227
255 1561 1329 1631 2740 2733 2774 2218 2242
256 1560 1319 1629 2752 2719 2780 2217 2246
257 1561 1329 1626 2749 2723 2773 2223 2231
258 1566 1330 1634 2740 2726 2773 2224 2239
259 1557 1329 1630 2737 2717 2779 2229 2234
260 1561 1332 1638 2743 2727 2773 2217 2240
261 1560 1325 1629 2743 2724 2776 2223 2247
262 1560 1331 1632 2733 2713 2780 2216 2228
263 1563 1332 1627 2746 2724 2772 2222 2237
264 1560 1335 1626 2739 2732 2776 2220 2231
265 1564 1332 1626 2740 2722 2778 2215 2239
266 1556 1334 1632 2751 2727 2777 2223 2245
267 1563 1338 1631 2738 2720 2776 2220 2228
268 1566 1330 1629 2730 2720 2773 2230 2239
269 1572 1339 1633 2736 2730 2773 2223 2232
270 1569 1331 1625 2733 2721 2770 2227 2243
271 1556 1342 1628 2735 2728 2781 2221 2239
272 1565 1341 1633 2745 2729 2777 2220 2229
273 1569 1343 1631 2738 2735 2783 2217 2232
274 1568 1341 1636 2738 2729 2775 2213 2230
275 1564 1339 1633 2743 2717 2765 2215 2239
276 1567 1336 1629 2746 2730 2774 2216 2238
277 1569 1335 1637 2744 2732 2777 2228 2228
278 1566 1333 1634 2740 2721 2773 2222 2238
279 1568 1334 1630 2748 2734 2778 2222 2231
280 1571 1337 1626 2743 2721 2783 2222 2244
281 1567 1335 1634 2745 2722 2773 2227 2248
282 1565 1332 1634 2740 2719 2780 2226 2235
283 1565 1337 1635 2741 2721 2777 2219 2238
284 1569 1327 1631 2734 2728 2775 2216 2229
285 1568 1332 1622 2739 2720 2774 2216 2244
286 1561 1335 1635 2743 2723 2781 2215 2240
287 1564 1332 1634 2738 2721 2780 2216 2230
288 1565 1333 1632 2743 2718 2781 2213 2230
289 1568 1333 1633 2742 2729 2768 2221 2223
290 1568 1333 1630 2735 2720 2780 2223 2237
291 1564 1334 1628 2745 2726 2775 2227 2236
292 1565 1330 1641 2743 2715 2772 2224 2223
293 1570 1333 1630 2739 2728 2789 2224 2230
294 1565 1331 1628 2742 2726 2785 2221 2223
295 1567 1325 1632 2737 2720 2782 2223 2236
296 1564 1327 1637 2738 2721 2777 2224 2239
297 1560 1331 1627 2751 2734 2783 2216 2231
298 1565 1333 1633 2740 2736 2795 2219 2241
299 1567 1329 1632 2747 2732 2786 2217 2234
300 1563 1334 1636 2760 2711 2772 2221 2246
301 1565 1328 1634 2743 2730 2792 2217 2246
302 1569 1336 1635 2744 2723 2776 2218 2234
303 1561 1333 1634 2753 2712 2780 2221 2245
304 1560 1340 1629 2741 2721 2790 2220 2240
305 1564 1336 1636 2739 2741 2779 2223 2255
306 1565 1334 1637 2736 2733 2785 2218 2246
307 1560 1335 1633 2751 2723 2774 2231 2237
308 1564 1339 1634 2749 2728 2772 2231 2247
309 1554 1340 1636 2751 2730 2775 2242 2246
310 1565 1345 1635 2746 2722 2767 2240 2264
311 1569 1348 1634 2741 2731 2777 2234 2259
312 1574 1346 1633 2732 2720 2762 2231 2243
313 1581 1352 1641 2746 2722 2773 2222 2238
314 1585 1353 1641 2739 2720 2766 2228 2225
315 1589 1354 1628 2744 2719 2756 2229 2236
316 1590 1357 1642 2738 2725 2767 2247 2231
317 1580 1364 1636 2749 2723 2761 2246 2215
318 1585 1368 1635 2734 2727 2757 2251 2225
319 1583 1367 1634 2739 2723 2760 2246 2211
320 1586 1373 1636 2744 2718 2757 2241 2218
321 1594 1366 1634 2735 2722 2759 2245 2198
322 1591 1364 1631 2748 2727 2754 2240 2187
323 1589 1361 1636 2733 2721 2753 2248 2202
324 1588 1355 1637 2738 2722 2759 2235 2186
325 1586 1351 1634 2740 2717 2746 2238 2203
326 1581 1353 1627 2740 2720 2760 2239 2191
327 1582 1354 1633 2742 2725 2747 2254 2188
328 1571 1339 1626 2748 2726 2758 2253 2193
329 1576 1349 1638 2735 2725 2755 2249 2188
330 1567 1333 1640 2735 2724 2757 2248 2200
331 1566 1339 1638 2739 2722 2755 2245 2196
332 1550 1335 1635 2742 2722 2753 2250 2193
333 1561 1327 1635 2740 2726 2752 2240 2201
334 1550 1323 1633 2742 2726 2750 2241 2199
335 1551 1318 1633 2737 2720 2755 2240 2216
336 1553 1321 1637 2743 2731 2755 2247 2218
337 1546 1319 1628 2745 2726 2752 2255 2217
338 1543 1315 1633 2745 2729 2757 2247 2232
339 1546 1317 1638 2744 2725 2756 2250 2229
340 1546 1317 1635 2743 2718 2758 2243 2241
341 1547 1322 1637 2737 2722 2754 2250 2239
342 1550 1317 1638 2743 2729 2757 2246 2232
343 1552 1319 1640 2744 2718 2756 2247 2241
344 1556 1324 1636 2742 2719 2759 2247 2235
345 1558 1325 1628 2744 2721 2759 2248 2247
346 1558 1329 1640 2736 2719 2751 2249 2231
347 1558 1336 1634 2738 2726 2756 2238 2226
348 1561 1330 1631 2746 2724 2753 2237 2227
349 1561 1337 1639 2737 2724 2761 2241 2225
350 1559 1334 1634 2737 2722 2753 2243 2237
351 1556 1338 1636 2736 2721 2756 2248 2227
352 1571 1337 1642 2744 2725 2759 2244 2224
353 1571 1341 1637 2736 2723 2760 2249 2236
354 1569 1342 1640 2745 2726 2751 2245 2233
355 1569 1341 1629 2740 2721 2754 2245 2248
356 1570 1343 1639 2742 2724 2758 2238 2233
357 1571 1337 1632 2733 2724 2757 2234 2224
358 1570 1341 1641 2736 2721 2751 2238 2235
359 1575 1344 1631 2732 2725 2748 2239 2225
360 1569 1344 1638 2748 2722 2755 2248 2243
361 1574 1339 1639 2737 2725 2748 2243 2226
362 1578 1343 1638 2743 2731 2759 2242 2222
363 1573 1336 1635 2737 2723 2750 2243 2227
364 1574 1343 1635 2734 2719 2752 2243 2217
365 1574 1337 1636 2740 2722 2757 2244 2229
366 1572 1339 1635 2737 2723 2750 2240 2213
367 1565 1332 1634 2742 2725 2751 2245 2216
368 1572 1337 1636 2731 2728 2749 2245 2219
369 1572 1341 1635 2744 2723 2753 2257 2220
370 1569 1331 1633 2739 2720 2757 2239 2224
371 1573 1336 1625 2742 2726 2746 2237 2202
372 1570 1335 1627 2742 2725 2759 2235 2195
373 1569 1331 1634 2738 2732 2757 2243 2204
374 1569 1335 1625 2737 2725 2750 2250 2203
375 1564 1334 1637 2741 2718 2752 2243 2209
376 1564 1335 1633 2741 2720 2753 2246 2199
377 1572 1333 1623 2739 2724 2758 2249 2204
378 1563 1337 1633 2742 2724 2753 2258 2221
379 1571 1331 1629 2739 2722 2752 2253 2218
380 1565 1332 1621 2734 2722 2755 2243 2229
381 1569 1333 1631 2740 2722 2753 2242 2211
382 1566 1331 1635 2734 2726 2757 2241 2213
383 1568 1333 1638 2735 2724 2746 2250 2225
384 1570 1338 1632 2744 2726 2750 2241 2218
385 1570 1333 1625 2744 2727 2754 2244 2228
386 1569 1339 1634 2735 2720 2753 2239 2206
387 1568 1342 1637 2746 2723 2746 2253 2215
388 1575 1344 1636 2743 2722 2755 2251 2215
389 1580 1338 1638 2737 2723 2756 2251 2209
390 1575 1340 1634 2736 2724 2753 2251 2219
391 1575 1343 1638 2738 2725 2753 2246 2200
392 1577 1344 1637 2744 2721 2749 2250 2201
393 1573 1339 1636 2747 2726 2749 2242 2202
394 1571 1346 1637 2734 2722 2749 2245 2202
395 1571 1345 1634 2740 2727 2752 2246 2213
396 1571 1344 1637 2743 2721 2747 2251 2197
397 1574 1340 1637 2746 2720 2753 2252 2198
398 1562 1345 1633 2739 2728 2744 2244 2196
399 1571 1342 1633 2746 2727 2741 2248 2200
400 1570 1338 1630 2743 2721 2745 2250 2210
401 1574 1342 1641 2740 2722 2748 2251 2193
402 1576 1339 1629 2740 2726 2740 2247 2198
403 1578 1335 1638 2742 2725 2744 2246 2196
404 1570 1337 1638 2748 2719 2743 2251 2199
405 1572 1329 1634 2743 2718 2746 2246 2210
406 1567 1339 1639 2743 2716 2742 2253 2195
407 1566 1332 1631 2740 2724 2743 2248 2201
408 1566 1334 1638 2741 2717 2742 2250 2198
409 1565 1334 1634 2742 2719 2742 2251 2203
410 1567 1335 1638 2738 2727 2739 2252 2213
411 1567 1334 1635 2743 2721 2739 2258 2201
412 1566 1329 1635 2742 2725 2739 2253 2206
413 1566 1338 1641 2741 2717 2741 2256 2214
414 1566 1333 1630 2738 2717 2740 2250 2214
415 1569 1335 1631 2745 2726 2739 2259 2227
416 1568 1337 1626 2742 2718 2739 2247 2207
417 1566 1340 1638 2740 2726 2736 2253 2216
418 1567 1343 1636 2741 2726 2737 2249 2214
419 1562 1332 1633 2738 2719 2734 2254 2221
420 1570 1342 1635 2741 2716 2731 2252 2225
421 1567 1337 1636 2743 2722 2736 2250 2208
422 1573 1338 1638 2744 2724 2731 2252 2206
423 1577 1339 1629 2738 2718 2738 2253 2210
424 1576 1336 1635 2740 2725 2732 2257 2208
425 1571 1339 1640 2741 2724 2731 2253 2218
426 1568 1336 1634 2744 2724 2739 2251 2195
427 1567 1340 1640 2744 2717 2736 2252 2204
428 1571 1337 1631 2739 2721 2734 2256 2201
429 1570 1335 1635 2737 2726 2732 2258 2202
430 1568 1337 1626 2736 2720 2737 2253 2213
431 1570 1337 1630 2739 2726 2733 2252 2191
432 1568 1336 1632 2745 2726 2733 2251 2199
433 1567 1335 1632 2742 2726 2735 2256 2195
434 1560 1337 1631 2742 2721 2733 2251 2196
435 1558 1325 1630 2737 2718 2732 2252 2207
436 1565 1337 1637 2740 2716 2732 2250 2185
437 1569 1338 1635 2741 2718 2733 2251 2192
438 1571 1337 1624 2735 2719 2728 2256 2187
439 1569 1334 1635 2736 2725 2730 2248 2196
440 1568 1338 1633 2739 2718 2732 2245 2200
441 1575 1337 1631 2739 2715 2729 2249 2180
442 1572 1337 1632 2737 2716 2729 2253 2186
443 1574 1337 1623 2740 2717 2730 2258 2191
444 1563 1335 1630 2743 2716 2734 2251 2195
445 1575 1330 1625 2741 2718 2725 2256 2203
446 1569 1337 1624 2735 2709 2723 2258 2183
447 1567 1338 1631 2739 2720 2718 2265 2192
448 1569 1340 1629 2738 2712 2717 2261 2194
449 1569 1340 1636 2738 2712 2717 2257 2202
450 1578 1338 1626 2737 2705 2706 2256 2208
451 1571 1341 1628 2737 2706 2714 2253 2187
452 1573 1341 1631 2740 2699 2703 2249 2187
453 1588 1342 1622 2729 2693 2711 2247 2182
454 1588 1342 1626 2735 2698 2709 2254 2185
455 1577 1345 1633 2734 2691 2692 2257 2190
456 1584 1349 1636 2732 2687 2677 2269 2169
457 1593 1344 1636 2738 2681 2683 2270 2182
458 1586 1347 1630 2724 2669 2682 2270 2181
459 1579 1338 1635 2727 2662 2677 2263 2189
460 1582 1340 1632 2727 2668 2661 2267 2201
461 1584 1340 1636 2731 2649 2670 2274 2183
462 1581 1345 1630 2729 2660 2664 2266 2197
463 1577 1345 1628 2722 2643 2675 2259 2187
464 1585 1347 1631 2725 2645 2667 2257 2197
465 1580 1341 1631 2727 2656 2653 2257 2203
466 1568 1346 1628 2721 2642 2655 2266 2191
467 1574 1344 1633 2720 2641 2638 2262 2190
468 1574 1350 1631 2722 2621 2645 2273 2172
469 1568 1354 1633 2725 2637 2634 2271 2169
470 1565 1350 1637 2725 2632 2645 2276 2170
471 1571 1356 1638 2723 2630 2647 2268 2144
472 1568 1350 1638 2715 2633 2632 2262 2157
473 1554 1344 1635 2720 2615 2619 2263 2166
474 1559 1333 1636 2721 2626 2621 2258 2178
475 1550 1324 1619 2711 2614 2628 2265 2197
476 1548 1318 1623 2716 2612 2627 2258 2202
477 1544 1317 1626 2718 2611 2632 2263 2228
478 1551 1320 1624 2713 2617 2611 2268 2230
479 1554 1314 1630 2717 2604 2616 2272 2245
480 1554 1318 1633 2728 2613 2615 2269 2247
481 1551 1324 1623 2725 2622 2611 2262 2228
482 1555 1330 1634 2715 2606 2598 2263 2239
483 1552 1323 1635 2731 2614 2602 2261 2228
484 1553 1337 1632 2725 2613 2601 2272 2230
485 1560 1337 1638 2712 2604 2600 2261 2223
486 1563 1333 1627 2717 2607 2597 2266 2207
487 1560 1340 1627 2720 2610 2594 2261 2206
488 1562 1341 1631 2716 2602 2587 2267 2204
489 1566 1338 1624 2713 2614 2599 2264 2211
490 1560 1336 1626 2716 2609 2610 2260 2219
491 1562 1328 1628 2717 2597 2596 2264 2208
492 1563 1335 1626 2715 2622 2609 2254 2215
493 1557 1332 1627 2707 2613 2607 2263 2215
494 1568 1325 1629 2715 2607 2604 2256 2224
495 1557 1335 1635 2711 2622 2614 2259 2219
496 1563 1329 1628 2719 2600 2612 2253 2203
497 1563 1336 1630 2715 2606 2607 2264 2211
498 1557 1337 1632 2715 2616 2607 2268 2201
499 1555 1337 1633 2711 2622 2609 2265 2215
500 1556 1338 1633 2719 2604 2600 2268 2213
501 1558 1331 1634 2733 2626 2610 2263 2204
502 1556 1334 1628 2708 2606 2596 2269 2222
503 1555 1332 1626 2722 2617 2614 2260 2220
504 1551 1326 1625 2716 2619 2614 2251 2235
505 1549 1327 1623 2713 2613 2612 2249 2235
506 1558 1331 1624 2724 2622 2617 2247 2227
507 1556 1327 1625 2725 2620 2602 2256 2238
508 1559 1330 1627 2719 2622 2607 2247 2223
509 1554 1328 1626 2725 2606 2603 2251 2228
510 1551 1330 1632 2717 2619 2612 2249 2219
511 1553 1326 1627 2717 2609 2608 2256 2212
512 1550 1328 1632 2716 2609 2606 2253 2215
513 1555 1325 1626 2727 2613 2606 2253 2203
514 1566 1326 1631 2720 2611 2627 2252 2211
515 1561 1327 1624 2720 2615 2617 2254 2209
516 1559 1327 1624 2714 2609 2605 2251 2187
517 1558 1326 1623 2710 2619 2627 2247 2203
518 1552 1327 1629 2720 2620 2617 2256 2206
519 1553 1332 1620 2724 2621 2612 2266 2228
520 1555 1328 1633 2727 2633 2629 2267 2194
521 1558 1334 1633 2717 2635 2627 2253 2187
522 1554 1338 1631 2727 2615 2628 2251 2218
523 1563 1342 1628 2726 2639 2629 2258 2202
524 1566 1339 1634 2721 2629 2612 2260 2200
525 1567 1343 1633 2716 2633 2631 2264 2198
526 1564 1347 1635 2716 2623 2641 2263 2218
527 1560 1349 1630 2730 2626 2633 2259 2236
528 1561 1351 1616 2723 2637 2638 2253 2226
529 1561 1355 1620 2723 2637 2636 2246 2231
530 1566 1347 1625 2726 2644 2627 2253 2228
531 1567 1348 1632 2723 2637 2651 2247 2222
532 1571 1347 1631 2713 2636 2631 2257 2239
533 1567 1346 1632 2726 2640 2635 2259 2222
534 1574 1340 1628 2718 2638 2653 2248 2228
535 1560 1334 1628 2733 2637 2649 2223 2221
536 1564 1332 1620 2724 2636 2640 2229 2223
537 1564 1329 1633 2731 2642 2653 2263 2252
538 1557 1334 1633 2716 2641 2637 2267 2239
539 1552 1345 1633 2717 2653 2645 2267 2234
540 1555 1343 1633 2721 2644 2652 2255 2213
541 1560 1337 1632 2732 2633 2642 2259 2220
542 1556 1334 1624 2724 2643 2652 2259 2219
543 1554 1325 1611 2715 2644 2646 2250 2215
544 1557 1315 1616 2726 2634 2639 2244 2225
545 1558 1315 1619 2730 2649 2655 2235 2223
546 1554 1316 1622 2720 2650 2654 2248 2231
547 1554 1318 1617 2731 2646 2663 2253 2235
548 1544 1323 1626 2733 2646 2653 2257 2217
549 1551 1325 1626 2727 2638 2663 2253 2231
550 1561 1326 1627 2727 2662 2665 2250 2220
551 1563 1330 1624 2720 2637 2655 2252 2209
552 1558 1327 1627 2729 2650 2660 2247 2208
553 1561 1324 1626 2725 2651 2671 2254 2206
554 1559 1326 1629 2728 2652 2652 2245 2218
555 1562 1329 1624 2715 2657 2662 2248 2211
556 1561 1337 1621 2723 2649 2655 2246 2209
557 1559 1337 1621 2727 2642 2653 2246 2214
558 1560 1339 1625 2729 2656 2661 2251 2208
559 1563 1336 1627 2719 2647 2654 2242 2221
560 1562 1340 1621 2724 2655 2651 2250 2213
561 1560 1340 1624 2731 2643 2655 2245 2205
562 1560 1341 1628 2736 2649 2656 2255 2218
563 1559 1338 1626 2724 2652 2648 2245 2211
564 1565 1342 1621 2725 2649 2653 2245 2230
565 1562 1342 1624 2723 2646 2663 2242 2216
566 1563 1345 1618 2729 2649 2658 2242 2212
567 1559 1339 1624 2726 2657 2657 2247 2224
568 1561 1335 1629 2728 2661 2659 2240 2218
569 1557 1340 1625 2726 2658 2660 2244 2232
570 1567 1341 1626 2726 2659 2665 2235 2210
571 1563 1334 1624 2719 2660 2668 2245 2210
572 1569 1335 1626 2726 2661 2673 2241 2219
573 1564 1335 1620 2733 2667 2687 2243 2218
574 1572 1328 1625 2739 2670 2686 2239 2234
575 1564 1325 1620 2721 2664 2686 2239 2219
576 1565 1328 1617 2725 2673 2681 2235 2207
577 1552 1332 1621 2727 2666 2684 2233 2212
578 1562 1333 1628 2728 2669 2689 2246 2202
579 1555 1339 1625 2734 2665 2678 2255 2219
580 1559 1336 1629 2731 2676 2681 2260 2204
581 1562 1339 1629 2724 2677 2683 2252 2194
582 1559 1336 1620 2728 2675 2683 2248 2205
583 1562 1336 1624 2725 2670 2677 2246 2207
584 1559 1329 1625 2735 2674 2682 2245 2230
585 1556 1338 1628 2733 2679 2691 2241 2216
586 1558 1330 1621 2729 2677 2699 2236 2226
587 1555 1339 1623 2734 2673 2694 2235 2237
588 1549 1340 1623 2738 2680 2703 2234 2242
589 1557 1333 1627 2736 2700 2706 2233 2256
590 1561 1327 1615 2732 2696 2703 2231 2239
591 1566 1329 1623 2736 2691 2710 2239 2241
592 1575 1329 1625 2733 2695 2701 2244 2236
593 1575 1334 1624 2736 2686 2696 2243 2218
594 1580 1334 1629 2736 2687 2703 2244 2209
595 1570 1343 1620 2735 2684 2692 2243 2177
596 1579 1343 1628 2731 2682 2689 2245 2160
597 1579 1345 1624 2731 2680 2692 2255 2158
598 1575 1346 1629 2735 2683 2695 2258 2154
599 1566 1341 1627 2736 2691 2691 2265 2184
600 1550 1349 1632 2729 2685 2695 2258 2186
601 1551 1345 1625 2735 2687 2698 2251 2198
602 1547 1341 1618 2727 2686 2696 2245 2203
603 1549 1339 1616 2736 2681 2691 2241 2213
604 1544 1332 1620 2732 2683 2690 2235 2248
605 1535 1328 1609 2739 2690 2690 2229 2245
606 1546 1326 1625 2738 2685 2694 2232 2256
607 1542 1330 1626 2731 2679 2695 2227 2262
608 1548 1327 1627 2736 2689 2699 2239 2260
609 1547 1330 1616 2738 2688 2692 2230 2261
610 1554 1321 1629 2725 2681 2683 2244 2236
611 1566 1333 1631 2737 2681 2683 2247 2225
612 1559 1339 1623 2737 2680 2689 2260 2215
613 1565 1341 1630 2735 2679 2684 2266 2207
614 1564 1341 1620 2729 2684 2689 2256 2215
615 1567 1335 1627 2732 2681 2689 2258 2206
616 1562 1336 1617 2734 2681 2693 2243 2210
617 1560 1331 1618 2737 2686 2695 2243 2220
618 1559 1335 1622 2735 2691 2699 2230 2225
619 1558 1335 1619 2732 2687 2695 2226 2242
620 1561 1334 1626 2733 2697 2700 2231 2226
621 1558 1338 1624 2741 2684 2693 2234 2231
622 1558 1337 1625 2741 2684 2696 2247 2234
623 1567 1342 1627 2733 2679 2698 2238 2227
624 1565 1339 1625 2733 2682 2696 2243 2235
625 1572 1331 1623 2730 2687 2688 2240 2200
626 1564 1336 1623 2732 2684 2691 2248 2194
627 1568 1336 1622 2734 2677 2693 2251 2189
628 1570 1338 1629 2728 2685 2697 2251 2195
629 1558 1332 1630 2733 2685 2691 2257 2222
630 1560 1335 1622 2735 2682 2693 2250 2210
631 1546 1332 1619 2736 2691 2698 2251 2221
632 1543 1332 1621 2736 2691 2693 2242 2230
633 1549 1331 1622 2731 2691 2696 2238 2241
634 1538 1330 1617 2738 2677 2696 2235 2261
635 1553 1325 1619 2728 2687 2689 2242 2242
636 1555 1335 1619 2730 2674 2689 2245 2256
637 1562 1336 1622 2737 2679 2694 2238 2245
638 1568 1334 1618 2730 2692 2703 2236 2233
639 1561 1339 1612 2732 2695 2688 2229 2254
640 1563 1336 1626 2727 2682 2698 2240 2228
641 1564 1336 1622 2733 2689 2705 2239 2225
642 1566 1331 1621 2731 2692 2704 2241 2223
643 1567 1331 1625 2734 2685 2691 2236 2219
644 1561 1336 1620 2728 2685 2693 2240 2223
645 1568 1335 1613 2736 2683 2693 2243 2194
646 1574 1330 1629 2737 2688 2689 2243 2196
647 1565 1335 1624 2738 2690 2695 2250 2187
648 1575 1340 1621 2733 2682 2697 2252 2193
649 1566 1341 1629 2733 2691 2696 2256 2209
650 1549 1337 1625 2733 2678 2695 2246 2193
651 1553 1333 1624 2730 2695 2696 2240 2207
652 1551 1333 1622 2743 2686 2696 2240 2209
653 1547 1333 1622 2737 2685 2687 2236 2225
654 1552 1330 1614 2727 2681 2695 2243 2242
655 1549 1334 1622 2730 2694 2697 2233 2227
656 1547 1338 1620 2737 2682 2700 2239 2235
657 1554 1339 1624 2736 2686 2698 2236 2230
658 1565 1342 1627 2729 2687 2692 2240 2232
659 1567 1340 1625 2729 2688 2694 2242 2238
660 1570 1343 1631 2739 2689 2697 2239 2219
661 1566 1341 1626 2735 2679 2697 2241 2218
662 1564 1341 1628 2735 2682 2697 2243 2215
663 1569 1337 1624 2732 2689 2699 2246 2216
664 1570 1334 1622 2736 2691 2698 2243 2225
665 1565 1337 1623 2732 2685 2701 2241 2205
666 1565 1340 1622 2729 2687 2697 2243 2215
667 1562 1341 1625 2738 2692 2703 2241 2208
668 1554 1338 1627 2734 2690 2691 2248 2219
669 1548 1339 1626 2736 2687 2696 2240 2228
670 1557 1336 1616 2731 2679 2697 2244 2210
671 1554 1338 1630 2736 2692 2694 2243 2220
672 1560 1339 1625 2730 2680 2702 2248 2218
673 1554 1329 1623 2730 2688 2698 2242 2226
674 1557 1335 1622 2731 2693 2706 2242 2234
675 1552 1341 1627 2734 2686 2703 2240 2216
676 1563 1336 1625 2737 2693 2697 2242 2228
677 1556 1337 1620 2727 2684 2695 2246 2221
678 1561 1331 1617 2735 2692 2698 2240 2230
679 1553 1330 1623 2735 2691 2698 2239 2236
680 1555 1338 1623 2732 2687 2697 2241 2222
681 1558 1335 1624 2729 2689 2698 2246 2227
682 1561 1340 1624 2736 2689 2696 2245 2223
683 1561 1328 1626 2736 2686 2693 2234 2226
684 1561 1335 1624 2740 2686 2693 2241 2237
685 1559 1339 1623 2736 2689 2696 2238 2219
686 1566 1334 1629 2731 2684 2692 2248 2227
687 1562 1332 1625 2728 2686 2694 2242 2218
688 1567 1337 1625 2732 2689 2692 2244 2227
689 1561 1335 1624 2732 2687 2690 2242 2229
690 1556 1339 1622 2732 2687 2699 2246 2216
691 1547 1342 1627 2728 2694 2697 2249 2224
692 1562 1340 1628 2733 2689 2691 2242 2224
693 1554 1337 1617 2732 2676 2694 2241 2233
694 1556 1338 1627 2733 2686 2691 2241 2240
695 1555 1334 1622 2732 2684 2691 2243 2222
696 1552 1337 1624 2740 2684 2689 2239 2236
697 1564 1337 1627 2731 2690 2694 2236 2223
698 1559 1336 1624 2729 2684 2705 2240 2235
699 1562 1339 1626 2730 2688 2695 2242 2238
700 1561 1341 1621 2737 2682 2694 2244 2218
701 1560 1336 1618 2728 2678 2688 2238 2230
702 1563 1337 1621 2723 2688 2696 2239 2220
703 1564 1333 1625 2735 2694 2693 2238 2232
704 1564 1337 1623 2739 2677 2692 2240 2231
705 1558 1337 1622 2728 2686 2690 2240 2218
706 1560 1330 1618 2734 2688 2704 2234 2228
707 1558 1333 1627 2740 2686 2697 2235 2225
708 1564 1335 1626 2735 2686 2698 2238 2234
709 1555 1333 1623 2736 2686 2690 2242 2240
710 1554 1335 1618 2730 2690 2701 2235 2221
711 1548 1335 1621 2731 2699 2702 2239 2233
712 1559 1335 1622 2731 2690 2700 2236 2221
713 1556 1334 1624 2739 2682 2698 2239 2238
714 1549 1333 1613 2734 2688 2700 2238 2242
715 1561 1331 1625 2735 2693 2699 2236 2235
716 1566 1325 1617 2738 2694 2702 2234 2245
717 1569 1328 1623 2729 2694 2697 2235 2239
718 1567 1322 1611 2728 2698 2700 2233 2245
719 1569 1332 1619 2743 2689 2699 2227 2241
720 1567 1333 1624 2728 2691 2706 2224 2221
721 1572 1332 1617 2737 2699 2702 2231 2232
722 1571 1339 1620 2740 2699 2711 2228 2219
723 1564 1334 1613 2737 2693 2704 2239 2229
724 1567 1341 1625 2738 2693 2700 2232 2219
725 1577 1342 1628 2739 2702 2707 2244 2204
726 1566 1340 1617 2732 2687 2705 2246 2206
727 1567 1345 1622 2736 2695 2710 2255 2200
728 1564 1347 1623 2731 2692 2706 2253 2208
729 1563 1350 1626 2732 2694 2701 2243 2199
730 1566 1346 1618 2736 2698 2706 2246 2189
731 1567 1345 1617 2737 2695 2704 2238 2194
732 1565 1340 1620 2741 2692 2703 2246 2193
733 1568 1344 1621 2742 2696 2706 2236 2206
734 1562 1339 1623 2736 2698 2701 2240 2209
735 1558 1341 1623 2732 2693 2703 2235 2202
736 1557 1341 1612 2741 2695 2700 2242 2221
737 1555 1337 1622 2738 2699 2701 2246 2221
738 1552 1336 1622 2731 2700 2696 2238 2234
739 1551 1328 1623 2741 2697 2696 2245 2236
740 1551 1336 1621 2739 2698 2699 2241 2222
741 1554 1333 1612 2730 2695 2702 2249 2231
742 1557 1336 1620 2736 2689 2697 2241 2220
743 1553 1335 1624 2737 2687 2707 2241 2230
744 1553 1334 1614 2741 2694 2708 2238 2220
745 1559 1330 1622 2737 2688 2699 2234 2220
746 1559 1333 1614 2735 2693 2697 2249 2223
747 1559 1331 1620 2737 2687 2702 2239 2218
748 1557 1332 1626 2736 2695 2701 2249 2236
749 1560 1336 1624 2734 2686 2698 2245 2215
750 1565 1327 1625 2741 2692 2695 2250 2199
751 1557 1334 1624 2728 2690 2691 2243 2206
752 1558 1336 1625 2739 2689 2697 2243 2214
753 1563 1340 1620 2737 2693 2695 2245 2228
754 1561 1333 1619 2729 2690 2695 2243 2222
755 1556 1339 1614 2731 2685 2690 2243 2213
756 1567 1339 1619 2729 2688 2692 2238 2223
757 1565 1341 1622 2728 2689 2690 2243 2211
758 1562 1337 1616 2736 2686 2695 2244 2225
759 1554 1339 1619 2729 2677 2692 2249 2231
760 1562 1333 1627 2732 2685 2686 2250 2218
761 1555 1340 1622 2735 2687 2683 2241 2222
762 1564 1328 1622 2736 2679 2689 2245 2216
763 1560 1343 1625 2733 2686 2692 2238 2222
764 1563 1339 1624 2731 2680 2686 2242 2210
765 1564 1341 1619 2723 2681 2686 2238 2200
766 1561 1344 1626 2734 2683 2690 2248 2211
767 1565 1342 1625 2729 2671 2681 2247 2203
768 1570 1339 1629 2708 2650 2665 2218 2212
769 1564 1335 1623 2733 2685 2675 2246 2206
770 1561 1336 1613 2731 2669 2680 2244 2204
771 1559 1332 1621 2733 2668 2674 2242 2214
772 1549 1331 1622 2730 2662 2679 2242 2212
773 1560 1336 1621 2725 2665 2669 2246 2222
774 1556 1332 1621 2724 2671 2676 2245 2218
775 1554 1336 1622 2731 2652 2668 2243 2214
776 1552 1336 1625 2730 2659 2667 2243 2221
777 1556 1341 1627 2732 2647 2672 2245 2215
778 1559 1336 1619 2723 2659 2664 2246 2227
779 1551 1331 1624 2716 2646 2657 2242 2218
780 1557 1341 1620 2725 2639 2661 2245 2212
781 1556 1328 1623 2728 2655 2662 2243 2221
782 1565 1330 1620 2721 2657 2647 2245 2209
783 1562 1339 1617 2730 2647 2643 2244 2223
784 1555 1337 1626 2732 2653 2657 2243 2217
785 1559 1340 1626 2726 2647 2666 2241 2212
786 1554 1336 1620 2728 2671 2672 2241 2218
787 1555 1333 1618 2731 2675 2681 2243 2212
788 1550 1338 1620 2742 2681 2694 2240 2232
789 1554 1332 1618 2735 2686 2693 2238 2218
790 1558 1330 1622 2734 2687 2697 2235 2216
791 1558 1332 1613 2734 2699 2703 2234 2219
792 1556 1331 1622 2740 2698 2703 2228 2211
793 1558 1334 1615 2741 2702 2716 2229 2228
794 1555 1332 1626 2737 2705 2714 2233 2217
795 1552 1336 1613 2742 2714 2715 2230 2214
796 1554 1336 1623 2743 2709 2724 2238 2220
797 1548 1330 1623 2748 2705 2724 2235 2211
798 1556 1338 1622 2739 2714 2729 2240 2224
799 1563 1336 1619 2731 2714 2716 2244 2210
800 1551 1339 1621 2736 2718 2725 2241 2208
801 1553 1341 1625 2738 2719 2728 2246 2217
802 1555 1341 1624 2742 2711 2719 2238 2217
803 1556 1336 1620 2744 2718 2723 2241 2238
804 1552 1334 1620 2744 2717 2735 2238 2223
805 1548 1338 1619 2742 2721 2731 2240 2227
806 1556 1340 1620 2741 2718 2729 2238 2231
807 1554 1336 1620 2740 2718 2724 2236 2228
808 1552 1338 1622 2746 2725 2728 2238 2241
809 1548 1343 1623 2738 2721 2721 2242 2225
810 1565 1342 1618 2738 2719 2731 2246 2222
811 1561 1340 1613 2737 2716 2730 2246 2225
812 1552 1345 1614 2746 2717 2729 2245 2218
813 1562 1346 1617 2750 2718 2732 2245 2235
814 1548 1341 1619 2742 2722 2734 2244 2225
815 1551 1340 1615 2743 2718 2731 2247 2231
816 1549 1338 1621 2747 2725 2733 2237 2235
817 1553 1334 1616 2738 2721 2734 2245 2236
818 1555 1337 1623 2740 2721 2732 2238 2249
819 1564 1332 1612 2743 2731 2736 2244 2233
820 1558 1331 1608 2738 2724 2733 2237 2225
821 1568 1331 1621 2745 2725 2729 2237 2225
822 1566 1331 1619 2743 2721 2730 2236 2215
823 1570 1336 1613 2743 2719 2741 2237 2228
824 1575 1340 1623 2742 2723 2735 2240 2204
825 1577 1338 1614 2745 2718 2735 2235 2208
826 1570 1340 1622 2744 2719 2731 2238 2205
827 1572 1340 1619 2740 2728 2728 2240 2205
828 1567 1338 1616 2739 2728 2729 2240 2218
829 1559 1337 1620 2747 2723 2734 2244 2207
830 1550 1328 1625 2747 2727 2728 2233 2208
831 1555 1332 1622 2743 2723 2730 2240 2217
832 1559 1333 1613 2730 2703 2708 2209 2204
833 1553 1334 1620 2739 2722 2738 2243 2233
834 1544 1336 1622 2734 2716 2737 2233 2214
835 1550 1335 1615 2745 2726 2728 2235 2223
836 1546 1338 1613 2733 2717 2737 2233 2222
837 1556 1331 1620 2738 2725 2736 2237 2229
838 1553 1338 1616 2747 2719 2737 2243 2247
839 1561 1335 1618 2743 2718 2730 2233 2231
840 1559 1334 1620 2741 2726 2731 2239 2239
841 1563 1336 1619 2744 2720 2735 2232 2234
842 1562 1328 1616 2736 2720 2731 2239 2229
843 1561 1335 1617 2745 2721 2730 2237 2237
844 1563 1337 1623 2744 2723 2728 2236 2223
845 1564 1331 1610 2744 2718 2728 2240 2225
846 1569 1341 1623 2740 2719 2734 2237 2219
847 1572 1337 1624 2737 2724 2735 2242 2218
848 1566 1338 1620 2740 2723 2734 2236 2232
849 1566 1339 1620 2741 2720 2732 2239 2215
850 1557 1334 1619 2741 2726 2732 2232 2216
851 1565 1335 1620 2741 2730 2732 2226 2206
852 1550 1333 1623 2743 2725 2732 2236 2222
853 1557 1338 1619 2740 2726 2731 2237 2235
854 1553 1337 1615 2738 2730 2736 2235 2214
855 1557 1336 1625 2735 2721 2733 2237 2224
856 1563 1338 1620 2739 2723 2740 2242 2223
857 1555 1332 1622 2737 2721 2735 2236 2226
858 1557 1342 1621 2730 2728 2735 2233 2235
859 1566 1339 1622 2739 2721 2737 2237 2218
860 1560 1339 1621 2744 2727 2737 2240 2223
861 1558 1338 1623 2740 2717 2731 2241 2220
862 1562 1339 1623 2750 2728 2738 2234 2223
863 1561 1341 1620 2746 2720 2729 2238 2235
864 1562 1339 1623 2741 2715 2733 2239 2214
865 1564 1340 1621 2740 2725 2732 2243 2220
866 1563 1338 1618 2741 2724 2734 2238 2221
867 1560 1338 1623 2745 2724 2728 2234 2222
868 1557 1338 1617 2740 2720 2737 2237 2236
869 1555 1340 1615 2746 2717 2730 2236 2212
870 1560 1335 1618 2741 2718 2736 2241 2223
871 1564 1336 1622 2736 2722 2731 2234 2220
872 1562 1339 1624 2745 2726 2731 2236 2223
873 1559 1337 1615 2744 2715 2737 2235 2234
874 1562 1337 1620 2741 2719 2737 2241 2215
875 1560 1334 1614 2743 2720 2732 2242 2225
876 1558 1339 1616 2737 2719 2734 2232 2219
877 1560 1340 1625 2744 2721 2741 2236 2226
878 1555 1327 1621 2736 2728 2739 2234 2231
879 1560 1338 1622 2740 2722 2738 2242 2217
880 1564 1337 1615 2737 2719 2732 2233 2222
881 1566 1339 1620 2738 2725 2728 2238 2223
882 1565 1339 1621 2744 2721 2732 2233 2221
883 1552 1338 1610 2748 2719 2737 2239 2232
884 1557 1342 1621 2744 2719 2729 2238 2213
885 1560 1336 1618 2749 2723 2733 2235 2224
886 1563 1339 1619 2739 2728 2732 2232 2217
887 1561 1339 1612 2736 2718 2735 2236 2225
888 1564 1341 1622 2744 2720 2735 2238 2232
889 1563 1337 1624 2738 2724 2737 2235 2216
890 1560 1331 1619 2746 2722 2738 2236 2225
891 1561 1336 1617 2736 2718 2733 2233 2216
892 1560 1340 1622 2743 2723 2732 2240 2225
893 1568 1338 1618 2736 2726 2738 2243 2233
894 1561 1339 1617 2742 2721 2738 2236 2216
895 1559 1336 1623 2736 2722 2734 2237 2222
896 1557 1336 1625 2742 2729 2740 2237 2218
897 1554 1342 1620 2742 2721 2738 2238 2220
898 1558 1334 1618 2743 2723 2740 2241 2231
899 1557 1337 1614 2746 2728 2741 2237 2212
900 1557 1338 1624 2739 2723 2738 2237 2220
901 1562 1337 1613 2742 2728 2736 2235 2215
902 1548 1334 1617 2736 2724 2729 2244 2226
903 1558 1339 1622 2741 2730 2734 2237 2232
904 1556 1334 1611 2739 2722 2737 2234 2213
905 1561 1335 1619 2745 2716 2742 2237 2224
906 1561 1340 1616 2739 2722 2735 2236 2220
907 1566 1337 1615 2743 2723 2741 2243 2228
908 1559 1338 1622 2743 2728 2737 2232 2229
909 1560 1339 1619 2744 2727 2738 2237 2215
910 1560 1331 1620 2743 2718 2730 2233 2222
911 1564 1329 1624 2743 2728 2736 2243 2219
912 1558 1336 1615 2749 2724 2730 2237 2226
913 1560 1338 1619 2747 2724 2737 2238 2231
914 1561 1339 1620 2742 2724 2731 2237 2218
915 1562 1334 1621 2740 2717 2739 2236 2225
916 1555 1335 1617 2745 2726 2735 2242 2219
917 1560 1338 1615 2738 2728 2727 2232 2229
918 1559 1335 1614 2747 2719 2735 2236 2232
919 1562 1334 1619 2744 2723 2740 2236 2215
920 1555 1335 1623 2747 2720 2734 2240 2226
921 1562 1337 1624 2742 2721 2734 2235 2215
922 1564 1333 1622 2742 2722 2732 2234 2231
923 1557 1335 1619 2739 2720 2735 2234 2230
924 1554 1339 1616 2741 2722 2731 2233 2216
925 1555 1337 1615 2743 2727 2730 2241 2229
926 1558 1334 1620 2742 2726 2734 2231 2220
927 1560 1331 1623 2736 2725 2733 2234 2233
928 1557 1334 1621 2741 2725 2734 2238 2234
929 1560 1336 1618 2737 2713 2731 2237 2219
930 1555 1340 1625 2738 2719 2733 2241 2228
931 1562 1342 1623 2745 2717 2730 2232 2218
932 1563 1339 1613 2738 2724 2730 2241 2231
933 1559 1338 1624 2742 2717 2738 2231 2226
934 1562 1339 1621 2743 2725 2742 2240 2218
935 1555 1335 1624 2742 2722 2732 2237 2223
936 1558 1339 1624 2750 2724 2733 2234 2218
937 1562 1337 1611 2741 2721 2731 2236 2227
938 1567 1339 1620 2747 2727 2735 2238 2227
939 1565 1338 1616 2747 2729 2736 2241 2215
940 1555 1335 1619 2742 2731 2738 2232 2218
941 1562 1332 1615 2746 2723 2735 2238 2215
942 1555 1340 1620 2741 2721 2733 2238 2230
943 1559 1338 1619 2746 2718 2735 2241 2227
944 1562 1334 1623 2736 2714 2726 2238 2215
945 1558 1337 1614 2742 2727 2737 2232 2221
946 1559 1338 1621 2745 2717 2744 2237 2219
947 1553 1339 1620 2749 2723 2733 2236 2228
948 1559 1341 1621 2749 2725 2737 2243 2226
949 1553 1341 1624 2734 2708 2736 2238 2210
950 1562 1339 1620 2744 2719 2728 2239 2222
951 1551 1339 1618 2748 2728 2734 2232 2218
952 1564 1337 1622 2743 2725 2729 2236 2228
953 1559 1334 1617 2741 2723 2735 2240 2225
954 1561 1337 1617 2740 2719 2742 2230 2213
955 1561 1334 1620 2743 2728 2727 2238 2225
956 1558 1339 1619 2744 2722 2730 2235 2216
957 1556 1338 1611 2745 2726 2728 2244 2232
958 1561 1340 1619 2734 2721 2729 2233 2222
959 1561 1335 1623 2741 2723 2737 2237 2215
960 1559 1338 1619 2744 2726 2733 2235 2221
961 1562 1336 1620 2741 2728 2733 2238 2216
962 1561 1335 1615 2743 2725 2738 2241 2227
963 1561 1333 1614 2742 2721 2731 2235 2225
964 1554 1338 1617 2737 2722 2733 2237 2212
965 1558 1337 1624 2736 2721 2736 2236 2224
966 1561 1340 1623 2741 2720 2735 2242 2218
967 1559 1339 1621 2746 2717 2738 2238 2229
968 1564 1333 1622 2739 2721 2730 2237 2225
969 1561 1341 1615 2745 2726 2737 2237 2215
970 1553 1343 1621 2749 2724 2738 2237 2226
971 1558 1339 1624 2742 2724 2738 2241 2216
972 1559 1337 1620 2744 2725 2735 2235 2234
973 1564 1339 1620 2744 2723 2736 2236 2222
974 1563 1336 1611 2744 2715 2735 2237 2218
975 1562 1332 1619 2737 2724 2733 2238 2223
976 1554 1335 1620 2746 2727 2731 2241 2219
977 1556 1336 1624 2748 2723 2733 2234 2230
978 1564 1341 1621 2739 2723 2735 2240 2224
979 1566 1333 1615 2740 2723 2737 2237 2213
980 1562 1338 1613 2742 2722 2736 2241 2225
981 1552 1337 1614 2741 2728 2738 2238 2220
982 1556 1336 1617 2750 2729 2729 2235 2229
983 1555 1333 1620 2745 2727 2733 2236 2221
984 1565 1333 1614 2741 2728 2742 2238 2217
985 1561 1334 1624 2737 2724 2732 2242 2227
986 1562 1336 1624 2743 2724 2738 2236 2218
987 1551 1338 1622 2735 2722 2731 2239 2233
988 1558 1332 1621 2743 2727 2734 2233 2218
989 1559 1334 1618 2739 2717 2730 2242 2216
990 1552 1335 1613 2740 2720 2731 2235 2220
991 1563 1338 1615 2742 2726 2735 2235 2217
992 1557 1334 1624 2739 2721 2737 2238 2234
993 1557 1332 1610 2741 2720 2737 2238 2222
994 1557 1340 1619 2749 2723 2734 2244 2217
995 1554 1336 1621 2739 2726 2734 2233 2221
996 1554 1340 1624 2740 2722 2730 2239 2218
997 1559 1342 1616 2743 2718 2741 2231 2231
998 1562 1336 1621 2740 2727 2735 2240 2221
999 1551 1332 1624 2745 2719 2728 2242 2219
1000 1557 1339 1618 2746 2718 2742 2234 2223
1001 1561 1336 1623 2745 2725 2735 2241 2218
1002 1554 1337 1620 2738 2720 2732 2236 2234
1003 1564 1339 1626 2751 2720 2735 2242 2218
1004 1568 1336 1618 2746 2722 2736 2236 2217
1005 1557 1339 1622 2739 2714 2736 2237 2222
1006 1560 1340 1623 2742 2727 2728 2237 2219
1007 1554 1339 1621 2737 2722 2735 2239 2231
1008 1548 1341 1617 2748 2722 2734 2243 2220
1009 1560 1333 1620 2743 2721 2741 2237 2218
1010 1552 1329 1622 2741 2724 2730 2235 2220
1011 1557 1338 1611 2739 2720 2738 2236 2220
1012 1561 1334 1619 2739 2729 2736 2238 2231
1013 1555 1336 1621 2746 2728 2735 2238 2221
1014 1559 1337 1612 2742 2716 2735 2237 2216
1015 1558 1335 1620 2742 2726 2731 2236 2221
1016 1559 1339 1619 2746 2721 2736 2239 2220
1017 1560 1335 1623 2748 2726 2736 2243 2232
1018 1558 1342 1619 2739 2726 2733 2236 2219
1019 1556 1341 1622 2737 2719 2718 2209 2177
1020 1563 1331 1625 2727 2714 2730 2214 2199
1021 1554 1338 1621 2731 2702 2729 2205 2185
1022 1558 1336 1622 2743 2710 2714 2220 2219
1023 1567 1332 1621 2717 2703 2715 2223 2216
