0 1556 1339 1617 2744 2720 2733 2236 2228
1 1559 1341 1614 2749 2723 2734 2242 2223
2 1556 1340 1619 2746 2723 2734 2235 2215
3 1560 1342 1610 2738 2720 2726 2235 2219
4 1559 1339 1613 2743 2730 2743 2235 2216
5 1560 1334 1616 2745 2724 2735 2242 2227
6 1563 1341 1617 2742 2719 2739 2241 2223
7 1562 1340 1614 2741 2717 2735 2236 2215
8 1557 1342 1616 2742 2719 2739 2238 2225
9 1561 1339 1612 2744 2725 2729 2232 2215
10 1562 1340 1616 2747 2721 2730 2242 2230
11 1564 1334 1615 2743 2725 2737 2235 2223
12 1571 1340 1618 2744 2728 2732 2238 2215
13 1567 1340 1615 2736 2722 2739 2237 2225
14 1562 1339 1616 2741 2727 2730 2241 2218
15 1565 1333 1609 2737 2724 2737 2241 2230
16 1559 1337 1616 2736 2726 2734 2235 2224
17 1549 1345 1613 2743 2727 2741 2237 2215
18 1548 1341 1618 2741 2723 2728 2234 2224
19 1552 1341 1623 2738 2725 2733 2242 2216
20 1559 1341 1618 2743 2721 2734 2236 2230
21 1559 1341 1617 2744 2725 2738 2233 2223
22 1551 1343 1623 2745 2720 2737 2237 2216
23 1560 1336 1619 2746 2725 2729 2237 2223
24 1567 1341 1617 2738 2720 2734 2240 2218
25 1557 1340 1614 2742 2725 2732 2237 2233
26 1557 1339 1614 2742 2722 2740 2237 2222
27 1558 1343 1610 2748 2718 2733 2235 2216
28 1556 1335 1609 2741 2720 2728 2240 2226
29 1554 1341 1615 2741 2722 2727 2241 2217
30 1556 1343 1616 2744 2723 2731 2237 2233
31 1563 1337 1608 2745 2726 2736 2240 2224
32 1560 1338 1622 2748 2730 2741 2236 2216
33 1565 1340 1610 2749 2723 2739 2240 2221
34 1566 1343 1610 2742 2726 2732 2237 2217
35 1567 1338 1611 2747 2728 2737 2237 2227
36 1566 1340 1617 2747 2728 2740 2236 2223
37 1561 1342 1614 2739 2725 2737 2236 2214
38 1551 1342 1615 2741 2721 2737 2241 2224
39 1558 1341 1614 2739 2727 2736 2230 2215
40 1560 1338 1615 2749 2724 2739 2238 2232
41 1558 1337 1619 2748 2719 2735 2233 2221
42 1571 1339 1619 2748 2728 2733 2243 2215
43 1576 1340 1617 2745 2726 2729 2238 2224
44 1565 1339 1617 2746 2721 2730 2238 2218
45 1556 1339 1610 2745 2722 2736 2237 2230
46 1561 1340 1613 2740 2727 2739 2238 2225
47 1555 1344 1614 2742 2724 2736 2238 2213
48 1557 1342 1612 2737 2720 2741 2235 2224
49 1555 1343 1609 2740 2723 2740 2235 2213
50 1563 1339 1615 2739 2724 2731 2235 2232
51 1562 1339 1610 2739 2723 2732 2239 2221
52 1555 1343 1620 2742 2725 2740 2242 2217
53 1557 1335 1615 2750 2722 2736 2235 2224
54 1568 1338 1617 2747 2720 2735 2239 2217
55 1554 1336 1612 2740 2724 2737 2235 2227
56 1566 1340 1619 2745 2720 2734 2241 2222
57 1562 1339 1618 2754 2717 2734 2234 2215
58 1559 1339 1617 2744 2721 2739 2236 2224
59 1562 1343 1614 2747 2724 2741 2233 2215
60 1557 1337 1617 2744 2726 2734 2240 2233
61 1576 1333 1615 2749 2726 2736 2240 2221
62 1560 1341 1612 2741 2719 2727 2234 2216
63 1564 1345 1616 2742 2729 2730 2237 2223
64 1555 1342 1621 2734 2728 2738 2233 2217
65 1559 1336 1610 2741 2716 2730 2241 2233
66 1560 1342 1617 2736 2719 2736 2233 2219
67 1550 1339 1615 2739 2721 2736 2236 2216
68 1555 1343 1617 2737 2729 2739 2238 2222
69 1559 1333 1618 2741 2723 2741 2239 2218
70 1558 1340 1617 2747 2725 2734 2239 2228
71 1558 1340 1619 2736 2722 2734 2235 2223
72 1561 1342 1613 2743 2720 2732 2234 2213
73 1562 1333 1608 2744 2725 2730 2235 2223
74 1560 1340 1614 2742 2726 2739 2239 2214
75 1561 1342 1620 2746 2718 2737 2241 2232
76 1557 1339 1616 2751 2726 2732 2231 2219
77 1553 1337 1617 2751 2728 2735 2239 2218
78 1561 1343 1620 2747 2727 2739 2233 2223
79 1561 1341 1614 2747 2721 2737 2243 2218
80 1569 1340 1619 2742 2725 2735 2233 2229
81 1558 1341 1615 2751 2718 2735 2240 2224
82 1566 1341 1610 2745 2724 2737 2235 2215
83 1571 1339 1617 2741 2720 2729 2239 2225
84 1565 1337 1612 2745 2725 2734 2242 2219
85 1567 1340 1618 2744 2732 2733 2237 2232
86 1562 1338 1616 2743 2722 2734 2239 2222
87 1564 1342 1622 2742 2730 2733 2235 2214
88 1565 1339 1613 2751 2725 2733 2243 2225
89 1565 1334 1612 2742 2725 2732 2237 2219
90 1570 1336 1620 2741 2729 2738 2235 2229
91 1564 1341 1617 2738 2723 2740 2237 2222
92 1557 1338 1617 2741 2723 2740 2240 2219
93 1564 1340 1609 2743 2721 2732 2240 2222
94 1561 1341 1615 2747 2723 2734 2235 2219
95 1564 1334 1616 2741 2725 2732 2235 2231
96 1559 1337 1616 2736 2720 2738 2237 2222
97 1560 1337 1614 2743 2723 2736 2238 2215
98 1560 1337 1615 2741 2721 2735 2241 2223
99 1565 1338 1616 2738 2717 2742 2234 2218
100 1565 1337 1617 2737 2725 2740 2241 2233
101 1553 1339 1615 2749 2726 2735 2236 2221
102 1569 1336 1619 2747 2727 2734 2240 2215
103 1562 1340 1622 2741 2725 2734 2237 2224
104 1558 1337 1617 2738 2715 2739 2235 2214
105 1557 1338 1615 2746 2725 2736 2236 2231
106 1560 1342 1611 2746 2720 2731 2237 2217
107 1567 1339 1614 2742 2725 2741 2240 2216
108 1569 1336 1614 2743 2720 2735 2232 2221
109 1565 1338 1609 2740 2720 2731 2237 2217
110 1565 1340 1610 2740 2720 2735 2237 2233
111 1558 1337 1606 2751 2723 2734 2240 2220
112 1558 1338 1615 2747 2717 2738 2239 2217
113 1558 1335 1615 2737 2722 2735 2236 2223
114 1560 1339 1616 2745 2722 2732 2238 2219
115 1560 1340 1605 2739 2720 2733 2238 2232
116 1562 1335 1611 2744 2720 2733 2240 2219
117 1560 1341 1616 2742 2726 2736 2235 2216
118 1555 1336 1616 2745 2724 2732 2236 2221
119 1565 1339 1617 2744 2726 2734 2237 2217
120 1565 1340 1620 2729 2713 2730 2233 2230
121 1569 1343 1616 2740 2720 2735 2237 2217
122 1566 1341 1615 2744 2725 2734 2237 2218
123 1565 1343 1620 2739 2723 2733 2235 2222
124 1565 1338 1618 2744 2726 2728 2238 2217
125 1561 1342 1619 2742 2725 2729 2242 2229
126 1564 1340 1614 2742 2722 2738 2237 2222
127 1555 1342 1616 2746 2723 2736 2236 2213
128 1561 1339 1608 2741 2727 2736 2236 2222
129 1558 1333 1618 2748 2729 2731 2240 2219
130 1558 1340 1614 2743 2715 2736 2241 2232
131 1557 1337 1613 2741 2720 2732 2237 2222
132 1564 1339 1618 2744 2717 2736 2236 2218
133 1559 1340 1613 2744 2719 2734 2236 2226
134 1564 1339 1617 2741 2721 2737 2240 2217
135 1565 1338 1615 2737 2722 2740 2236 2235
136 1555 1341 1611 2741 2721 2729 2235 2221
137 1560 1342 1604 2742 2726 2732 2239 2216
138 1564 1337 1615 2741 2721 2732 2237 2223
139 1557 1342 1618 2745 2718 2730 2239 2215
140 1563 1337 1619 2736 2724 2738 2233 2232
141 1557 1337 1615 2745 2728 2734 2235 2217
142 1568 1340 1618 2748 2727 2735 2238 2218
143 1566 1339 1611 2743 2721 2729 2239 2221
144 1565 1339 1614 2739 2724 2735 2239 2216
145 1561 1341 1615 2742 2722 2737 2236 2232
146 1560 1337 1608 2748 2718 2734 2237 2221
147 1561 1338 1611 2745 2726 2734 2238 2218
148 1550 1341 1604 2741 2725 2736 2241 2222
149 1563 1341 1617 2748 2724 2739 2234 2214
150 1559 1343 1616 2748 2728 2734 2237 2232
151 1558 1333 1618 2744 2723 2737 2236 2218
152 1560 1341 1619 2746 2722 2733 2239 2217
153 1565 1331 1611 2741 2722 2736 2241 2221
154 1562 1340 1617 2747 2728 2737 2234 2217
155 1563 1338 1617 2740 2724 2732 2237 2233
156 1559 1334 1615 2751 2720 2737 2233 2222
157 1547 1344 1618 2747 2731 2738 2242 2218
158 1550 1340 1614 2737 2726 2733 2236 2222
159 1555 1341 1611 2743 2720 2738 2236 2215
160 1556 1344 1619 2740 2719 2736 2237 2232
161 1560 1331 1621 2736 2717 2731 2235 2219
162 1569 1337 1619 2751 2724 2736 2242 2218
163 1562 1331 1606 2742 2725 2734 2232 2219
164 1566 1339 1618 2745 2722 2728 2238 2219
165 1563 1336 1614 2736 2719 2737 2236 2232
166 1566 1340 1621 2741 2719 2732 2236 2218
167 1561 1340 1620 2733 2723 2737 2239 2217
168 1561 1337 1621 2744 2725 2736 2234 2222
169 1565 1340 1617 2739 2721 2734 2237 2218
170 1559 1342 1616 2743 2726 2731 2238 2235
171 1560 1338 1615 2734 2723 2732 2242 2219
172 1566 1342 1612 2739 2727 2734 2236 2214
173 1568 1339 1621 2740 2718 2737 2239 2225
174 1558 1345 1606 2745 2726 2736 2235 2215
175 1559 1341 1617 2734 2720 2734 2237 2233
176 1562 1334 1608 2742 2722 2737 2237 2217
177 1556 1338 1616 2746 2728 2733 2236 2219
178 1562 1337 1609 2744 2719 2735 2235 2220
179 1562 1334 1621 2740 2728 2742 2237 2217
180 1562 1338 1616 2734 2719 2740 2239 2231
181 1559 1341 1611 2746 2729 2735 2239 2221
182 1567 1338 1607 2747 2726 2730 2236 2215
183 1565 1342 1616 2747 2726 2738 2239 2224
184 1557 1338 1612 2741 2724 2739 2237 2215
185 1562 1338 1616 2737 2721 2738 2244 2233
186 1561 1338 1617 2748 2730 2728 2235 2219
187 1560 1333 1610 2742 2728 2735 2239 2215
188 1557 1343 1621 2739 2719 2732 2238 2223
189 1554 1341 1609 2735 2719 2739 2239 2214
190 1560 1340 1614 2746 2731 2737 2239 2232
191 1562 1339 1618 2746 2724 2737 2231 2216
192 1558 1335 1618 2746 2724 2736 2237 2217
193 1550 1340 1615 2742 2727 2737 2236 2220
194 1562 1332 1618 2744 2718 2739 2241 2219
195 1555 1336 1616 2749 2727 2738 2236 2234
196 1561 1335 1619 2746 2719 2730 2235 2218
197 1563 1338 1613 2736 2722 2736 2237 2214
198 1565 1338 1616 2742 2725 2731 2239 2223
199 1561 1339 1616 2744 2731 2733 2240 2218
200 1555 1341 1611 2742 2717 2734 2233 2233
201 1553 1337 1617 2737 2721 2742 2239 2220
202 1552 1339 1607 2739 2725 2735 2235 2216
203 1557 1339 1618 2749 2725 2733 2242 2223
204 1555 1337 1617 2734 2726 2734 2238 2217
205 1553 1342 1616 2742 2725 2731 2237 2232
206 1557 1335 1615 2737 2727 2736 2236 2218
207 1559 1340 1616 2748 2721 2734 2238 2217
208 1562 1337 1616 2739 2726 2733 2241 2223
209 1559 1341 1613 2747 2729 2735 2233 2216
210 1551 1344 1621 2741 2719 2734 2238 2230
211 1561 1341 1616 2740 2725 2742 2235 2219
212 1560 1344 1617 2742 2725 2733 2238 2215
213 1564 1339 1615 2743 2719 2734 2240 2224
214 1560 1341 1614 2749 2727 2735 2233 2215
215 1561 1337 1618 2741 2719 2733 2238 2233
216 1562 1341 1619 2745 2727 2730 2235 2217
217 1564 1331 1620 2746 2730 2735 2242 2219
218 1562 1338 1616 2742 2727 2734 2231 2219
219 1563 1342 1618 2738 2721 2735 2237 2219
220 1551 1343 1619 2738 2728 2737 2237 2233
221 1555 1339 1609 2740 2723 2743 2240 2219
222 1552 1338 1617 2736 2720 2735 2239 2218
223 1558 1334 1616 2744 2721 2733 2233 2223
224 1559 1332 1614 2740 2724 2735 2238 2218
225 1563 1338 1606 2744 2722 2736 2233 2231
226 1559 1339 1616 2742 2726 2734 2241 2217
227 1557 1340 1614 2743 2720 2729 2234 2215
228 1558 1337 1617 2743 2727 2737 2237 2223
229 1560 1337 1614 2735 2721 2739 2235 2217
230 1559 1337 1617 2745 2720 2733 2237 2234
231 1564 1337 1617 2743 2723 2736 2239 2217
232 1563 1342 1618 2740 2725 2736 2234 2220
233 1555 1335 1616 2734 2725 2732 2238 2220
234 1563 1337 1615 2744 2716 2733 2235 2220
235 1562 1341 1619 2743 2721 2732 2241 2234
236 1562 1339 1610 2753 2719 2735 2238 2217
237 1559 1340 1618 2737 2729 2740 2231 2216
238 1563 1340 1613 2741 2719 2737 2238 2223
239 1555 1339 1617 2739 2718 2741 2238 2219
240 1557 1337 1617 2739 2726 2739 2242 2235
241 1561 1333 1617 2744 2721 2739 2236 2220
242 1555 1338 1612 2745 2719 2736 2239 2219
243 1566 1341 1619 2746 2724 2736 2238 2222
244 1552 1333 1619 2737 2720 2737 2239 2218
245 1559 1342 1612 2740 2723 2735 2243 2233
246 1558 1337 1618 2737 2727 2737 2235 2218
247 1572 1335 1609 2743 2724 2730 2238 2216
248 1561 1337 1609 2741 2724 2734 2236 2222
249 1563 1340 1615 2745 2726 2736 2241 2220
250 1554 1337 1610 2745 2726 2740 2236 2233
251 1559 1337 1619 2740 2725 2737 2236 2216
252 1563 1333 1618 2737 2727 2738 2239 2218
253 1557 1337 1612 2743 2726 2732 2237 2221
254 1557 1343 1617 2740 2726 2740 2242 2220
255 1562 1337 1607 2741 2723 2739 2231 2231
256 1572 1337 1617 2741 2724 2737 2236 2216
257 1560 1336 1606 2743 2727 2735 2235 2219
258 1560 1342 1616 2748 2723 2733 2238 2221
259 1560 1341 1615 2735 2725 2735 2239 2221
260 1564 1341 1611 2749 2722 2742 2233 2235
261 1563 1339 1610 2744 2725 2733 2238 2219
262 1562 1338 1614 2739 2726 2727 2232 2217
263 1562 1340 1618 2739 2717 2738 2242 2223
264 1561 1336 1614 2741 2724 2735 2234 2220
265 1562 1337 1615 2745 2725 2741 2239 2237
266 1564 1337 1615 2739 2726 2731 2236 2215
267 1558 1340 1613 2741 2730 2737 2241 2218
268 1559 1343 1607 2744 2729 2732 2239 2219
269 1561 1338 1612 2742 2726 2735 2238 2219
270 1573 1338 1613 2748 2729 2736 2237 2230
271 1556 1333 1615 2748 2719 2734 2236 2217
272 1564 1335 1616 2743 2720 2738 2240 2214
273 1559 1337 1616 2736 2717 2737 2238 2222
274 1565 1341 1615 2737 2724 2726 2233 2217
275 1572 1340 1619 2737 2722 2737 2238 2234
276 1562 1338 1615 2750 2726 2734 2235 2217
277 1557 1341 1608 2747 2719 2743 2241 2219
278 1569 1335 1616 2741 2723 2734 2233 2221
279 1564 1336 1609 2743 2723 2733 2237 2215
280 1566 1342 1610 2742 2720 2737 2235 2233
281 1560 1334 1614 2745 2718 2733 2240 2220
282 1566 1338 1610 2739 2720 2736 2238 2218
283 1557 1338 1618 2740 2728 2742 2234 2223
284 1560 1340 1611 2740 2720 2732 2235 2217
285 1559 1340 1617 2741 2726 2736 2237 2235
286 1562 1339 1618 2745 2723 2739 2242 2218
287 1562 1337 1617 2747 2720 2738 2235 2218
288 1554 1337 1616 2743 2720 2732 2236 2219
289 1564 1334 1617 2738 2721 2733 2237 2220
290 1555 1344 1615 2740 2729 2731 2239 2230
291 1564 1337 1615 2740 2722 2732 2242 2216
292 1562 1341 1619 2750 2723 2741 2230 2215
293 1555 1338 1613 2739 2724 2731 2237 2219
294 1557 1339 1610 2738 2722 2732 2235 2214
295 1559 1340 1615 2747 2723 2734 2242 2231
296 1554 1333 1610 2746 2718 2739 2240 2217
297 1564 1338 1616 2746 2726 2735 2239 2216
298 1557 1339 1618 2741 2721 2736 2240 2222
299 1555 1339 1617 2745 2729 2735 2235 2219
300 1559 1336 1612 2736 2718 2736 2243 2235
301 1563 1339 1609 2739 2724 2736 2232 2215
302 1559 1339 1611 2748 2719 2734 2239 2223
303 1568 1340 1617 2745 2725 2737 2234 2224
304 1567 1338 1608 2741 2731 2739 2238 2229
305 1568 1341 1610 2735 2725 2742 2229 2245
306 1562 1338 1607 2746 2726 2731 2223 2218
307 1570 1337 1615 2736 2726 2742 2228 2197
308 1570 1340 1623 2740 2719 2738 2231 2193
309 1565 1341 1620 2738 2723 2729 2241 2214
310 1565 1345 1620 2739 2720 2735 2234 2239
311 1561 1340 1609 2741 2725 2739 2231 2216
312 1557 1336 1613 2742 2724 2735 2228 2203
313 1553 1339 1608 2734 2727 2737 2226 2206
314 1556 1340 1612 2744 2725 2740 2231 2221
315 1548 1331 1616 2752 2728 2733 2230 2246
316 1563 1335 1618 2736 2725 2737 2235 2222
317 1564 1329 1604 2744 2728 2736 2227 2222
318 1558 1333 1620 2747 2723 2736 2230 2224
319 1560 1335 1615 2748 2725 2736 2228 2230
320 1555 1342 1622 2742 2728 2747 2224 2238
321 1564 1336 1614 2744 2730 2740 2227 2218
322 1550 1336 1617 2741 2722 2737 2224 2224
323 1557 1330 1614 2745 2730 2735 2230 2236
324 1562 1333 1619 2741 2729 2746 2220 2230
325 1570 1332 1615 2743 2728 2747 2219 2237
326 1573 1333 1608 2742 2722 2752 2216 2225
327 1564 1328 1612 2744 2731 2749 2219 2231
328 1567 1331 1610 2745 2731 2744 2213 2228
329 1567 1333 1616 2741 2727 2745 2206 2225
330 1572 1324 1611 2749 2724 2753 2206 2242
331 1572 1330 1615 2738 2728 2744 2205 2229
332 1574 1323 1617 2746 2726 2752 2210 2215
333 1580 1326 1611 2739 2729 2747 2197 2223
334 1575 1319 1611 2745 2727 2751 2185 2217
335 1573 1322 1603 2739 2730 2758 2181 2230
336 1577 1320 1608 2740 2726 2757 2180 2200
337 1561 1322 1606 2739 2722 2755 2184 2200
338 1567 1328 1616 2747 2725 2758 2174 2208
339 1556 1308 1623 2736 2729 2769 2158 2199
340 1543 1308 1624 2751 2734 2768 2137 2243
341 1506 1292 1603 2739 2730 2775 2155 2319
342 1504 1292 1596 2748 2733 2776 2152 2318
343 1516 1285 1601 2742 2733 2775 2125 2278
344 1516 1282 1609 2735 2728 2776 2097 2266
345 1514 1289 1608 2743 2738 2789 2099 2336
346 1525 1292 1616 2740 2720 2799 2105 2340
347 1525 1279 1622 2751 2741 2818 2102 2292
348 1528 1273 1636 2759 2729 2813 2112 2237
349 1526 1265 1635 2743 2758 2847 2111 2253
350 1509 1271 1643 2745 2735 2838 2115 2321
351 1492 1279 1636 2757 2709 2844 2148 2297
352 1483 1299 1631 2718 2747 2873 2187 2178
353 1486 1337 1619 2752 2732 2803 2232 2009
354 1486 1373 1631 2749 2739 2799 2286 1904
355 1492 1396 1631 2740 2740 2835 2343 1980
356 1485 1389 1641 2751 2748 2823 2361 2051
357 1488 1356 1641 2745 2730 2806 2375 2025
358 1492 1334 1633 2746 2730 2820 2403 2021
359 1471 1281 1622 2743 2754 2833 2380 2165
360 1453 1276 1592 2740 2753 2813 2270 2317
361 1447 1256 1581 2745 2757 2833 2148 2361
362 1445 1255 1609 2744 2739 2835 2107 2391
363 1435 1269 1618 2748 2746 2831 2105 2470
364 1428 1293 1616 2754 2751 2832 2140 2580
365 1438 1284 1601 2760 2746 2815 2152 2680
366 1458 1288 1593 2729 2757 2829 2098 2685
367 1467 1279 1604 2741 2759 2839 2058 2739
368 1494 1274 1613 2747 2755 2830 2037 2848
369 1511 1264 1613 2745 2764 2853 2027 2940
370 1561 1244 1596 2737 2736 2827 1957 2937
371 1610 1212 1575 2763 2738 2864 1923 2705
372 1662 1239 1578 2744 2735 2857 1972 2448
373 1685 1261 1597 2744 2718 2846 2061 2398
374 1694 1321 1618 2762 2750 2840 2136 2367
375 1728 1331 1624 2751 2746 2829 2140 2251
376 1729 1371 1627 2737 2729 2853 2156 2117
377 1729 1375 1643 2754 2707 2830 2154 2181
378 1697 1387 1635 2739 2743 2852 2184 2234
379 1701 1394 1646 2730 2755 2840 2201 2108
380 1677 1397 1631 2733 2724 2802 2229 1969
381 1675 1401 1619 2749 2742 2847 2248 1832
382 1665 1408 1611 2743 2722 2831 2227 1860
383 1638 1403 1615 2734 2737 2855 2176 1927
384 1625 1406 1620 2747 2711 2811 2131 1933
385 1601 1404 1619 2749 2734 2824 2134 1963
386 1579 1398 1619 2739 2726 2811 2145 1986
387 1560 1399 1621 2740 2743 2836 2163 2088
388 1550 1386 1630 2751 2715 2825 2129 2185
389 1519 1364 1635 2745 2755 2836 2087 2221
390 1511 1368 1633 2736 2748 2833 2072 2262
391 1520 1352 1631 2740 2737 2848 2108 2352
392 1529 1352 1647 2765 2738 2823 2155 2351
393 1531 1366 1641 2763 2777 2843 2121 2292
394 1540 1349 1625 2746 2737 2826 2092 2261
395 1547 1345 1635 2737 2724 2839 2103 2209
396 1541 1346 1627 2755 2774 2833 2084 2210
397 1568 1338 1616 2731 2732 2851 2058 2271
398 1558 1313 1621 2744 2720 2847 2069 2311
399 1576 1297 1639 2761 2726 2859 2162 2304
400 1576 1273 1647 2766 2757 2874 2263 2318
401 1568 1265 1628 2738 2751 2857 2257 2315
402 1566 1246 1599 2751 2761 2849 2127 2338
403 1568 1223 1579 2733 2765 2875 2038 2292
404 1565 1230 1578 2751 2753 2841 2021 2216
405 1564 1267 1594 2734 2742 2836 2081 2230
406 1545 1284 1611 2744 2739 2854 2135 2308
407 1549 1301 1636 2750 2731 2862 2125 2295
408 1555 1317 1639 2733 2736 2863 2099 2203
409 1563 1297 1641 2752 2757 2835 2099 2123
410 1578 1308 1648 2748 2746 2824 2163 2145
411 1568 1317 1638 2739 2735 2843 2196 2225
412 1570 1323 1630 2744 2718 2825 2201 2292
413 1568 1334 1626 2747 2745 2831 2168 2255
414 1572 1353 1621 2743 2773 2852 2125 2173
415 1584 1367 1626 2752 2721 2807 2110 2159
416 1581 1376 1640 2746 2732 2826 2098 2151
417 1586 1398 1648 2744 2742 2809 2103 2198
418 1590 1407 1652 2733 2727 2808 2095 2176
419 1608 1410 1645 2747 2752 2824 2112 2139
420 1616 1420 1647 2746 2732 2812 2092 2147
421 1617 1427 1645 2744 2744 2826 2098 2132
422 1615 1437 1646 2739 2738 2803 2114 2161
423 1609 1436 1655 2739 2728 2805 2113 2178
424 1620 1429 1659 2746 2726 2808 2133 2193
425 1607 1405 1666 2744 2737 2814 2128 2202
426 1617 1396 1668 2759 2711 2800 2156 2163
427 1613 1391 1659 2760 2736 2806 2148 2186
428 1604 1382 1649 2742 2737 2813 2120 2193
429 1604 1370 1627 2758 2711 2785 2090 2185
430 1601 1361 1631 2748 2748 2809 2079 2172
431 1611 1356 1623 2743 2739 2805 2108 2104
432 1599 1358 1632 2748 2732 2795 2133 2082
433 1593 1348 1641 2746 2763 2804 2145 2104
434 1582 1338 1642 2750 2732 2806 2119 2079
435 1578 1323 1647 2740 2743 2795 2113 2071
436 1574 1315 1647 2736 2745 2802 2158 2057
437 1568 1307 1637 2738 2712 2770 2205 2122
438 1552 1313 1641 2748 2746 2788 2206 2179
439 1551 1308 1629 2754 2726 2777 2187 2189
440 1548 1313 1632 2748 2727 2776 2187 2168
441 1553 1313 1642 2750 2734 2782 2203 2161
442 1539 1329 1657 2747 2724 2772 2225 2246
443 1533 1342 1658 2749 2715 2765 2244 2350
444 1530 1358 1659 2747 2725 2775 2247 2413
445 1556 1375 1664 2737 2721 2764 2236 2401
446 1556 1391 1659 2735 2721 2768 2207 2301
447 1563 1418 1666 2743 2730 2764 2213 2263
448 1576 1430 1652 2734 2733 2767 2208 2281
449 1582 1445 1658 2743 2723 2765 2217 2296
450 1590 1447 1650 2749 2719 2764 2226 2290
451 1589 1456 1650 2736 2726 2767 2226 2257
452 1599 1453 1660 2741 2721 2761 2240 2262
453 1609 1451 1673 2744 2726 2766 2262 2210
454 1616 1436 1689 2744 2720 2758 2304 2159
455 1619 1432 1689 2741 2723 2766 2309 2167
456 1621 1421 1673 2736 2722 2762 2318 2160
457 1625 1410 1663 2741 2727 2769 2299 2152
458 1620 1408 1642 2746 2722 2768 2285 2125
459 1613 1398 1644 2745 2725 2766 2278 2117
460 1600 1381 1638 2747 2729 2774 2272 2148
461 1592 1369 1636 2739 2722 2766 2272 2164
462 1583 1353 1633 2746 2721 2769 2261 2163
463 1581 1335 1642 2744 2732 2772 2274 2144
464 1578 1319 1642 2747 2722 2765 2279 2143
465 1567 1307 1635 2738 2719 2769 2288 2157
466 1560 1298 1643 2752 2727 2772 2288 2137
467 1545 1293 1645 2751 2729 2779 2279 2119
468 1546 1289 1641 2754 2729 2775 2290 2094
469 1530 1290 1647 2753 2735 2773 2299 2102
470 1522 1289 1650 2743 2726 2775 2309 2137
471 1514 1282 1647 2745 2722 2769 2305 2142
472 1508 1288 1652 2751 2723 2774 2298 2168
473 1509 1284 1646 2743 2730 2772 2287 2175
474 1502 1284 1641 2748 2729 2764 2289 2213
475 1492 1288 1639 2747 2724 2767 2295 2266
476 1495 1296 1642 2735 2734 2777 2290 2292
477 1507 1304 1641 2746 2718 2765 2293 2332
478 1516 1312 1637 2745 2728 2768 2284 2365
479 1524 1322 1640 2748 2730 2770 2279 2384
480 1535 1332 1642 2749 2728 2770 2268 2395
481 1544 1348 1647 2742 2732 2767 2265 2378
482 1557 1364 1650 2737 2725 2762 2269 2380
483 1559 1369 1656 2742 2714 2762 2271 2371
484 1582 1378 1653 2746 2720 2763 2273 2360
485 1586 1386 1662 2742 2720 2766 2275 2345
486 1600 1380 1656 2738 2729 2767 2280 2299
487 1605 1393 1652 2743 2720 2769 2281 2276
488 1617 1389 1648 2737 2721 2759 2284 2240
489 1612 1384 1650 2735 2721 2768 2289 2221
490 1625 1377 1651 2736 2716 2760 2288 2212
491 1621 1376 1644 2739 2723 2762 2299 2187
492 1614 1375 1649 2735 2723 2764 2301 2181
493 1619 1367 1647 2739 2715 2765 2307 2159
494 1617 1362 1643 2739 2720 2760 2297 2144
495 1614 1355 1635 2738 2728 2763 2306 2140
496 1603 1354 1646 2736 2712 2752 2306 2122
497 1587 1364 1645 2747 2718 2762 2317 2141
498 1580 1350 1637 2749 2721 2765 2311 2140
499 1580 1356 1650 2736 2720 2755 2309 2146
500 1574 1359 1648 2742 2722 2762 2312 2160
501 1573 1358 1647 2741 2721 2762 2316 2158
502 1568 1352 1639 2740 2723 2765 2313 2171
503 1559 1353 1639 2743 2725 2754 2304 2173
504 1564 1353 1639 2743 2728 2754 2298 2174
505 1562 1343 1642 2741 2720 2757 2307 2165
506 1558 1352 1641 2749 2726 2753 2310 2160
507 1548 1350 1646 2742 2726 2762 2321 2192
508 1541 1344 1648 2743 2720 2753 2321 2216
509 1542 1351 1640 2741 2724 2756 2328 2242
510 1561 1345 1631 2741 2724 2749 2319 2247
511 1567 1339 1632 2744 2726 2752 2313 2208
512 1571 1338 1633 2733 2723 2753 2297 2199
513 1573 1341 1634 2744 2722 2748 2314 2201
514 1573 1340 1630 2739 2726 2750 2326 2226
515 1579 1336 1640 2737 2725 2746 2333 2238
516 1592 1351 1632 2738 2713 2722 2355 2202
517 1601 1349 1624 2742 2725 2745 2356 2207
518 1605 1361 1642 2738 2724 2742 2347 2170
519 1608 1366 1656 2745 2719 2728 2319 2116
520 1604 1370 1679 2745 2727 2734 2331 2105
521 1605 1375 1670 2745 2715 2727 2376 2132
522 1594 1384 1662 2741 2720 2728 2411 2216
523 1596 1384 1656 2746 2717 2727 2401 2211
524 1598 1383 1642 2738 2724 2730 2344 2157
525 1602 1385 1639 2744 2716 2730 2315 2127
526 1602 1375 1643 2740 2721 2724 2328 2141
527 1602 1376 1652 2742 2721 2730 2353 2181
528 1602 1359 1666 2733 2719 2739 2364 2202
529 1590 1384 1685 2735 2715 2737 2425 2311
530 1582 1356 1645 2741 2717 2720 2370 2411
531 1596 1368 1625 2745 2725 2737 2324 2242
532 1604 1368 1622 2735 2725 2720 2318 2034
533 1610 1371 1625 2739 2711 2727 2326 2021
534 1583 1386 1640 2743 2726 2741 2374 2230
535 1555 1385 1650 2745 2725 2725 2408 2376
536 1555 1382 1653 2741 2718 2726 2419 2296
537 1559 1361 1650 2735 2721 2735 2381 2169
538 1570 1358 1642 2744 2724 2733 2333 2106
539 1561 1344 1642 2737 2712 2712 2314 2159
540 1547 1331 1627 2744 2718 2722 2314 2216
541 1543 1332 1604 2738 2714 2721 2310 2228
542 1545 1320 1598 2738 2711 2720 2269 2183
543 1543 1325 1628 2733 2705 2716 2277 2119
544 1540 1310 1664 2749 2709 2723 2315 2157
545 1536 1303 1685 2743 2711 2708 2374 2271
546 1530 1301 1669 2743 2699 2711 2394 2313
547 1540 1307 1656 2736 2705 2723 2386 2256
548 1562 1313 1644 2752 2693 2707 2369 2162
549 1567 1335 1630 2746 2703 2704 2351 2153
550 1565 1349 1611 2733 2689 2703 2339 2230
551 1565 1360 1578 2748 2693 2675 2348 2194
552 1574 1360 1566 2742 2687 2699 2329 2058
553 1573 1346 1626 2749 2682 2691 2303 1951
554 1536 1379 1697 2729 2698 2696 2307 2257
555 1494 1352 1684 2733 2679 2685 2341 2589
556 1538 1340 1624 2734 2671 2681 2392 2370
557 1593 1330 1608 2735 2682 2690 2435 1868
558 1613 1342 1596 2738 2678 2690 2346 1751
559 1591 1353 1605 2731 2671 2678 2268 2114
560 1569 1350 1626 2737 2689 2680 2259 2408
561 1567 1341 1642 2735 2677 2684 2335 2280
562 1577 1315 1634 2736 2679 2689 2378 2057
563 1576 1317 1646 2722 2681 2693 2349 2050
564 1569 1329 1645 2729 2670 2678 2318 2187
565 1565 1344 1641 2725 2669 2688 2289 2245
566 1566 1357 1640 2736 2667 2687 2293 2154
567 1573 1359 1624 2734 2674 2657 2319 2059
568 1577 1350 1615 2723 2683 2664 2339 2077
569 1561 1344 1610 2723 2666 2678 2343 2161
570 1548 1338 1612 2739 2669 2679 2330 2223
571 1539 1334 1601 2735 2666 2691 2318 2201
572 1534 1326 1610 2732 2677 2684 2304 2197
573 1538 1309 1618 2735 2676 2675 2294 2196
574 1535 1306 1625 2729 2687 2691 2298 2221
575 1533 1306 1638 2734 2667 2674 2304 2251
576 1534 1297 1642 2725 2681 2686 2314 2249
577 1539 1297 1638 2733 2669 2674 2314 2250
578 1544 1293 1637 2738 2677 2676 2324 2235
579 1545 1299 1629 2724 2657 2690 2320 2246
580 1544 1311 1622 2732 2654 2677 2310 2235
581 1548 1314 1618 2731 2668 2676 2312 2219
582 1545 1313 1614 2742 2679 2679 2313 2253
583 1538 1319 1625 2742 2682 2687 2309 2271
584 1544 1321 1622 2722 2672 2690 2296 2268
585 1548 1314 1608 2735 2676 2677 2274 2255
586 1557 1314 1620 2731 2681 2671 2262 2229
587 1570 1308 1612 2734 2679 2683 2263 2229
588 1579 1340 1627 2732 2681 2678 2291 2169
589 1575 1326 1617 2735 2680 2687 2281 2210
590 1587 1332 1626 2723 2678 2691 2293 2191
591 1587 1323 1614 2732 2672 2697 2303 2158
592 1585 1330 1609 2731 2661 2688 2320 2153
593 1590 1328 1624 2737 2677 2672 2306 2137
594 1587 1327 1609 2735 2682 2694 2294 2137
595 1586 1328 1609 2735 2679 2687 2270 2128
596 1582 1327 1619 2747 2684 2686 2274 2103
597 1576 1328 1624 2736 2687 2699 2284 2111
598 1561 1321 1615 2738 2682 2696 2283 2123
599 1562 1325 1615 2725 2673 2685 2289 2152
600 1562 1317 1617 2732 2672 2685 2279 2155
601 1547 1319 1608 2735 2679 2702 2287 2140
602 1546 1317 1612 2728 2673 2695 2281 2160
603 1538 1311 1624 2736 2678 2706 2282 2182
604 1533 1324 1627 2740 2686 2698 2293 2187
605 1531 1322 1624 2738 2690 2694 2287 2221
606 1531 1321 1616 2735 2682 2693 2266 2208
607 1526 1323 1616 2733 2688 2692 2270 2221
608 1531 1315 1620 2736 2692 2704 2278 2243
609 1531 1311 1624 2738 2692 2698 2264 2257
610 1527 1309 1621 2732 2697 2702 2250 2247
611 1533 1311 1615 2742 2704 2697 2255 2238
612 1533 1309 1619 2726 2692 2713 2262 2254
613 1532 1315 1616 2740 2701 2712 2272 2270
614 1533 1313 1615 2740 2700 2713 2269 2280
615 1536 1311 1609 2732 2704 2717 2274 2287
616 1539 1315 1618 2730 2697 2708 2268 2268
617 1530 1307 1619 2735 2708 2713 2269 2272
618 1536 1319 1628 2732 2691 2717 2272 2275
619 1538 1319 1628 2732 2691 2707 2274 2298
620 1537 1323 1625 2735 2695 2707 2271 2295
621 1540 1311 1619 2741 2707 2705 2264 2261
622 1547 1316 1621 2738 2700 2704 2259 2268
623 1545 1329 1617 2739 2696 2712 2265 2284
624 1555 1326 1607 2737 2698 2705 2265 2313
625 1564 1325 1614 2736 2702 2714 2249 2294
626 1567 1329 1618 2733 2690 2711 2245 2244
627 1557 1328 1618 2736 2696 2703 2252 2281
628 1561 1329 1618 2739 2700 2706 2255 2293
629 1566 1326 1623 2737 2689 2711 2257 2270
630 1570 1342 1617 2737 2696 2714 2272 2241
631 1566 1349 1624 2741 2699 2707 2277 2252
632 1575 1356 1621 2739 2688 2706 2270 2272
633 1581 1351 1617 2737 2690 2709 2248 2223
634 1576 1353 1608 2733 2688 2703 2244 2194
635 1573 1349 1611 2739 2691 2698 2262 2202
636 1575 1356 1623 2730 2695 2703 2280 2215
637 1569 1351 1623 2738 2685 2698 2268 2216
638 1569 1348 1619 2727 2689 2696 2264 2188
639 1576 1343 1615 2723 2684 2692 2258 2186
640 1571 1341 1607 2733 2685 2693 2263 2198
641 1563 1338 1620 2737 2683 2678 2258 2190
642 1565 1332 1605 2738 2681 2694 2256 2190
643 1556 1324 1615 2733 2689 2691 2261 2181
644 1553 1332 1614 2731 2672 2679 2259 2203
645 1539 1317 1616 2732 2681 2687 2263 2221
646 1541 1320 1616 2722 2676 2681 2248 2213
647 1542 1319 1613 2730 2679 2674 2239 2223
648 1544 1317 1615 2730 2666 2681 2228 2218
649 1541 1313 1619 2734 2663 2668 2251 2241
650 1540 1328 1625 2734 2664 2684 2260 2235
651 1545 1334 1615 2731 2661 2666 2247 2210
652 1541 1341 1619 2726 2671 2690 2239 2225
653 1548 1337 1611 2742 2717 2731 2240 2195
654 1546 1335 1632 2737 2709 2721 2236 2201
655 1544 1336 1654 2736 2711 2718 2233 2250
656 1536 1338 1621 2742 2712 2711 2257 2291
657 1547 1328 1599 2733 2719 2731 2269 2274
658 1562 1327 1601 2745 2721 2733 2233 2200
659 1565 1333 1591 2742 2710 2722 2192 2216
660 1554 1325 1589 2717 2697 2715 2155 2248
661 1558 1326 1597 2741 2716 2732 2228 2251
662 1559 1325 1614 2738 2715 2731 2250 2240
663 1546 1331 1621 2737 2711 2726 2254 2256
664 1555 1332 1650 2746 2721 2727 2223 2288
665 1560 1340 1683 2742 2715 2728 2224 2327
666 1545 1327 1657 2738 2715 2724 2244 2333
667 1560 1334 1609 2747 2717 2729 2244 2257
668 1582 1332 1578 2742 2725 2730 2215 2145
669 1588 1339 1566 2735 2719 2729 2166 2151
670 1577 1341 1587 2737 2725 2728 2162 2219
671 1573 1351 1603 2749 2723 2736 2216 2238
672 1566 1348 1617 2746 2724 2726 2278 2224
673 1573 1341 1626 2745 2715 2731 2276 2214
674 1559 1344 1622 2743 2722 2733 2235 2234
675 1549 1339 1618 2744 2717 2737 2204 2226
676 1549 1336 1615 2740 2719 2725 2197 2207
677 1549 1335 1614 2744 2731 2727 2208 2225
678 1548 1332 1612 2742 2723 2736 2218 2237
679 1550 1335 1614 2742 2724 2730 2225 2252
680 1558 1336 1621 2744 2724 2735 2225 2248
681 1557 1334 1618 2745 2721 2729 2230 2227
682 1562 1338 1611 2741 2725 2730 2237 2231
683 1565 1342 1608 2745 2725 2741 2227 2207
684 1564 1338 1614 2742 2721 2738 2222 2215
685 1567 1333 1610 2745 2721 2735 2216 2211
686 1563 1341 1616 2739 2725 2734 2231 2212
687 1552 1343 1615 2743 2722 2731 2228 2225
688 1558 1343 1613 2743 2733 2731 2232 2222
689 1560 1342 1615 2741 2720 2730 2230 2225
690 1562 1335 1611 2747 2727 2732 2228 2220
691 1563 1342 1617 2738 2727 2739 2232 2209
692 1566 1333 1616 2744 2720 2730 2224 2223
693 1555 1337 1615 2748 2721 2733 2232 2221
694 1557 1337 1614 2742 2725 2733 2226 2235
695 1559 1336 1620 2743 2720 2733 2232 2233
696 1558 1338 1615 2736 2725 2733 2225 2220
697 1553 1335 1617 2744 2727 2741 2226 2224
698 1565 1332 1611 2742 2718 2727 2228 2220
699 1572 1335 1604 2747 2723 2738 2224 2230
700 1563 1338 1612 2745 2727 2741 2233 2233
701 1568 1337 1617 2739 2720 2729 2223 2220
702 1563 1341 1610 2741 2727 2733 2231 2228
703 1568 1338 1614 2743 2721 2734 2226 2213
704 1560 1340 1615 2750 2726 2739 2234 2229
705 1567 1340 1617 2748 2727 2731 2230 2226
706 1560 1339 1615 2747 2723 2740 2228 2213
707 1562 1345 1620 2744 2720 2745 2230 2222
708 1566 1340 1614 2741 2724 2735 2228 2212
709 1564 1334 1617 2744 2724 2740 2235 2227
710 1564 1340 1615 2739 2721 2729 2231 2228
711 1566 1338 1620 2754 2731 2735 2231 2213
712 1566 1340 1613 2745 2729 2740 2233 2224
713 1560 1342 1617 2738 2723 2737 2231 2218
714 1553 1336 1618 2749 2727 2733 2235 2231
715 1559 1338 1609 2740 2720 2732 2225 2227
716 1549 1337 1615 2740 2722 2731 2234 2218
717 1563 1339 1611 2746 2722 2737 2232 2223
718 1557 1340 1617 2738 2721 2733 2238 2220
719 1566 1343 1616 2745 2718 2739 2230 2230
720 1573 1340 1616 2738 2725 2732 2231 2227
721 1558 1340 1621 2743 2717 2741 2232 2217
722 1564 1338 1616 2746 2721 2735 2234 2228
723 1562 1338 1619 2739 2725 2735 2236 2217
724 1565 1340 1611 2741 2720 2733 2232 2229
725 1558 1342 1616 2745 2722 2739 2230 2225
726 1564 1341 1618 2741 2722 2743 2233 2216
727 1561 1336 1614 2737 2724 2740 2235 2224
728 1562 1338 1616 2743 2719 2741 2235 2218
729 1556 1337 1619 2742 2723 2738 2231 2230
730 1561 1329 1610 2752 2727 2736 2232 2229
731 1564 1333 1612 2745 2722 2733 2230 2217
732 1560 1331 1619 2738 2719 2739 2234 2232
733 1552 1325 1602 2742 2720 2736 2225 2248
734 1553 1320 1605 2745 2731 2733 2200 2275
735 1553 1324 1614 2741 2720 2735 2204 2224
736 1548 1322 1617 2750 2723 2735 2219 2222
737 1548 1335 1632 2741 2720 2734 2248 2273
738 1549 1342 1622 2749 2728 2729 2230 2275
739 1556 1347 1616 2745 2725 2741 2223 2248
740 1569 1341 1609 2737 2727 2738 2215 2218
741 1567 1345 1615 2747 2726 2733 2233 2221
742 1568 1346 1617 2743 2720 2733 2241 2237
743 1578 1345 1617 2742 2728 2736 2236 2224
744 1571 1344 1615 2742 2726 2735 2225 2218
745 1571 1347 1613 2742 2720 2741 2229 2211
746 1568 1345 1613 2744 2721 2736 2238 2207
747 1567 1347 1616 2744 2731 2737 2238 2227
748 1567 1341 1611 2742 2721 2733 2233 2205
749 1560 1339 1615 2739 2717 2725 2231 2212
750 1561 1338 1615 2746 2725 2738 2235 2214
751 1550 1338 1615 2745 2720 2731 2237 2216
752 1558 1338 1616 2752 2724 2739 2239 2232
753 1561 1337 1613 2744 2726 2733 2238 2219
754 1566 1336 1607 2742 2724 2735 2235 2229
755 1560 1335 1613 2749 2719 2734 2237 2228
756 1566 1330 1616 2744 2725 2736 2233 2220
757 1556 1338 1615 2747 2721 2733 2234 2226
758 1560 1333 1613 2738 2715 2741 2237 2221
759 1565 1340 1614 2740 2720 2740 2233 2228
760 1552 1338 1610 2748 2725 2737 2242 2229
761 1563 1339 1614 2744 2721 2737 2231 2215
762 1570 1338 1614 2747 2727 2736 2237 2225
763 1567 1339 1613 2743 2721 2738 2231 2215
764 1558 1337 1613 2744 2724 2734 2239 2229
765 1562 1341 1606 2746 2725 2741 2236 2221
766 1559 1342 1611 2743 2723 2734 2235 2215
767 1560 1337 1614 2741 2722 2736 2238 2222
768 1559 1337 1614 2746 2726 2734 2236 2213
769 1567 1339 1615 2743 2721 2740 2243 2230
770 1560 1341 1617 2745 2722 2730 2232 2225
771 1564 1339 1613 2742 2720 2733 2234 2213
772 1562 1343 1616 2743 2725 2734 2236 2225
773 1564 1340 1611 2739 2720 2736 2235 2214
774 1566 1340 1612 2736 2727 2734 2239 2232
775 1557 1337 1619 2747 2722 2731 2233 2224
776 1558 1336 1617 2741 2716 2740 2237 2217
777 1561 1340 1609 2738 2729 2737 2231 2223
778 1560 1341 1611 2741 2727 2742 2241 2217
779 1562 1338 1609 2745 2719 2735 2233 2228
780 1561 1331 1614 2747 2721 2731 2237 2226
781 1560 1341 1608 2748 2725 2735 2234 2212
782 1561 1340 1609 2740 2725 2736 2239 2225
783 1567 1337 1619 2740 2725 2745 2239 2214
784 1571 1338 1614 2736 2720 2735 2234 2230
785 1560 1336 1614 2744 2718 2731 2237 2223
786 1561 1333 1615 2737 2721 2740 2231 2215
787 1560 1341 1616 2742 2726 2740 2240 2225
788 1561 1333 1615 2749 2722 2734 2235 2217
789 1565 1338 1616 2740 2721 2729 2237 2231
790 1563 1339 1620 2749 2724 2734 2234 2221
791 1562 1339 1611 2740 2726 2741 2237 2214
792 1565 1339 1607 2735 2724 2743 2239 2222
793 1566 1339 1617 2740 2723 2733 2235 2217
794 1562 1339 1617 2744 2724 2737 2238 2229
795 1560 1337 1615 2731 2728 2731 2236 2224
796 1558 1337 1618 2745 2723 2734 2243 2216
797 1560 1340 1614 2744 2726 2737 2236 2221
798 1548 1345 1610 2748 2730 2742 2236 2217
799 1558 1340 1607 2742 2723 2739 2237 2227
800 1558 1339 1616 2746 2727 2739 2235 2225
801 1556 1335 1611 2738 2725 2737 2238 2213
802 1569 1339 1620 2731 2722 2739 2235 2225
803 1558 1338 1617 2744 2720 2736 2233 2216
804 1565 1343 1612 2741 2719 2736 2240 2231
805 1558 1330 1617 2740 2724 2734 2234 2220
806 1567 1340 1620 2743 2722 2735 2242 2215
807 1565 1340 1611 2744 2721 2734 2232 2221
808 1559 1340 1611 2742 2716 2735 2238 2216
809 1559 1335 1617 2743 2722 2738 2237 2231
810 1555 1339 1616 2748 2720 2739 2237 2222
811 1560 1330 1616 2744 2729 2733 2238 2217
812 1558 1330 1616 2749 2724 2735 2233 2224
813 1561 1342 1619 2738 2722 2741 2238 2218
814 1556 1337 1615 2747 2730 2734 2239 2232
815 1560 1338 1620 2751 2719 2739 2242 2225
816 1568 1336 1617 2749 2727 2732 2233 2216
817 1557 1335 1608 2747 2724 2735 2238 2225
818 1559 1338 1615 2744 2722 2740 2237 2218
819 1555 1344 1610 2745 2717 2737 2240 2231
820 1562 1340 1617 2746 2724 2740 2241 2223
821 1556 1336 1611 2740 2723 2732 2235 2214
822 1564 1339 1621 2740 2723 2737 2233 2222
823 1563 1339 1614 2739 2722 2735 2236 2217
824 1563 1335 1620 2742 2726 2735 2239 2227
825 1565 1340 1614 2726 2715 2724 2211 2207
826 1550 1343 1617 2743 2726 2740 2234 2213
827 1562 1340 1619 2742 2726 2727 2237 2225
828 1559 1340 1618 2742 2722 2739 2241 2216
829 1550 1338 1616 2748 2720 2732 2239 2230
830 1559 1330 1612 2740 2723 2736 2235 2224
831 1555 1336 1613 2742 2720 2727 2236 2214
832 1560 1340 1614 2742 2724 2733 2237 2226
833 1566 1330 1608 2742 2723 2736 2240 2216
834 1559 1339 1616 2748 2723 2734 2239 2230
835 1556 1344 1607 2750 2724 2734 2234 2223
836 1562 1342 1614 2737 2729 2741 2237 2214
837 1566 1340 1615 2742 2726 2736 2238 2224
838 1561 1340 1612 2743 2727 2734 2242 2217
839 1561 1338 1617 2742 2726 2741 2234 2230
840 1560 1337 1618 2740 2724 2731 2240 2223
841 1554 1331 1612 2739 2720 2737 2234 2217
842 1557 1343 1619 2746 2719 2734 2241 2225
843 1559 1341 1621 2749 2719 2730 2240 2219
844 1567 1339 1614 2739 2721 2720 2210 2221
845 1563 1340 1619 2749 2719 2741 2238 2224
846 1570 1338 1615 2739 2718 2735 2239 2216
847 1559 1336 1624 2747 2721 2739 2242 2221
848 1562 1335 1616 2747 2730 2733 2236 2218
849 1560 1342 1616 2741 2719 2736 2237 2229
850 1553 1343 1617 2750 2730 2735 2236 2222
851 1560 1337 1611 2746 2724 2730 2241 2216
852 1564 1339 1620 2747 2719 2738 2239 2223
853 1556 1339 1616 2747 2719 2731 2234 2217
854 1568 1339 1618 2745 2721 2731 2239 2230
855 1566 1338 1618 2739 2726 2736 2237 2222
856 1560 1340 1620 2746 2725 2732 2241 2215
857 1557 1337 1619 2745 2723 2737 2237 2222
858 1563 1338 1616 2741 2722 2737 2236 2220
859 1562 1337 1615 2746 2724 2736 2240 2234
860 1562 1340 1617 2748 2724 2736 2238 2224
861 1559 1340 1614 2742 2727 2742 2244 2219
862 1565 1342 1617 2743 2727 2727 2236 2224
863 1561 1336 1616 2740 2721 2735 2236 2215
864 1555 1334 1617 2742 2722 2732 2237 2232
865 1557 1341 1615 2742 2723 2738 2241 2223
866 1564 1339 1619 2743 2728 2731 2240 2215
867 1563 1339 1617 2745 2718 2734 2238 2227
868 1569 1341 1609 2738 2724 2741 2238 2218
869 1564 1339 1612 2745 2721 2733 2237 2231
870 1556 1339 1614 2738 2717 2732 2244 2224
871 1563 1338 1619 2749 2728 2741 2235 2216
872 1561 1329 1616 2735 2725 2731 2239 2227
873 1561 1339 1616 2743 2725 2732 2234 2217
874 1556 1338 1615 2746 2730 2731 2238 2232
875 1556 1335 1612 2745 2729 2736 2236 2217
876 1563 1342 1614 2744 2726 2732 2236 2218
877 1554 1328 1615 2742 2721 2737 2235 2221
878 1562 1337 1616 2744 2727 2736 2237 2217
879 1563 1340 1619 2737 2728 2742 2243 2231
880 1559 1336 1614 2739 2723 2736 2236 2222
881 1559 1340 1613 2745 2723 2731 2238 2218
882 1563 1338 1617 2740 2730 2732 2238 2226
883 1560 1339 1608 2744 2727 2731 2238 2221
884 1563 1330 1618 2738 2726 2741 2240 2229
885 1555 1341 1616 2744 2723 2738 2238 2222
886 1554 1335 1619 2742 2719 2733 2239 2218
887 1561 1336 1612 2745 2723 2738 2235 2222
888 1569 1341 1613 2750 2728 2737 2238 2217
889 1567 1333 1615 2745 2726 2730 2242 2233
890 1559 1337 1617 2741 2722 2738 2237 2223
891 1558 1336 1618 2741 2727 2738 2241 2219
892 1555 1336 1612 2743 2726 2732 2235 2223
893 1560 1340 1614 2748 2725 2731 2243 2217
894 1556 1334 1607 2749 2720 2737 2234 2229
895 1562 1338 1618 2747 2725 2738 2240 2222
896 1563 1342 1608 2741 2723 2738 2233 2215
897 1562 1335 1616 2745 2721 2734 2239 2225
898 1563 1334 1619 2740 2718 2734 2240 2217
899 1569 1339 1612 2742 2723 2736 2235 2233
900 1556 1339 1613 2747 2730 2737 2239 2218
901 1563 1338 1612 2745 2725 2730 2236 2216
902 1563 1340 1618 2744 2730 2737 2237 2221
903 1561 1333 1616 2745 2721 2736 2238 2218
904 1564 1334 1616 2738 2727 2738 2236 2232
905 1564 1342 1611 2745 2722 2730 2238 2222
906 1559 1336 1615 2748 2723 2732 2237 2214
907 1565 1340 1617 2750 2722 2743 2241 2225
908 1569 1338 1615 2740 2722 2732 2235 2214
909 1557 1337 1614 2744 2720 2731 2239 2231
910 1559 1340 1613 2740 2727 2737 2238 2222
911 1556 1335 1621 2744 2730 2735 2242 2216
912 1567 1339 1619 2742 2725 2732 2242 2224
913 1559 1338 1616 2741 2729 2734 2236 2218
914 1564 1340 1615 2748 2727 2742 2238 2234
915 1565 1341 1618 2741 2729 2741 2236 2221
916 1568 1339 1617 2744 2720 2732 2243 2216
917 1563 1331 1610 2743 2727 2736 2235 2220
918 1560 1339 1617 2740 2727 2730 2237 2219
919 1557 1341 1612 2740 2723 2739 2236 2233
920 1545 1336 1613 2747 2719 2737 2239 2224
921 1551 1335 1619 2745 2723 2736 2243 2217
922 1555 1336 1618 2738 2721 2733 2234 2222
923 1559 1342 1616 2745 2721 2733 2238 2220
924 1554 1341 1617 2743 2717 2734 2233 2232
925 1564 1340 1615 2742 2724 2739 2242 2222
926 1559 1340 1617 2745 2721 2732 2236 2216
927 1563 1332 1619 2748 2727 2739 2236 2225
928 1562 1331 1617 2745 2721 2738 2239 2218
929 1564 1339 1620 2742 2723 2742 2240 2234
930 1561 1338 1611 2738 2725 2736 2241 2217
931 1558 1338 1610 2740 2721 2730 2235 2217
932 1558 1342 1612 2747 2727 2737 2239 2223
933 1551 1338 1606 2746 2723 2734 2237 2219
934 1561 1339 1610 2738 2721 2735 2241 2233
935 1560 1338 1617 2746 2724 2740 2240 2221
936 1561 1337 1610 2749 2727 2735 2236 2219
937 1559 1341 1615 2747 2726 2736 2236 2223
938 1559 1340 1616 2740 2727 2735 2240 2221
939 1551 1341 1617 2745 2729 2734 2240 2231
940 1563 1333 1616 2745 2728 2736 2235 2223
941 1556 1339 1619 2735 2721 2736 2237 2216
942 1567 1339 1617 2739 2729 2741 2239 2225
943 1563 1341 1611 2743 2718 2730 2236 2217
944 1556 1339 1618 2746 2724 2733 2241 2233
945 1554 1342 1619 2742 2725 2735 2233 2217
946 1557 1332 1617 2740 2720 2738 2239 2218
947 1556 1336 1618 2745 2721 2737 2239 2225
948 1558 1338 1617 2743 2727 2735 2243 2219
949 1555 1337 1617 2739 2718 2739 2237 2232
950 1553 1334 1617 2741 2728 2728 2238 2221
951 1558 1339 1618 2746 2721 2734 2237 2213
952 1550 1331 1609 2744 2721 2734 2238 2223
953 1565 1339 1612 2749 2724 2737 2239 2215
954 1552 1334 1609 2746 2722 2731 2235 2231
955 1562 1338 1618 2738 2721 2738 2235 2217
956 1567 1338 1606 2746 2725 2734 2240 2218
957 1569 1334 1617 2748 2726 2737 2240 2222
958 1555 1341 1613 2751 2728 2740 2240 2218
959 1551 1342 1616 2742 2730 2743 2233 2234
960 1571 1340 1614 2744 2725 2736 2239 2222
961 1563 1341 1617 2742 2728 2743 2237 2213
962 1564 1338 1618 2744 2723 2742 2245 2223
963 1567 1337 1612 2738 2727 2742 2234 2217
964 1565 1334 1614 2745 2720 2737 2239 2235
965 1570 1340 1616 2745 2718 2739 2237 2219
966 1564 1329 1612 2737 2718 2732 2241 2218
967 1560 1337 1610 2747 2725 2734 2240 2220
968 1560 1344 1618 2750 2728 2737 2235 2219
969 1556 1338 1612 2745 2724 2729 2240 2234
970 1549 1341 1617 2749 2718 2739 2238 2219
971 1556 1341 1617 2739 2726 2736 2243 2218
972 1547 1339 1615 2741 2731 2736 2237 2223
973 1559 1344 1615 2743 2715 2731 2236 2216
974 1565 1339 1612 2738 2720 2737 2237 2234
975 1562 1340 1619 2737 2721 2734 2239 2220
976 1560 1340 1615 2748 2722 2738 2242 2216
977 1555 1343 1617 2743 2720 2738 2237 2224
978 1555 1338 1616 2746 2722 2739 2238 2216
979 1556 1339 1607 2747 2720 2737 2237 2236
980 1554 1339 1616 2742 2721 2737 2238 2217
981 1560 1342 1615 2740 2724 2734 2241 2216
982 1558 1340 1614 2739 2720 2730 2233 2222
983 1556 1343 1615 2741 2728 2738 2239 2221
984 1554 1344 1615 2740 2724 2733 2235 2233
985 1558 1341 1616 2743 2715 2735 2243 2219
986 1556 1335 1614 2744 2723 2731 2237 2215
987 1559 1338 1613 2740 2717 2733 2238 2226
988 1554 1340 1613 2742 2729 2733 2237 2220
989 1553 1340 1615 2737 2726 2739 2237 2235
990 1565 1340 1615 2745 2719 2735 2242 2220
991 1558 1339 1604 2741 2723 2735 2235 2218
992 1565 1340 1618 2750 2732 2736 2240 2223
993 1565 1341 1615 2737 2727 2732 2237 2218
994 1558 1340 1614 2746 2726 2738 2242 2228
995 1561 1342 1617 2745 2728 2740 2238 2220
996 1560 1343 1614 2748 2726 2737 2236 2215
997 1557 1337 1618 2745 2727 2736 2236 2223
998 1560 1340 1611 2746 2727 2735 2238 2221
999 1554 1335 1611 2747 2722 2731 2242 2234
1000 1556 1331 1614 2746 2724 2736 2237 2221
1001 1558 1337 1612 2752 2723 2736 2236 2218
1002 1562 1333 1614 2747 2718 2740 2237 2223
1003 1556 1336 1614 2742 2721 2734 2241 2218
1004 1564 1339 1610 2743 2722 2736 2241 2236
1005 1564 1335 1613 2748 2728 2739 2234 2219
1006 1555 1329 1613 2735 2725 2739 2239 2218
1007 1561 1332 1608 2745 2729 2738 2235 2224
1008 1558 1339 1616 2750 2723 2741 2240 2218
1009 1561 1338 1616 2737 2719 2738 2235 2235
1010 1568 1341 1617 2741 2726 2738 2237 2220
1011 1560 1339 1615 2745 2715 2738 2238 2218
1012 1563 1337 1616 2742 2728 2734 2237 2221
1013 1562 1340 1615 2738 2722 2730 2242 2219
1014 1556 1335 1610 2744 2728 2741 2235 2234
1015 1561 1338 1618 2747 2720 2731 2239 2220
1016 1568 1331 1617 2743 2727 2732 2232 2216
1017 1571 1334 1615 2748 2718 2738 2244 2222
1018 1557 1336 1619 2739 2721 2738 2236 2216
1019 1556 1343 1619 2748 2717 2727 2213 2204
1020 1548 1341 1621 2737 2713 2732 2212 2192
1021 1552 1342 1616 2741 2690 2716 2205 2183
1022 1556 1334 1618 2717 2701 2725 2217 2206
1023 1562 1335 1620 2739 2708 2708 2213 2215
